id	fasta	contig	start	length
hprc4_L100000_0	HG00438.1	HG00438#1#JAHBCB010000028.1	17729345	100000
hprc4_L100000_1	HG00621.1	HG00621#1#JAHBCD010000104.1	11017901	100000
hprc4_L100000_2	HG00438.2	HG00438#2#JAHBCA010000055.1	12044965	100000
hprc4_L100000_3	HG00621.1	HG00621#1#JAHBCD010000001.1	4373532	100000
hprc4_L100000_4	HG00438.2	HG00438#2#JAHBCA010000089.1	2087566	100000
hprc4_L100000_5	HG00438.1	HG00438#1#JAHBCB010000015.1	48496681	100000
hprc4_L100000_6	HG00438.1	HG00438#1#JAHBCB010000042.1	13055649	100000
hprc4_L100000_7	HG00621.1	HG00621#1#JAHBCD010000009.1	48767719	100000
hprc4_L100000_8	HG00438.2	HG00438#2#JAHBCA010000077.1	3261827	100000
hprc4_L100000_9	HG00438.1	HG00438#1#JAHBCB010000015.1	34612383	100000
hprc4_L100000_10	HG00438.2	HG00438#2#JAHBCA010000084.1	10818491	100000
hprc4_L100000_11	HG00438.1	HG00438#1#JAHBCB010000022.1	61936341	100000
hprc4_L100000_12	HG00438.2	HG00438#2#JAHBCA010000003.1	65554269	100000
hprc4_L100000_13	HG00438.1	HG00438#1#JAHBCB010000109.1	1349433	100000
hprc4_L100000_14	HG00438.2	HG00438#2#JAHBCA010000035.1	31540996	100000
hprc4_L100000_15	HG00438.2	HG00438#2#JAHBCA010000137.1	720644	100000
hprc4_L100000_16	HG00438.1	HG00438#1#JAHBCB010000099.1	3003903	100000
hprc4_L100000_17	HG00621.1	HG00621#1#JAHBCD010000005.1	13955605	100000
hprc4_L100000_18	HG00621.1	HG00621#1#JAHBCD010000028.1	38000258	100000
hprc4_L100000_19	HG00621.2	HG00621#2#JAHBCC010000051.1	30577234	100000
hprc4_L100000_20	HG00438.2	HG00438#2#JAHBCA010000020.1	30223698	100000
hprc4_L100000_21	HG00621.1	HG00621#1#JAHBCD010000010.1	100986241	100000
hprc4_L100000_22	HG00438.1	HG00438#1#JAHBCB010000072.1	10630981	100000
hprc4_L100000_23	HG00438.2	HG00438#2#JAHBCA010000005.1	39858266	100000
hprc4_L100000_24	HG00621.1	HG00621#1#JAHBCD010000047.1	85803965	100000
hprc4_L100000_25	HG00621.2	HG00621#2#JAHBCC010000056.1	17742485	100000
hprc4_L100000_26	HG00621.2	HG00621#2#JAHBCC010000067.1	24870122	100000
hprc4_L100000_27	HG00621.2	HG00621#2#JAHBCC010000033.1	46076320	100000
hprc4_L100000_28	HG00621.2	HG00621#2#JAHBCC010000014.1	82304364	100000
hprc4_L100000_29	HG00621.1	HG00621#1#JAHBCD010000001.1	9052627	100000
hprc4_L100000_30	HG00438.2	HG00438#2#JAHBCA010000036.1	9241549	100000
hprc4_L100000_31	HG00438.2	HG00438#2#JAHBCA010000024.1	102673	100000
hprc4_L100000_32	HG00621.2	HG00621#2#JAHBCC010000039.1	33328038	100000
hprc4_L100000_33	HG00438.1	HG00438#1#JAHBCB010000021.1	29817178	100000
hprc4_L100000_34	HG00621.1	HG00621#1#JAHBCD010000092.1	5015142	100000
hprc4_L100000_35	HG00621.2	HG00621#2#JAHBCC010000076.1	36715072	100000
hprc4_L100000_36	HG00438.2	HG00438#2#JAHBCA010000035.1	16900196	100000
hprc4_L100000_37	HG00621.1	HG00621#1#JAHBCD010000010.1	80869572	100000
hprc4_L100000_38	HG00621.1	HG00621#1#JAHBCD010000028.1	6978574	100000
hprc4_L100000_39	HG00621.1	HG00621#1#JAHBCD010000013.1	20723021	100000
hprc4_L100000_40	HG00438.1	HG00438#1#JAHBCB010000057.1	42917390	100000
hprc4_L100000_41	HG00438.1	HG00438#1#JAHBCB010000068.1	5619661	100000
hprc4_L100000_42	HG00621.2	HG00621#2#JAHBCC010000033.1	13140361	100000
hprc4_L100000_43	HG00438.2	HG00438#2#JAHBCA010000068.1	2861927	100000
hprc4_L100000_44	HG00438.1	HG00438#1#JAHBCB010000019.1	1480147	100000
hprc4_L100000_45	HG00621.1	HG00621#1#JAHBCD010000037.1	30106417	100000
hprc4_L100000_46	HG00621.2	HG00621#2#JAHBCC010000020.1	4602900	100000
hprc4_L100000_47	HG00438.1	HG00438#1#JAHBCB010000019.1	88028154	100000
hprc4_L100000_48	HG00438.2	HG00438#2#JAHBCA010000019.1	21292644	100000
hprc4_L100000_49	HG00621.2	HG00621#2#JAHBCC010000045.1	41646704	100000
hprc4_L100000_50	HG00438.1	HG00438#1#JAHBCB010000014.1	1255270	100000
hprc4_L100000_51	HG00621.2	HG00621#2#JAHBCC010000019.1	18637107	100000
hprc4_L100000_52	HG00438.1	HG00438#1#JAHBCB010000003.1	80667079	100000
hprc4_L100000_53	HG00438.1	HG00438#1#JAHBCB010000018.1	26917412	100000
hprc4_L100000_54	HG00621.2	HG00621#2#JAHBCC010000045.1	38310825	100000
hprc4_L100000_55	HG00621.2	HG00621#2#JAHBCC010000006.1	13485601	100000
hprc4_L100000_56	HG00621.1	HG00621#1#JAHBCD010000102.1	2332940	100000
hprc4_L100000_57	HG00438.2	HG00438#2#JAHBCA010000005.1	58318221	100000
hprc4_L100000_58	HG00438.1	HG00438#1#JAHBCB010000036.1	20716680	100000
hprc4_L100000_59	HG00438.2	HG00438#2#JAHBCA010000002.1	31574432	100000
hprc4_L100000_60	HG00621.2	HG00621#2#JAHBCC010000053.1	11753882	100000
hprc4_L100000_61	HG00438.1	HG00438#1#JAHBCB010000019.1	28493296	100000
hprc4_L100000_62	HG00438.2	HG00438#2#JAHBCA010000016.1	27046789	100000
hprc4_L100000_63	HG00621.1	HG00621#1#JAHBCD010000050.1	53736445	100000
hprc4_L100000_64	HG00621.2	HG00621#2#JAHBCC010000031.1	49031954	100000
hprc4_L100000_65	HG00438.1	HG00438#1#JAHBCB010000008.1	78218021	100000
hprc4_L100000_66	HG00438.2	HG00438#2#JAHBCA010000020.1	11142905	100000
hprc4_L100000_67	HG00438.2	HG00438#2#JAHBCA010000042.1	19079534	100000
hprc4_L100000_68	HG00438.1	HG00438#1#JAHBCB010000001.1	13342258	100000
hprc4_L100000_69	HG00621.2	HG00621#2#JAHBCC010000115.1	236045	100000
hprc4_L100000_70	HG00621.2	HG00621#2#JAHBCC010000076.1	28807847	100000
hprc4_L100000_71	HG00621.1	HG00621#1#JAHBCD010000055.1	12045789	100000
hprc4_L100000_72	HG00621.2	HG00621#2#JAHBCC010000114.1	2149066	100000
hprc4_L100000_73	HG00621.2	HG00621#2#JAHBCC010000055.1	91702958	100000
hprc4_L100000_74	HG00621.1	HG00621#1#JAHBCD010000016.1	63494287	100000
hprc4_L100000_75	HG00438.2	HG00438#2#JAHBCA010000052.1	18533967	100000
hprc4_L100000_76	HG00438.2	HG00438#2#JAHBCA010000105.1	681	100000
hprc4_L100000_77	HG00621.1	HG00621#1#JAHBCD010000009.1	13167672	100000
hprc4_L100000_78	HG00438.2	HG00438#2#JAHBCA010000003.1	7540762	100000
hprc4_L100000_79	HG00621.2	HG00621#2#JAHBCC010000045.1	795604	100000
hprc4_L100000_80	HG00621.2	HG00621#2#JAHBCC010000014.1	14232515	100000
hprc4_L100000_81	HG00621.2	HG00621#2#JAHBCC010000039.1	32369441	100000
hprc4_L100000_82	HG00621.2	HG00621#2#JAHBCC010000078.1	14652704	100000
hprc4_L100000_83	HG00621.1	HG00621#1#JAHBCD010000064.1	51392088	100000
hprc4_L100000_84	HG00438.2	HG00438#2#JAHBCA010000003.1	13989488	100000
hprc4_L100000_85	HG00438.2	HG00438#2#JAHBCA010000031.1	14987663	100000
hprc4_L100000_86	HG00621.1	HG00621#1#JAHBCD010000064.1	56043478	100000
hprc4_L100000_87	HG00438.1	HG00438#1#JAHBCB010000042.1	19475905	100000
hprc4_L100000_88	HG00621.2	HG00621#2#JAHBCC010000017.1	7533017	100000
hprc4_L100000_89	HG00438.1	HG00438#1#JAHBCB010000085.1	23184179	100000
hprc4_L100000_90	HG00621.2	HG00621#2#JAHBCC010000033.1	23413431	100000
hprc4_L100000_91	HG00621.1	HG00621#1#JAHBCD010000010.1	19910987	100000
hprc4_L100000_92	HG00621.1	HG00621#1#JAHBCD010000001.1	67718210	100000
hprc4_L100000_93	HG00438.2	HG00438#2#JAHBCA010000013.1	21608	100000
hprc4_L100000_94	HG00438.2	HG00438#2#JAHBCA010000046.1	21563775	100000
hprc4_L100000_95	HG00438.1	HG00438#1#JAHBCB010000031.1	4325602	100000
hprc4_L100000_96	HG00438.2	HG00438#2#JAHBCA010000002.1	25725448	100000
hprc4_L100000_97	HG00621.2	HG00621#2#JAHBCC010000048.1	33851803	100000
hprc4_L100000_98	HG00621.2	HG00621#2#JAHBCC010000034.1	24833189	100000
hprc4_L100000_99	HG00438.1	HG00438#1#JAHBCB010000003.1	105619070	100000
hprc4_L100000_100	HG00438.2	HG00438#2#JAHBCA010000053.1	28161707	100000
hprc4_L100000_101	HG00621.2	HG00621#2#JAHBCC010000048.1	2822594	100000
hprc4_L100000_102	HG00438.2	HG00438#2#JAHBCA010000008.1	35886618	100000
hprc4_L100000_103	HG00438.2	HG00438#2#JAHBCA010000082.1	7813976	100000
hprc4_L100000_104	HG00621.2	HG00621#2#JAHBCC010000037.1	53591851	100000
hprc4_L100000_105	HG00438.1	HG00438#1#JAHBCB010000030.1	28649342	100000
hprc4_L100000_106	HG00621.1	HG00621#1#JAHBCD010000031.1	118812	100000
hprc4_L100000_107	HG00438.1	HG00438#1#JAHBCB010000074.1	29095407	100000
hprc4_L100000_108	HG00438.1	HG00438#1#JAHBCB010000037.1	55830723	100000
hprc4_L100000_109	HG00621.1	HG00621#1#JAHBCD010000009.1	51096200	100000
hprc4_L100000_110	HG00438.2	HG00438#2#JAHBCA010000003.1	19990568	100000
hprc4_L100000_111	HG00621.2	HG00621#2#JAHBCC010000022.1	54495801	100000
hprc4_L100000_112	HG00438.1	HG00438#1#JAHBCB010000042.1	40442114	100000
hprc4_L100000_113	HG00438.1	HG00438#1#JAHBCB010000001.1	40716183	100000
hprc4_L100000_114	HG00438.1	HG00438#1#JAHBCB010000038.1	237821	100000
hprc4_L100000_115	HG00621.1	HG00621#1#JAHBCD010000009.1	4279003	100000
hprc4_L100000_116	HG00621.1	HG00621#1#JAHBCD010000016.1	74219307	100000
hprc4_L100000_117	HG00438.1	HG00438#1#JAHBCB010000092.1	15308736	100000
hprc4_L100000_118	HG00438.2	HG00438#2#JAHBCA010000002.1	65668941	100000
hprc4_L100000_119	HG00621.2	HG00621#2#JAHBCC010000082.1	9510910	100000
hprc4_L100000_120	HG00621.1	HG00621#1#JAHBCD010000047.1	68109451	100000
hprc4_L100000_121	HG00621.2	HG00621#2#JAHBCC010000006.1	21212659	100000
hprc4_L100000_122	HG00438.2	HG00438#2#JAHBCA010000018.1	7698788	100000
hprc4_L100000_123	HG00438.1	HG00438#1#JAHBCB010000008.1	4308488	100000
hprc4_L100000_124	HG00621.2	HG00621#2#JAHBCC010000056.1	5826942	100000
hprc4_L100000_125	HG00438.2	HG00438#2#JAHBCA010000008.1	13231654	100000
hprc4_L100000_126	HG00621.1	HG00621#1#JAHBCD010000008.1	8156548	100000
hprc4_L100000_127	HG00621.1	HG00621#1#JAHBCD010000044.1	7235465	100000
hprc4_L100000_128	HG00438.1	HG00438#1#JAHBCB010000032.1	53228068	100000
hprc4_L100000_129	HG00621.1	HG00621#1#JAHBCD010000060.1	5143992	100000
hprc4_L100000_130	HG00621.2	HG00621#2#JAHBCC010000008.1	8400286	100000
hprc4_L100000_131	HG00621.1	HG00621#1#JAHBCD010000002.1	75413542	100000
hprc4_L100000_132	HG00621.1	HG00621#1#JAHBCD010000006.1	13246544	100000
hprc4_L100000_133	HG00438.1	HG00438#1#JAHBCB010000013.1	11039683	100000
hprc4_L100000_134	HG00621.2	HG00621#2#JAHBCC010000001.1	8786393	100000
hprc4_L100000_135	HG00438.1	HG00438#1#JAHBCB010000065.1	12787666	100000
hprc4_L100000_136	HG00438.2	HG00438#2#JAHBCA010000050.1	1502706	100000
hprc4_L100000_137	HG00621.2	HG00621#2#JAHBCC010000005.1	58299589	100000
hprc4_L100000_138	HG00438.2	HG00438#2#JAHBCA010000016.1	18530210	100000
hprc4_L100000_139	HG00438.2	HG00438#2#JAHBCA010000004.1	23310965	100000
hprc4_L100000_140	HG00438.1	HG00438#1#JAHBCB010000051.1	14121624	100000
hprc4_L100000_141	HG00621.1	HG00621#1#JAHBCD010000026.1	18120100	100000
hprc4_L100000_142	HG00621.2	HG00621#2#JAHBCC010000078.1	17029942	100000
hprc4_L100000_143	HG00438.2	HG00438#2#JAHBCA010000045.1	8660278	100000
hprc4_L100000_144	HG00621.2	HG00621#2#JAHBCC010000030.1	7924007	100000
hprc4_L100000_145	HG00438.1	HG00438#1#JAHBCB010000017.1	21658224	100000
hprc4_L100000_146	HG00621.2	HG00621#2#JAHBCC010000051.1	28719330	100000
hprc4_L100000_147	HG00438.2	HG00438#2#JAHBCA010000054.1	13380525	100000
hprc4_L100000_148	HG00438.2	HG00438#2#JAHBCA010000020.1	57082325	100000
hprc4_L100000_149	HG00438.1	HG00438#1#JAHBCB010000055.1	16511143	100000
hprc4_L100000_150	HG00438.2	HG00438#2#JAHBCA010000053.1	16880486	100000
hprc4_L100000_151	HG00621.1	HG00621#1#JAHBCD010000083.1	5885447	100000
hprc4_L100000_152	HG00438.1	HG00438#1#JAHBCB010000041.1	48187367	100000
hprc4_L100000_153	HG00621.1	HG00621#1#JAHBCD010000063.1	16329821	100000
hprc4_L100000_154	HG00438.1	HG00438#1#JAHBCB010000085.1	8008738	100000
hprc4_L100000_155	HG00438.2	HG00438#2#JAHBCA010000057.1	9863375	100000
hprc4_L100000_156	HG00438.1	HG00438#1#JAHBCB010000037.1	101206548	100000
hprc4_L100000_157	HG00438.2	HG00438#2#JAHBCA010000011.1	33572763	100000
hprc4_L100000_158	HG00438.1	HG00438#1#JAHBCB010000045.1	64168468	100000
hprc4_L100000_159	HG00621.1	HG00621#1#JAHBCD010000033.1	50869145	100000
hprc4_L100000_160	HG00621.1	HG00621#1#JAHBCD010000050.1	38829899	100000
hprc4_L100000_161	HG00621.1	HG00621#1#JAHBCD010000050.1	15552052	100000
hprc4_L100000_162	HG00438.2	HG00438#2#JAHBCA010000005.1	33538995	100000
hprc4_L100000_163	HG00438.2	HG00438#2#JAHBCA010000141.1	98530	100000
hprc4_L100000_164	HG00621.1	HG00621#1#JAHBCD010000019.1	23889333	100000
hprc4_L100000_165	HG00621.1	HG00621#1#JAHBCD010000031.1	36720548	100000
hprc4_L100000_166	HG00438.1	HG00438#1#JAHBCB010000050.1	25092423	100000
hprc4_L100000_167	HG00438.2	HG00438#2#JAHBCA010000006.1	12103847	100000
hprc4_L100000_168	HG00438.2	HG00438#2#JAHBCA010000073.1	9284010	100000
hprc4_L100000_169	HG00438.1	HG00438#1#JAHBCB010000042.1	23942747	100000
hprc4_L100000_170	HG00621.1	HG00621#1#JAHBCD010000047.1	21376772	100000
hprc4_L100000_171	HG00621.2	HG00621#2#JAHBCC010000076.1	6468507	100000
hprc4_L100000_172	HG00438.2	HG00438#2#JAHBCA010000005.1	81470398	100000
hprc4_L100000_173	HG00621.1	HG00621#1#JAHBCD010000024.1	12580713	100000
hprc4_L100000_174	HG00438.2	HG00438#2#JAHBCA010000046.1	82586550	100000
hprc4_L100000_175	HG00621.2	HG00621#2#JAHBCC010000033.1	83793776	100000
hprc4_L100000_176	HG00621.2	HG00621#2#JAHBCC010000022.1	10866655	100000
hprc4_L100000_177	HG00438.2	HG00438#2#JAHBCA010000002.1	132571828	100000
hprc4_L100000_178	HG00438.2	HG00438#2#JAHBCA010000011.1	39317421	100000
hprc4_L100000_179	HG00438.2	HG00438#2#JAHBCA010000052.1	5151799	100000
hprc4_L100000_180	HG00621.2	HG00621#2#JAHBCC010000037.1	29597818	100000
hprc4_L100000_181	HG00621.1	HG00621#1#JAHBCD010000064.1	16117	100000
hprc4_L100000_182	HG00621.1	HG00621#1#JAHBCD010000009.1	80880272	100000
hprc4_L100000_183	HG00438.1	HG00438#1#JAHBCB010000024.1	66403775	100000
hprc4_L100000_184	HG00438.1	HG00438#1#JAHBCB010000116.1	3124060	100000
hprc4_L100000_185	HG00438.1	HG00438#1#JAHBCB010000019.1	34936689	100000
hprc4_L100000_186	HG00621.2	HG00621#2#JAHBCC010000028.1	77854417	100000
hprc4_L100000_187	HG00438.1	HG00438#1#JAHBCB010000041.1	34616077	100000
hprc4_L100000_188	HG00438.1	HG00438#1#JAHBCB010000015.1	69427409	100000
hprc4_L100000_189	HG00438.2	HG00438#2#JAHBCA010000043.1	80398601	100000
hprc4_L100000_190	HG00621.2	HG00621#2#JAHBCC010000060.1	32760199	100000
hprc4_L100000_191	HG00621.1	HG00621#1#JAHBCD010000081.1	9742795	100000
hprc4_L100000_192	HG00438.1	HG00438#1#JAHBCB010000067.1	20144100	100000
hprc4_L100000_193	HG00621.1	HG00621#1#JAHBCD010000022.1	72423217	100000
hprc4_L100000_194	HG00438.2	HG00438#2#JAHBCA010000043.1	81089963	100000
hprc4_L100000_195	HG00438.2	HG00438#2#JAHBCA010000018.1	8767533	100000
hprc4_L100000_196	HG00621.2	HG00621#2#JAHBCC010000033.1	53255834	100000
hprc4_L100000_197	HG00621.1	HG00621#1#JAHBCD010000022.1	1250890	100000
hprc4_L100000_198	HG00621.1	HG00621#1#JAHBCD010000003.1	7749290	100000
hprc4_L100000_199	HG00621.2	HG00621#2#JAHBCC010000066.1	34501432	100000
hprc4_L100000_200	HG00621.2	HG00621#2#JAHBCC010000066.1	6396263	100000
hprc4_L100000_201	HG00438.2	HG00438#2#JAHBCA010000010.1	103251055	100000
hprc4_L100000_202	HG00438.1	HG00438#1#JAHBCB010000009.1	2300328	100000
hprc4_L100000_203	HG00438.2	HG00438#2#JAHBCA010000040.1	1885705	100000
hprc4_L100000_204	HG00621.2	HG00621#2#JAHBCC010000023.1	19561983	100000
hprc4_L100000_205	HG00438.2	HG00438#2#JAHBCA010000050.1	20522145	100000
hprc4_L100000_206	HG00438.1	HG00438#1#JAHBCB010000084.1	10483608	100000
hprc4_L100000_207	HG00621.1	HG00621#1#JAHBCD010000011.1	27919002	100000
hprc4_L100000_208	HG00438.1	HG00438#1#JAHBCB010000001.1	12988095	100000
hprc4_L100000_209	HG00438.1	HG00438#1#JAHBCB010000037.1	25770511	100000
hprc4_L100000_210	HG00438.2	HG00438#2#JAHBCA010000019.1	28101449	100000
hprc4_L100000_211	HG00621.1	HG00621#1#JAHBCD010000131.1	1408634	100000
hprc4_L100000_212	HG00621.1	HG00621#1#JAHBCD010000035.1	17642743	100000
hprc4_L100000_213	HG00621.1	HG00621#1#JAHBCD010000020.1	5143155	100000
hprc4_L100000_214	HG00438.1	HG00438#1#JAHBCB010000003.1	34984191	100000
hprc4_L100000_215	HG00438.1	HG00438#1#JAHBCB010000073.1	1424934	100000
hprc4_L100000_216	HG00438.2	HG00438#2#JAHBCA010000011.1	36975390	100000
hprc4_L100000_217	HG00621.2	HG00621#2#JAHBCC010000020.1	31782191	100000
hprc4_L100000_218	HG00621.1	HG00621#1#JAHBCD010000013.1	22321359	100000
hprc4_L100000_219	HG00438.1	HG00438#1#JAHBCB010000043.1	1380302	100000
hprc4_L100000_220	HG00621.1	HG00621#1#JAHBCD010000047.1	93913116	100000
hprc4_L100000_221	HG00438.1	HG00438#1#JAHBCB010000072.1	10959778	100000
hprc4_L100000_222	HG00438.1	HG00438#1#JAHBCB010000043.1	3886269	100000
hprc4_L100000_223	HG00621.1	HG00621#1#JAHBCD010000003.1	6824967	100000
hprc4_L100000_224	HG00621.1	HG00621#1#JAHBCD010000001.1	33628187	100000
hprc4_L100000_225	HG00438.2	HG00438#2#JAHBCA010000011.1	81160973	100000
hprc4_L100000_226	HG00621.2	HG00621#2#JAHBCC010000006.1	119640565	100000
hprc4_L100000_227	HG00438.2	HG00438#2#JAHBCA010000038.1	5702320	100000
hprc4_L100000_228	HG00438.1	HG00438#1#JAHBCB010000046.1	11868802	100000
hprc4_L100000_229	HG00621.2	HG00621#2#JAHBCC010000011.1	11231761	100000
hprc4_L100000_230	HG00438.2	HG00438#2#JAHBCA010000003.1	40547682	100000
hprc4_L100000_231	HG00438.1	HG00438#1#JAHBCB010000011.1	12564763	100000
hprc4_L100000_232	HG00438.1	HG00438#1#JAHBCB010000009.1	15347060	100000
hprc4_L100000_233	HG00621.2	HG00621#2#JAHBCC010000040.1	7211125	100000
hprc4_L100000_234	HG00438.1	HG00438#1#JAHBCB010000063.1	3841360	100000
hprc4_L100000_235	HG00621.2	HG00621#2#JAHBCC010000015.1	7603950	100000
hprc4_L100000_236	HG00621.1	HG00621#1#JAHBCD010000082.1	11704428	100000
hprc4_L100000_237	HG00621.1	HG00621#1#JAHBCD010000042.1	1920913	100000
hprc4_L100000_238	HG00438.2	HG00438#2#JAHBCA010000060.1	2533015	100000
hprc4_L100000_239	HG00438.1	HG00438#1#JAHBCB010000065.1	10556651	100000
hprc4_L100000_240	HG00438.2	HG00438#2#JAHBCA010000063.1	1435664	100000
hprc4_L100000_241	HG00438.1	HG00438#1#JAHBCB010000028.1	21538664	100000
hprc4_L100000_242	HG00438.2	HG00438#2#JAHBCA010000067.1	1241004	100000
hprc4_L100000_243	HG00438.2	HG00438#2#JAHBCA010000002.1	49693702	100000
hprc4_L100000_244	HG00438.1	HG00438#1#JAHBCB010000074.1	10609254	100000
hprc4_L100000_245	HG00438.2	HG00438#2#JAHBCA010000038.1	2394018	100000
hprc4_L100000_246	HG00438.2	HG00438#2#JAHBCA010000015.1	22769912	100000
hprc4_L100000_247	HG00621.1	HG00621#1#JAHBCD010000052.1	32607308	100000
hprc4_L100000_248	HG00621.2	HG00621#2#JAHBCC010000031.1	31959415	100000
hprc4_L100000_249	HG00621.2	HG00621#2#JAHBCC010000039.1	35304735	100000
hprc4_L100000_250	HG00438.2	HG00438#2#JAHBCA010000088.1	15132724	100000
hprc4_L100000_251	HG00621.2	HG00621#2#JAHBCC010000033.1	102813602	100000
hprc4_L100000_252	HG00438.2	HG00438#2#JAHBCA010000018.1	23577502	100000
hprc4_L100000_253	HG00621.1	HG00621#1#JAHBCD010000011.1	7420509	100000
hprc4_L100000_254	HG00621.2	HG00621#2#JAHBCC010000034.1	37828195	100000
hprc4_L100000_255	HG00438.1	HG00438#1#JAHBCB010000068.1	16909586	100000
hprc4_L100000_256	HG00438.2	HG00438#2#JAHBCA010000002.1	99908622	100000
hprc4_L100000_257	HG00621.2	HG00621#2#JAHBCC010000006.1	51934657	100000
hprc4_L100000_258	HG00621.1	HG00621#1#JAHBCD010000052.1	23442071	100000
hprc4_L100000_259	HG00621.2	HG00621#2#JAHBCC010000006.1	14993698	100000
hprc4_L100000_260	HG00438.1	HG00438#1#JAHBCB010000025.1	21121639	100000
hprc4_L100000_261	HG00621.2	HG00621#2#JAHBCC010000022.1	7703776	100000
hprc4_L100000_262	HG00621.2	HG00621#2#JAHBCC010000064.1	3634797	100000
hprc4_L100000_263	HG00438.2	HG00438#2#JAHBCA010000005.1	51055878	100000
hprc4_L100000_264	HG00438.1	HG00438#1#JAHBCB010000085.1	10516206	100000
hprc4_L100000_265	HG00438.1	HG00438#1#JAHBCB010000038.1	17578214	100000
hprc4_L100000_266	HG00438.2	HG00438#2#JAHBCA010000025.1	34649610	100000
hprc4_L100000_267	HG00621.1	HG00621#1#JAHBCD010000076.1	2574164	100000
hprc4_L100000_268	HG00438.1	HG00438#1#JAHBCB010000032.1	5921984	100000
hprc4_L100000_269	HG00621.1	HG00621#1#JAHBCD010000035.1	16529915	100000
hprc4_L100000_270	HG00438.2	HG00438#2#JAHBCA010000003.1	59425307	100000
hprc4_L100000_271	HG00438.2	HG00438#2#JAHBCA010000052.1	29824922	100000
hprc4_L100000_272	HG00438.1	HG00438#1#JAHBCB010000018.1	103732307	100000
hprc4_L100000_273	HG00438.1	HG00438#1#JAHBCB010000028.1	11487798	100000
hprc4_L100000_274	HG00438.1	HG00438#1#JAHBCB010000075.1	18144819	100000
hprc4_L100000_275	HG00438.2	HG00438#2#JAHBCA010000128.1	2170386	100000
hprc4_L100000_276	HG00438.2	HG00438#2#JAHBCA010000057.1	29262736	100000
hprc4_L100000_277	HG00438.1	HG00438#1#JAHBCB010000008.1	12743646	100000
hprc4_L100000_278	HG00621.1	HG00621#1#JAHBCD010000008.1	21923152	100000
hprc4_L100000_279	HG00438.2	HG00438#2#JAHBCA010000052.1	32897319	100000
hprc4_L100000_280	HG00621.2	HG00621#2#JAHBCC010000070.1	5872120	100000
hprc4_L100000_281	HG00438.2	HG00438#2#JAHBCA010000104.1	4145979	100000
hprc4_L100000_282	HG00438.2	HG00438#2#JAHBCA010000003.1	69704686	100000
hprc4_L100000_283	HG00438.2	HG00438#2#JAHBCA010000095.1	2413356	100000
hprc4_L100000_284	HG00621.2	HG00621#2#JAHBCC010000066.1	49297273	100000
hprc4_L100000_285	HG00621.1	HG00621#1#JAHBCD010000005.1	20476822	100000
hprc4_L100000_286	HG00438.2	HG00438#2#JAHBCA010000030.1	13445757	100000
hprc4_L100000_287	HG00621.1	HG00621#1#JAHBCD010000028.1	24817835	100000
hprc4_L100000_288	HG00438.1	HG00438#1#JAHBCB010000016.1	55168608	100000
hprc4_L100000_289	HG00438.1	HG00438#1#JAHBCB010000016.1	58836648	100000
hprc4_L100000_290	HG00438.1	HG00438#1#JAHBCB010000002.1	14096325	100000
hprc4_L100000_291	HG00621.2	HG00621#2#JAHBCC010000045.1	5340103	100000
hprc4_L100000_292	HG00438.1	HG00438#1#JAHBCB010000016.1	44285866	100000
hprc4_L100000_293	HG00438.2	HG00438#2#JAHBCA010000045.1	14315290	100000
hprc4_L100000_294	HG00438.2	HG00438#2#JAHBCA010000097.1	2659605	100000
hprc4_L100000_295	HG00621.1	HG00621#1#JAHBCD010000019.1	37727607	100000
hprc4_L100000_296	HG00438.1	HG00438#1#JAHBCB010000058.1	13534150	100000
hprc4_L100000_297	HG00621.1	HG00621#1#JAHBCD010000024.1	7054268	100000
hprc4_L100000_298	HG00438.1	HG00438#1#JAHBCB010000015.1	65607384	100000
hprc4_L100000_299	HG00621.2	HG00621#2#JAHBCC010000040.1	9043479	100000
hprc4_L100000_300	HG00621.1	HG00621#1#JAHBCD010000024.1	69613510	100000
hprc4_L100000_301	HG00438.2	HG00438#2#JAHBCA010000042.1	34710033	100000
hprc4_L100000_302	HG00621.2	HG00621#2#JAHBCC010000009.1	1206364	100000
hprc4_L100000_303	HG00621.2	HG00621#2#JAHBCC010000009.1	26195975	100000
hprc4_L100000_304	HG00438.2	HG00438#2#JAHBCA010000046.1	66580926	100000
hprc4_L100000_305	HG00438.2	HG00438#2#JAHBCA010000020.1	43596625	100000
hprc4_L100000_306	HG00621.2	HG00621#2#JAHBCC010000020.1	57974126	100000
hprc4_L100000_307	HG00438.1	HG00438#1#JAHBCB010000022.1	14098770	100000
hprc4_L100000_308	HG00438.2	HG00438#2#JAHBCA010000016.1	67224012	100000
hprc4_L100000_309	HG00621.2	HG00621#2#JAHBCC010000035.1	11469510	100000
hprc4_L100000_310	HG00621.2	HG00621#2#JAHBCC010000015.1	198457	100000
hprc4_L100000_311	HG00621.1	HG00621#1#JAHBCD010000008.1	24251181	100000
hprc4_L100000_312	HG00621.1	HG00621#1#JAHBCD010000006.1	24632525	100000
hprc4_L100000_313	HG00621.2	HG00621#2#JAHBCC010000028.1	83261019	100000
hprc4_L100000_314	HG00621.1	HG00621#1#JAHBCD010000014.1	39523573	100000
hprc4_L100000_315	HG00621.2	HG00621#2#JAHBCC010000045.1	8487031	100000
hprc4_L100000_316	HG00621.1	HG00621#1#JAHBCD010000016.1	33052164	100000
hprc4_L100000_317	HG00621.1	HG00621#1#JAHBCD010000015.1	552240	100000
hprc4_L100000_318	HG00621.2	HG00621#2#JAHBCC010000019.1	45671204	100000
hprc4_L100000_319	HG00438.2	HG00438#2#JAHBCA010000003.1	68747023	100000
hprc4_L100000_320	HG00438.1	HG00438#1#JAHBCB010000058.1	4262307	100000
hprc4_L100000_321	HG00438.2	HG00438#2#JAHBCA010000014.1	10736557	100000
hprc4_L100000_322	HG00438.1	HG00438#1#JAHBCB010000076.1	7989620	100000
hprc4_L100000_323	HG00621.2	HG00621#2#JAHBCC010000071.1	8876832	100000
hprc4_L100000_324	HG00621.1	HG00621#1#JAHBCD010000069.1	9284597	100000
hprc4_L100000_325	HG00621.2	HG00621#2#JAHBCC010000065.1	25155886	100000
hprc4_L100000_326	HG00621.1	HG00621#1#JAHBCD010000092.1	7568385	100000
hprc4_L100000_327	HG00621.1	HG00621#1#JAHBCD010000006.1	27890959	100000
hprc4_L100000_328	HG00438.2	HG00438#2#JAHBCA010000082.1	10172242	100000
hprc4_L100000_329	HG00621.1	HG00621#1#JAHBCD010000050.1	18015676	100000
hprc4_L100000_330	HG00621.1	HG00621#1#JAHBCD010000033.1	33438276	100000
hprc4_L100000_331	HG00438.2	HG00438#2#JAHBCA010000020.1	29340381	100000
hprc4_L100000_332	HG00621.2	HG00621#2#JAHBCC010000076.1	20279704	100000
hprc4_L100000_333	HG00438.2	HG00438#2#JAHBCA010000055.1	22021733	100000
hprc4_L100000_334	HG00438.1	HG00438#1#JAHBCB010000059.1	1395751	100000
hprc4_L100000_335	HG00621.1	HG00621#1#JAHBCD010000023.1	16469651	100000
hprc4_L100000_336	HG00438.1	HG00438#1#JAHBCB010000071.1	7594540	100000
hprc4_L100000_337	HG00621.2	HG00621#2#JAHBCC010000021.1	19450271	100000
hprc4_L100000_338	HG00621.2	HG00621#2#JAHBCC010000014.1	85446286	100000
hprc4_L100000_339	HG00438.1	HG00438#1#JAHBCB010000080.1	906558	100000
hprc4_L100000_340	HG00621.1	HG00621#1#JAHBCD010000019.1	14918625	100000
hprc4_L100000_341	HG00438.1	HG00438#1#JAHBCB010000045.1	64278493	100000
hprc4_L100000_342	HG00621.2	HG00621#2#JAHBCC010000054.1	33956928	100000
hprc4_L100000_343	HG00621.1	HG00621#1#JAHBCD010000021.1	35612583	100000
hprc4_L100000_344	HG00438.1	HG00438#1#JAHBCB010000031.1	28212628	100000
hprc4_L100000_345	HG00438.2	HG00438#2#JAHBCA010000008.1	94913443	100000
hprc4_L100000_346	HG00438.2	HG00438#2#JAHBCA010000059.1	4550789	100000
hprc4_L100000_347	HG00621.1	HG00621#1#JAHBCD010000033.1	32350000	100000
hprc4_L100000_348	HG00621.1	HG00621#1#JAHBCD010000064.1	49112907	100000
hprc4_L100000_349	HG00438.1	HG00438#1#JAHBCB010000004.1	57436130	100000
hprc4_L100000_350	HG00621.2	HG00621#2#JAHBCC010000020.1	44823225	100000
hprc4_L100000_351	HG00621.2	HG00621#2#JAHBCC010000041.1	24251628	100000
hprc4_L100000_352	HG00621.1	HG00621#1#JAHBCD010000022.1	62256372	100000
hprc4_L100000_353	HG00621.2	HG00621#2#JAHBCC010000032.1	23520610	100000
hprc4_L100000_354	HG00438.1	HG00438#1#JAHBCB010000019.1	78579215	100000
hprc4_L100000_355	HG00438.1	HG00438#1#JAHBCB010000051.1	6648012	100000
hprc4_L100000_356	HG00438.2	HG00438#2#JAHBCA010000018.1	7826379	100000
hprc4_L100000_357	HG00438.1	HG00438#1#JAHBCB010000031.1	25180509	100000
hprc4_L100000_358	HG00438.1	HG00438#1#JAHBCB010000037.1	50383826	100000
hprc4_L100000_359	HG00621.1	HG00621#1#JAHBCD010000047.1	40080499	100000
hprc4_L100000_360	HG00438.2	HG00438#2#JAHBCA010000035.1	49126323	100000
hprc4_L100000_361	HG00621.2	HG00621#2#JAHBCC010000028.1	47014420	100000
hprc4_L100000_362	HG00438.1	HG00438#1#JAHBCB010000071.1	5631590	100000
hprc4_L100000_363	HG00438.2	HG00438#2#JAHBCA010000003.1	16500751	100000
hprc4_L100000_364	HG00621.1	HG00621#1#JAHBCD010000055.1	21178011	100000
hprc4_L100000_365	HG00621.1	HG00621#1#JAHBCD010000042.1	14110221	100000
hprc4_L100000_366	HG00438.1	HG00438#1#JAHBCB010000090.1	1582306	100000
hprc4_L100000_367	HG00438.2	HG00438#2#JAHBCA010000084.1	3823709	100000
hprc4_L100000_368	HG00438.2	HG00438#2#JAHBCA010000001.1	11898776	100000
hprc4_L100000_369	HG00621.2	HG00621#2#JAHBCC010000045.1	55739267	100000
hprc4_L100000_370	HG00621.1	HG00621#1#JAHBCD010000124.1	1285530	100000
hprc4_L100000_371	HG00438.2	HG00438#2#JAHBCA010000082.1	15001622	100000
hprc4_L100000_372	HG00438.2	HG00438#2#JAHBCA010000005.1	63922195	100000
hprc4_L100000_373	HG00621.1	HG00621#1#JAHBCD010000005.1	26852097	100000
hprc4_L100000_374	HG00621.2	HG00621#2#JAHBCC010000015.1	21853831	100000
hprc4_L100000_375	HG00621.2	HG00621#2#JAHBCC010000026.1	17414072	100000
hprc4_L100000_376	HG00438.2	HG00438#2#JAHBCA010000046.1	16908092	100000
hprc4_L100000_377	HG00438.2	HG00438#2#JAHBCA010000002.1	96625679	100000
hprc4_L100000_378	HG00438.1	HG00438#1#JAHBCB010000027.1	2376098	100000
hprc4_L100000_379	HG00438.1	HG00438#1#JAHBCB010000015.1	1903663	100000
hprc4_L100000_380	HG00621.2	HG00621#2#JAHBCC010000054.1	12789080	100000
hprc4_L100000_381	HG00438.1	HG00438#1#JAHBCB010000037.1	21284123	100000
hprc4_L100000_382	HG00438.2	HG00438#2#JAHBCA010000088.1	6076166	100000
hprc4_L100000_383	HG00438.1	HG00438#1#JAHBCB010000075.1	12930631	100000
hprc4_L100000_384	HG00438.2	HG00438#2#JAHBCA010000087.1	9578250	100000
hprc4_L100000_385	HG00621.2	HG00621#2#JAHBCC010000022.1	33314812	100000
hprc4_L100000_386	HG00438.2	HG00438#2#JAHBCA010000124.1	920107	100000
hprc4_L100000_387	HG00621.1	HG00621#1#JAHBCD010000070.1	7837718	100000
hprc4_L100000_388	HG00621.1	HG00621#1#JAHBCD010000027.1	12675635	100000
hprc4_L100000_389	HG00621.1	HG00621#1#JAHBCD010000057.1	1590471	100000
hprc4_L100000_390	HG00438.1	HG00438#1#JAHBCB010000011.1	27066326	100000
hprc4_L100000_391	HG00621.1	HG00621#1#JAHBCD010000016.1	60880598	100000
hprc4_L100000_392	HG00438.2	HG00438#2#JAHBCA010000019.1	24568685	100000
hprc4_L100000_393	HG00621.2	HG00621#2#JAHBCC010000024.1	64276455	100000
hprc4_L100000_394	HG00438.2	HG00438#2#JAHBCA010000046.1	53554144	100000
hprc4_L100000_395	HG00621.1	HG00621#1#JAHBCD010000008.1	34653732	100000
hprc4_L100000_396	HG00621.1	HG00621#1#JAHBCD010000001.1	12418616	100000
hprc4_L100000_397	HG00621.2	HG00621#2#JAHBCC010000003.1	2364887	100000
hprc4_L100000_398	HG00621.1	HG00621#1#JAHBCD010000039.1	12086286	100000
hprc4_L100000_399	HG00621.2	HG00621#2#JAHBCC010000019.1	23566890	100000
hprc4_L100000_400	HG00621.1	HG00621#1#JAHBCD010000114.1	2575560	100000
hprc4_L100000_401	HG00438.2	HG00438#2#JAHBCA010000048.1	7902457	100000
hprc4_L100000_402	HG00621.2	HG00621#2#JAHBCC010000006.1	94127537	100000
hprc4_L100000_403	HG00438.1	HG00438#1#JAHBCB010000016.1	27366272	100000
hprc4_L100000_404	HG00438.2	HG00438#2#JAHBCA010000049.1	4053114	100000
hprc4_L100000_405	HG00438.1	HG00438#1#JAHBCB010000022.1	25236332	100000
hprc4_L100000_406	HG00621.1	HG00621#1#JAHBCD010000050.1	1187726	100000
hprc4_L100000_407	HG00438.1	HG00438#1#JAHBCB010000001.1	25806035	100000
hprc4_L100000_408	HG00438.1	HG00438#1#JAHBCB010000003.1	1150265	100000
hprc4_L100000_409	HG00621.1	HG00621#1#JAHBCD010000026.1	989350	100000
hprc4_L100000_410	HG00438.2	HG00438#2#JAHBCA010000063.1	7907026	100000
hprc4_L100000_411	HG00438.1	HG00438#1#JAHBCB010000013.1	9269423	100000
hprc4_L100000_412	HG00621.2	HG00621#2#JAHBCC010000074.1	3020873	100000
hprc4_L100000_413	HG00438.2	HG00438#2#JAHBCA010000055.1	2908729	100000
hprc4_L100000_414	HG00621.1	HG00621#1#JAHBCD010000064.1	49566985	100000
hprc4_L100000_415	HG00438.1	HG00438#1#JAHBCB010000020.1	13741372	100000
hprc4_L100000_416	HG00621.1	HG00621#1#JAHBCD010000010.1	99138572	100000
hprc4_L100000_417	HG00438.1	HG00438#1#JAHBCB010000008.1	31073190	100000
hprc4_L100000_418	HG00621.2	HG00621#2#JAHBCC010000087.1	16320404	100000
hprc4_L100000_419	HG00438.2	HG00438#2#JAHBCA010000008.1	55192464	100000
hprc4_L100000_420	HG00621.1	HG00621#1#JAHBCD010000014.1	56287469	100000
hprc4_L100000_421	HG00621.2	HG00621#2#JAHBCC010000028.1	59165199	100000
hprc4_L100000_422	HG00438.1	HG00438#1#JAHBCB010000153.1	31814	100000
hprc4_L100000_423	HG00621.2	HG00621#2#JAHBCC010000053.1	27664659	100000
hprc4_L100000_424	HG00438.2	HG00438#2#JAHBCA010000005.1	64269368	100000
hprc4_L100000_425	HG00621.1	HG00621#1#JAHBCD010000016.1	28629522	100000
hprc4_L100000_426	HG00438.2	HG00438#2#JAHBCA010000001.1	4860756	100000
hprc4_L100000_427	HG00621.1	HG00621#1#JAHBCD010000055.1	8390329	100000
hprc4_L100000_428	HG00438.2	HG00438#2#JAHBCA010000052.1	7601366	100000
hprc4_L100000_429	HG00438.1	HG00438#1#JAHBCB010000027.1	38244982	100000
hprc4_L100000_430	HG00621.1	HG00621#1#JAHBCD010000013.1	9985085	100000
hprc4_L100000_431	HG00621.1	HG00621#1#JAHBCD010000052.1	39488391	100000
hprc4_L100000_432	HG00438.1	HG00438#1#JAHBCB010000018.1	11194275	100000
hprc4_L100000_433	HG00621.2	HG00621#2#JAHBCC010000022.1	91640366	100000
hprc4_L100000_434	HG00621.2	HG00621#2#JAHBCC010000055.1	88934838	100000
hprc4_L100000_435	HG00621.2	HG00621#2#JAHBCC010000031.1	33768655	100000
hprc4_L100000_436	HG00438.1	HG00438#1#JAHBCB010000001.1	40705807	100000
hprc4_L100000_437	HG00621.2	HG00621#2#JAHBCC010000024.1	41635106	100000
hprc4_L100000_438	HG00621.2	HG00621#2#JAHBCC010000055.1	16154353	100000
hprc4_L100000_439	HG00621.1	HG00621#1#JAHBCD010000109.1	11361320	100000
hprc4_L100000_440	HG00621.2	HG00621#2#JAHBCC010000055.1	12536158	100000
hprc4_L100000_441	HG00621.1	HG00621#1#JAHBCD010000010.1	37203410	100000
hprc4_L100000_442	HG00438.1	HG00438#1#JAHBCB010000033.1	26334891	100000
hprc4_L100000_443	HG00438.2	HG00438#2#JAHBCA010000063.1	16399496	100000
hprc4_L100000_444	HG00621.2	HG00621#2#JAHBCC010000062.1	32185865	100000
hprc4_L100000_445	HG00621.2	HG00621#2#JAHBCC010000022.1	14732084	100000
hprc4_L100000_446	HG00438.2	HG00438#2#JAHBCA010000001.1	25280248	100000
hprc4_L100000_447	HG00621.1	HG00621#1#JAHBCD010000012.1	3429993	100000
hprc4_L100000_448	HG00438.1	HG00438#1#JAHBCB010000006.1	35788989	100000
hprc4_L100000_449	HG00621.1	HG00621#1#JAHBCD010000002.1	24103247	100000
hprc4_L100000_450	HG00621.2	HG00621#2#JAHBCC010000008.1	9255610	100000
hprc4_L100000_451	HG00621.2	HG00621#2#JAHBCC010000041.1	21703416	100000
hprc4_L100000_452	HG00621.2	HG00621#2#JAHBCC010000039.1	53325997	100000
hprc4_L100000_453	HG00438.1	HG00438#1#JAHBCB010000010.1	22964221	100000
hprc4_L100000_454	HG00621.2	HG00621#2#JAHBCC010000024.1	7177050	100000
hprc4_L100000_455	HG00438.1	HG00438#1#JAHBCB010000125.1	1034792	100000
hprc4_L100000_456	HG00438.2	HG00438#2#JAHBCA010000043.1	6426415	100000
hprc4_L100000_457	HG00438.2	HG00438#2#JAHBCA010000011.1	12597923	100000
hprc4_L100000_458	HG00621.2	HG00621#2#JAHBCC010000007.1	20367875	100000
hprc4_L100000_459	HG00438.2	HG00438#2#JAHBCA010000019.1	12139634	100000
hprc4_L100000_460	HG00438.1	HG00438#1#JAHBCB010000022.1	11704328	100000
hprc4_L100000_461	HG00621.2	HG00621#2#JAHBCC010000034.1	43249249	100000
hprc4_L100000_462	HG00621.2	HG00621#2#JAHBCC010000064.1	11356075	100000
hprc4_L100000_463	HG00438.1	HG00438#1#JAHBCB010000021.1	20187997	100000
hprc4_L100000_464	HG00621.2	HG00621#2#JAHBCC010000078.1	6001921	100000
hprc4_L100000_465	HG00621.1	HG00621#1#JAHBCD010000035.1	21195367	100000
hprc4_L100000_466	HG00621.2	HG00621#2#JAHBCC010000010.1	5037516	100000
hprc4_L100000_467	HG00621.1	HG00621#1#JAHBCD010000041.1	69557317	100000
hprc4_L100000_468	HG00438.1	HG00438#1#JAHBCB010000018.1	27302257	100000
hprc4_L100000_469	HG00621.1	HG00621#1#JAHBCD010000020.1	21959983	100000
hprc4_L100000_470	HG00438.1	HG00438#1#JAHBCB010000020.1	2446562	100000
hprc4_L100000_471	HG00438.1	HG00438#1#JAHBCB010000058.1	677777	100000
hprc4_L100000_472	HG00621.1	HG00621#1#JAHBCD010000055.1	11128856	100000
hprc4_L100000_473	HG00438.2	HG00438#2#JAHBCA010000053.1	18486321	100000
hprc4_L100000_474	HG00438.2	HG00438#2#JAHBCA010000002.1	27088813	100000
hprc4_L100000_475	HG00438.1	HG00438#1#JAHBCB010000074.1	22471600	100000
hprc4_L100000_476	HG00621.2	HG00621#2#JAHBCC010000024.1	62040169	100000
hprc4_L100000_477	HG00621.1	HG00621#1#JAHBCD010000042.1	3803395	100000
hprc4_L100000_478	HG00621.2	HG00621#2#JAHBCC010000062.1	18517502	100000
hprc4_L100000_479	HG00621.2	HG00621#2#JAHBCC010000014.1	78232022	100000
hprc4_L100000_480	HG00438.1	HG00438#1#JAHBCB010000016.1	3571118	100000
hprc4_L100000_481	HG00438.1	HG00438#1#JAHBCB010000072.1	29355	100000
hprc4_L100000_482	HG00621.2	HG00621#2#JAHBCC010000054.1	35085107	100000
hprc4_L100000_483	HG00438.2	HG00438#2#JAHBCA010000010.1	9816524	100000
hprc4_L100000_484	HG00438.2	HG00438#2#JAHBCA010000048.1	25534009	100000
hprc4_L100000_485	HG00621.1	HG00621#1#JAHBCD010000041.1	38720344	100000
hprc4_L100000_486	HG00621.1	HG00621#1#JAHBCD010000063.1	23215812	100000
hprc4_L100000_487	HG00621.1	HG00621#1#JAHBCD010000025.1	21896090	100000
hprc4_L100000_488	HG00621.1	HG00621#1#JAHBCD010000028.1	10745466	100000
hprc4_L100000_489	HG00621.2	HG00621#2#JAHBCC010000008.1	57784270	100000
hprc4_L100000_490	HG00438.1	HG00438#1#JAHBCB010000063.1	7955066	100000
hprc4_L100000_491	HG00438.1	HG00438#1#JAHBCB010000010.1	1736630	100000
hprc4_L100000_492	HG00621.1	HG00621#1#JAHBCD010000010.1	81019954	100000
hprc4_L100000_493	HG00438.1	HG00438#1#JAHBCB010000075.1	20855351	100000
hprc4_L100000_494	HG00438.2	HG00438#2#JAHBCA010000035.1	58495344	100000
hprc4_L100000_495	HG00621.2	HG00621#2#JAHBCC010000022.1	71968272	100000
hprc4_L100000_496	HG00438.1	HG00438#1#JAHBCB010000022.1	25502334	100000
hprc4_L100000_497	HG00438.2	HG00438#2#JAHBCA010000054.1	16321856	100000
hprc4_L100000_498	HG00621.1	HG00621#1#JAHBCD010000009.1	28939025	100000
hprc4_L100000_499	HG00438.1	HG00438#1#JAHBCB010000009.1	8598166	100000
hprc4_L100000_500	HG00438.2	HG00438#2#JAHBCA010000001.1	49089832	100000
hprc4_L100000_501	HG00438.2	HG00438#2#JAHBCA010000002.1	96305457	100000
hprc4_L100000_502	HG00621.1	HG00621#1#JAHBCD010000066.1	15224006	100000
hprc4_L100000_503	HG00438.2	HG00438#2#JAHBCA010000033.1	31576361	100000
hprc4_L100000_504	HG00438.2	HG00438#2#JAHBCA010000066.1	8932076	100000
hprc4_L100000_505	HG00438.1	HG00438#1#JAHBCB010000075.1	4652041	100000
hprc4_L100000_506	HG00438.1	HG00438#1#JAHBCB010000004.1	46936275	100000
hprc4_L100000_507	HG00621.2	HG00621#2#JAHBCC010000180.1	168522	100000
hprc4_L100000_508	HG00621.2	HG00621#2#JAHBCC010000022.1	54746093	100000
hprc4_L100000_509	HG00621.2	HG00621#2#JAHBCC010000070.1	3437012	100000
hprc4_L100000_510	HG00438.2	HG00438#2#JAHBCA010000011.1	3162056	100000
hprc4_L100000_511	HG00621.2	HG00621#2#JAHBCC010000004.1	35767820	100000
hprc4_L100000_512	HG00438.1	HG00438#1#JAHBCB010000037.1	102217352	100000
hprc4_L100000_513	HG00438.2	HG00438#2#JAHBCA010000010.1	11413325	100000
hprc4_L100000_514	HG00621.1	HG00621#1#JAHBCD010000041.1	76136899	100000
hprc4_L100000_515	HG00621.2	HG00621#2#JAHBCC010000078.1	29967287	100000
hprc4_L100000_516	HG00438.1	HG00438#1#JAHBCB010000018.1	114657040	100000
hprc4_L100000_517	HG00438.1	HG00438#1#JAHBCB010000041.1	10601613	100000
hprc4_L100000_518	HG00438.1	HG00438#1#JAHBCB010000027.1	5823176	100000
hprc4_L100000_519	HG00438.2	HG00438#2#JAHBCA010000012.1	40787000	100000
hprc4_L100000_520	HG00438.1	HG00438#1#JAHBCB010000003.1	61400804	100000
hprc4_L100000_521	HG00438.1	HG00438#1#JAHBCB010000016.1	20062263	100000
hprc4_L100000_522	HG00438.2	HG00438#2#JAHBCA010000011.1	69564779	100000
hprc4_L100000_523	HG00621.2	HG00621#2#JAHBCC010000018.1	7406183	100000
hprc4_L100000_524	HG00621.1	HG00621#1#JAHBCD010000041.1	80223201	100000
hprc4_L100000_525	HG00438.1	HG00438#1#JAHBCB010000015.1	1518875	100000
hprc4_L100000_526	HG00621.2	HG00621#2#JAHBCC010000004.1	32668451	100000
hprc4_L100000_527	HG00621.1	HG00621#1#JAHBCD010000092.1	2221234	100000
hprc4_L100000_528	HG00621.1	HG00621#1#JAHBCD010000020.1	20703786	100000
hprc4_L100000_529	HG00438.2	HG00438#2#JAHBCA010000053.1	52435308	100000
hprc4_L100000_530	HG00621.1	HG00621#1#JAHBCD010000066.1	18061238	100000
hprc4_L100000_531	HG00438.1	HG00438#1#JAHBCB010000040.1	17243757	100000
hprc4_L100000_532	HG00438.2	HG00438#2#JAHBCA010000046.1	86210206	100000
hprc4_L100000_533	HG00621.2	HG00621#2#JAHBCC010000048.1	42551613	100000
hprc4_L100000_534	HG00438.2	HG00438#2#JAHBCA010000053.1	30547238	100000
hprc4_L100000_535	HG00438.2	HG00438#2#JAHBCA010000088.1	9599619	100000
hprc4_L100000_536	HG00438.2	HG00438#2#JAHBCA010000043.1	48816723	100000
hprc4_L100000_537	HG00438.2	HG00438#2#JAHBCA010000012.1	38230509	100000
hprc4_L100000_538	HG00621.2	HG00621#2#JAHBCC010000034.1	5929403	100000
hprc4_L100000_539	HG00438.1	HG00438#1#JAHBCB010000016.1	6336822	100000
hprc4_L100000_540	HG00438.2	HG00438#2#JAHBCA010000030.1	12414034	100000
hprc4_L100000_541	HG00438.2	HG00438#2#JAHBCA010000058.1	13510046	100000
hprc4_L100000_542	HG00438.2	HG00438#2#JAHBCA010000002.1	45479655	100000
hprc4_L100000_543	HG00438.2	HG00438#2#JAHBCA010000057.1	4857336	100000
hprc4_L100000_544	HG00438.1	HG00438#1#JAHBCB010000050.1	12735875	100000
hprc4_L100000_545	HG00621.2	HG00621#2#JAHBCC010000014.1	79031953	100000
hprc4_L100000_546	HG00621.1	HG00621#1#JAHBCD010000006.1	23513897	100000
hprc4_L100000_547	HG00438.2	HG00438#2#JAHBCA010000004.1	15188989	100000
hprc4_L100000_548	HG00438.1	HG00438#1#JAHBCB010000042.1	48003506	100000
hprc4_L100000_549	HG00621.1	HG00621#1#JAHBCD010000029.1	25085207	100000
hprc4_L100000_550	HG00621.2	HG00621#2#JAHBCC010000039.1	28849626	100000
hprc4_L100000_551	HG00621.1	HG00621#1#JAHBCD010000010.1	70951672	100000
hprc4_L100000_552	HG00621.2	HG00621#2#JAHBCC010000066.1	29166105	100000
hprc4_L100000_553	HG00621.1	HG00621#1#JAHBCD010000010.1	46968433	100000
hprc4_L100000_554	HG00621.2	HG00621#2#JAHBCC010000038.1	1142436	100000
hprc4_L100000_555	HG00621.1	HG00621#1#JAHBCD010000050.1	12874159	100000
hprc4_L100000_556	HG00621.2	HG00621#2#JAHBCC010000054.1	144662	100000
hprc4_L100000_557	HG00621.2	HG00621#2#JAHBCC010000064.1	9738619	100000
hprc4_L100000_558	HG00621.2	HG00621#2#JAHBCC010000054.1	7298693	100000
hprc4_L100000_559	HG00621.2	HG00621#2#JAHBCC010000114.1	3059787	100000
hprc4_L100000_560	HG00438.2	HG00438#2#JAHBCA010000073.1	10739355	100000
hprc4_L100000_561	HG00621.1	HG00621#1#JAHBCD010000085.1	2764963	100000
hprc4_L100000_562	HG00621.1	HG00621#1#JAHBCD010000001.1	15485512	100000
hprc4_L100000_563	HG00438.1	HG00438#1#JAHBCB010000001.1	5069853	100000
hprc4_L100000_564	HG00621.2	HG00621#2#JAHBCC010000014.1	36164374	100000
hprc4_L100000_565	HG00438.2	HG00438#2#JAHBCA010000046.1	23365812	100000
hprc4_L100000_566	HG00438.1	HG00438#1#JAHBCB010000077.1	954213	100000
hprc4_L100000_567	HG00438.2	HG00438#2#JAHBCA010000023.1	35042949	100000
hprc4_L100000_568	HG00438.2	HG00438#2#JAHBCA010000022.1	1193832	100000
hprc4_L100000_569	HG00621.1	HG00621#1#JAHBCD010000066.1	18935003	100000
hprc4_L100000_570	HG00621.2	HG00621#2#JAHBCC010000007.1	23005494	100000
hprc4_L100000_571	HG00438.1	HG00438#1#JAHBCB010000022.1	53516935	100000
hprc4_L100000_572	HG00438.1	HG00438#1#JAHBCB010000011.1	59507585	100000
hprc4_L100000_573	HG00621.2	HG00621#2#JAHBCC010000023.1	3984104	100000
hprc4_L100000_574	HG00621.2	HG00621#2#JAHBCC010000041.1	11133034	100000
hprc4_L100000_575	HG00621.2	HG00621#2#JAHBCC010000030.1	24661430	100000
hprc4_L100000_576	HG00621.2	HG00621#2#JAHBCC010000020.1	19905374	100000
hprc4_L100000_577	HG00621.1	HG00621#1#JAHBCD010000024.1	24953382	100000
hprc4_L100000_578	HG00621.1	HG00621#1#JAHBCD010000024.1	30995092	100000
hprc4_L100000_579	HG00438.2	HG00438#2#JAHBCA010000094.1	7133921	100000
hprc4_L100000_580	HG00438.2	HG00438#2#JAHBCA010000023.1	15540669	100000
hprc4_L100000_581	HG00621.1	HG00621#1#JAHBCD010000028.1	42936107	100000
hprc4_L100000_582	HG00621.1	HG00621#1#JAHBCD010000002.1	84827213	100000
hprc4_L100000_583	HG00621.1	HG00621#1#JAHBCD010000059.1	269746	100000
hprc4_L100000_584	HG00438.1	HG00438#1#JAHBCB010000008.1	46288064	100000
hprc4_L100000_585	HG00438.2	HG00438#2#JAHBCA010000030.1	11186516	100000
hprc4_L100000_586	HG00621.1	HG00621#1#JAHBCD010000022.1	54634614	100000
hprc4_L100000_587	HG00438.1	HG00438#1#JAHBCB010000061.1	7912923	100000
hprc4_L100000_588	HG00438.1	HG00438#1#JAHBCB010000024.1	42869785	100000
hprc4_L100000_589	HG00621.1	HG00621#1#JAHBCD010000002.1	45598267	100000
hprc4_L100000_590	HG00438.2	HG00438#2#JAHBCA010000033.1	58917076	100000
hprc4_L100000_591	HG00438.2	HG00438#2#JAHBCA010000026.1	19708513	100000
hprc4_L100000_592	HG00621.1	HG00621#1#JAHBCD010000022.1	28660084	100000
hprc4_L100000_593	HG00621.1	HG00621#1#JAHBCD010000032.1	29360954	100000
hprc4_L100000_594	HG00438.1	HG00438#1#JAHBCB010000008.1	40384942	100000
hprc4_L100000_595	HG00438.2	HG00438#2#JAHBCA010000087.1	9271333	100000
hprc4_L100000_596	HG00438.1	HG00438#1#JAHBCB010000030.1	25779	100000
hprc4_L100000_597	HG00438.2	HG00438#2#JAHBCA010000052.1	51179466	100000
hprc4_L100000_598	HG00438.1	HG00438#1#JAHBCB010000048.1	30893785	100000
hprc4_L100000_599	HG00621.2	HG00621#2#JAHBCC010000051.1	11440434	100000
hprc4_L100000_600	HG00438.2	HG00438#2#JAHBCA010000052.1	26707403	100000
hprc4_L100000_601	HG00621.1	HG00621#1#JAHBCD010000047.1	64155365	100000
hprc4_L100000_602	HG00621.1	HG00621#1#JAHBCD010000062.1	11106306	100000
hprc4_L100000_603	HG00621.1	HG00621#1#JAHBCD010000026.1	3373347	100000
hprc4_L100000_604	HG00621.1	HG00621#1#JAHBCD010000001.1	74085021	100000
hprc4_L100000_605	HG00438.1	HG00438#1#JAHBCB010000022.1	37667003	100000
hprc4_L100000_606	HG00438.2	HG00438#2#JAHBCA010000016.1	70995423	100000
hprc4_L100000_607	HG00438.2	HG00438#2#JAHBCA010000087.1	14478	100000
hprc4_L100000_608	HG00621.1	HG00621#1#JAHBCD010000025.1	14506816	100000
hprc4_L100000_609	HG00438.2	HG00438#2#JAHBCA010000016.1	70913230	100000
hprc4_L100000_610	HG00621.1	HG00621#1#JAHBCD010000031.1	31865754	100000
hprc4_L100000_611	HG00621.1	HG00621#1#JAHBCD010000006.1	25202019	100000
hprc4_L100000_612	HG00438.1	HG00438#1#JAHBCB010000050.1	3015225	100000
hprc4_L100000_613	HG00438.1	HG00438#1#JAHBCB010000074.1	33621375	100000
hprc4_L100000_614	HG00438.2	HG00438#2#JAHBCA010000025.1	7337049	100000
hprc4_L100000_615	HG00621.1	HG00621#1#JAHBCD010000062.1	34171248	100000
hprc4_L100000_616	HG00438.1	HG00438#1#JAHBCB010000009.1	232392	100000
hprc4_L100000_617	HG00438.1	HG00438#1#JAHBCB010000082.1	12240996	100000
hprc4_L100000_618	HG00621.1	HG00621#1#JAHBCD010000057.1	616991	100000
hprc4_L100000_619	HG00438.2	HG00438#2#JAHBCA010000035.1	53597291	100000
hprc4_L100000_620	HG00621.2	HG00621#2#JAHBCC010000024.1	41904987	100000
hprc4_L100000_621	HG00621.1	HG00621#1#JAHBCD010000025.1	36575345	100000
hprc4_L100000_622	HG00621.1	HG00621#1#JAHBCD010000022.1	23153282	100000
hprc4_L100000_623	HG00621.2	HG00621#2#JAHBCC010000062.1	28734643	100000
hprc4_L100000_624	HG00621.1	HG00621#1#JAHBCD010000048.1	32110966	100000
hprc4_L100000_625	HG00438.1	HG00438#1#JAHBCB010000011.1	63203798	100000
hprc4_L100000_626	HG00621.1	HG00621#1#JAHBCD010000008.1	23775625	100000
hprc4_L100000_627	HG00621.2	HG00621#2#JAHBCC010000036.1	4006521	100000
hprc4_L100000_628	HG00438.2	HG00438#2#JAHBCA010000066.1	11567843	100000
hprc4_L100000_629	HG00438.2	HG00438#2#JAHBCA010000020.1	44550911	100000
hprc4_L100000_630	HG00621.1	HG00621#1#JAHBCD010000002.1	75548429	100000
hprc4_L100000_631	HG00621.2	HG00621#2#JAHBCC010000009.1	10784481	100000
hprc4_L100000_632	HG00438.2	HG00438#2#JAHBCA010000127.1	1045552	100000
hprc4_L100000_633	HG00438.1	HG00438#1#JAHBCB010000003.1	87189822	100000
hprc4_L100000_634	HG00438.1	HG00438#1#JAHBCB010000057.1	48754773	100000
hprc4_L100000_635	HG00438.1	HG00438#1#JAHBCB010000007.1	200725	100000
hprc4_L100000_636	HG00438.1	HG00438#1#JAHBCB010000003.1	4015768	100000
hprc4_L100000_637	HG00621.2	HG00621#2#JAHBCC010000054.1	31769488	100000
hprc4_L100000_638	HG00621.1	HG00621#1#JAHBCD010000001.1	97042600	100000
hprc4_L100000_639	HG00621.1	HG00621#1#JAHBCD010000025.1	6397400	100000
hprc4_L100000_640	HG00621.1	HG00621#1#JAHBCD010000016.1	57755950	100000
hprc4_L100000_641	HG00438.1	HG00438#1#JAHBCB010000097.1	16953084	100000
hprc4_L100000_642	HG00621.2	HG00621#2#JAHBCC010000039.1	73482861	100000
hprc4_L100000_643	HG00621.1	HG00621#1#JAHBCD010000016.1	65588429	100000
hprc4_L100000_644	HG00438.2	HG00438#2#JAHBCA010000083.1	909658	100000
hprc4_L100000_645	HG00621.2	HG00621#2#JAHBCC010000011.1	18586478	100000
hprc4_L100000_646	HG00621.2	HG00621#2#JAHBCC010000024.1	39387080	100000
hprc4_L100000_647	HG00621.1	HG00621#1#JAHBCD010000064.1	12470447	100000
hprc4_L100000_648	HG00438.1	HG00438#1#JAHBCB010000016.1	70783558	100000
hprc4_L100000_649	HG00438.1	HG00438#1#JAHBCB010000021.1	9251243	100000
hprc4_L100000_650	HG00438.1	HG00438#1#JAHBCB010000018.1	115107681	100000
hprc4_L100000_651	HG00438.1	HG00438#1#JAHBCB010000085.1	21570336	100000
hprc4_L100000_652	HG00621.1	HG00621#1#JAHBCD010000020.1	14188146	100000
hprc4_L100000_653	HG00621.2	HG00621#2#JAHBCC010000006.1	48037011	100000
hprc4_L100000_654	HG00621.1	HG00621#1#JAHBCD010000024.1	14916446	100000
hprc4_L100000_655	HG00438.2	HG00438#2#JAHBCA010000080.1	238863	100000
hprc4_L100000_656	HG00438.2	HG00438#2#JAHBCA010000043.1	2884040	100000
hprc4_L100000_657	HG00621.2	HG00621#2#JAHBCC010000008.1	32119021	100000
hprc4_L100000_658	HG00621.1	HG00621#1#JAHBCD010000019.1	21643424	100000
hprc4_L100000_659	HG00621.2	HG00621#2#JAHBCC010000020.1	11906510	100000
hprc4_L100000_660	HG00621.1	HG00621#1#JAHBCD010000051.1	4866047	100000
hprc4_L100000_661	HG00438.2	HG00438#2#JAHBCA010000101.1	429490	100000
hprc4_L100000_662	HG00621.2	HG00621#2#JAHBCC010000020.1	52696896	100000
hprc4_L100000_663	HG00438.1	HG00438#1#JAHBCB010000015.1	1187909	100000
hprc4_L100000_664	HG00438.1	HG00438#1#JAHBCB010000061.1	1533122	100000
hprc4_L100000_665	HG00438.2	HG00438#2#JAHBCA010000018.1	14699437	100000
hprc4_L100000_666	HG00438.2	HG00438#2#JAHBCA010000012.1	76605247	100000
hprc4_L100000_667	HG00438.1	HG00438#1#JAHBCB010000031.1	14369259	100000
hprc4_L100000_668	HG00438.2	HG00438#2#JAHBCA010000010.1	1002493	100000
hprc4_L100000_669	HG00621.2	HG00621#2#JAHBCC010000020.1	64436879	100000
hprc4_L100000_670	HG00621.1	HG00621#1#JAHBCD010000002.1	97418489	100000
hprc4_L100000_671	HG00438.1	HG00438#1#JAHBCB010000018.1	110629470	100000
hprc4_L100000_672	HG00438.1	HG00438#1#JAHBCB010000004.1	44912024	100000
hprc4_L100000_673	HG00621.2	HG00621#2#JAHBCC010000073.1	330691	100000
hprc4_L100000_674	HG00438.2	HG00438#2#JAHBCA010000010.1	1247737	100000
hprc4_L100000_675	HG00438.1	HG00438#1#JAHBCB010000040.1	26511601	100000
hprc4_L100000_676	HG00438.2	HG00438#2#JAHBCA010000040.1	12574159	100000
hprc4_L100000_677	HG00621.2	HG00621#2#JAHBCC010000060.1	29390104	100000
hprc4_L100000_678	HG00438.2	HG00438#2#JAHBCA010000012.1	6920439	100000
hprc4_L100000_679	HG00621.2	HG00621#2#JAHBCC010000009.1	10232695	100000
hprc4_L100000_680	HG00621.1	HG00621#1#JAHBCD010000019.1	5678351	100000
hprc4_L100000_681	HG00438.1	HG00438#1#JAHBCB010000016.1	74407034	100000
hprc4_L100000_682	HG00621.2	HG00621#2#JAHBCC010000034.1	21566289	100000
hprc4_L100000_683	HG00438.2	HG00438#2#JAHBCA010000087.1	12141103	100000
hprc4_L100000_684	HG00438.2	HG00438#2#JAHBCA010000046.1	78618654	100000
hprc4_L100000_685	HG00438.2	HG00438#2#JAHBCA010000037.1	27498628	100000
hprc4_L100000_686	HG00621.2	HG00621#2#JAHBCC010000009.1	13605113	100000
hprc4_L100000_687	HG00621.2	HG00621#2#JAHBCC010000001.1	32327518	100000
hprc4_L100000_688	HG00621.2	HG00621#2#JAHBCC010000066.1	1819548	100000
hprc4_L100000_689	HG00621.2	HG00621#2#JAHBCC010000033.1	11266069	100000
hprc4_L100000_690	HG00621.2	HG00621#2#JAHBCC010000056.1	1843291	100000
hprc4_L100000_691	HG00621.1	HG00621#1#JAHBCD010000050.1	55161960	100000
hprc4_L100000_692	HG00438.2	HG00438#2#JAHBCA010000036.1	26047541	100000
hprc4_L100000_693	HG00438.1	HG00438#1#JAHBCB010000090.1	4630667	100000
hprc4_L100000_694	HG00621.1	HG00621#1#JAHBCD010000002.1	43964392	100000
hprc4_L100000_695	HG00438.1	HG00438#1#JAHBCB010000042.1	47470652	100000
hprc4_L100000_696	HG00438.1	HG00438#1#JAHBCB010000010.1	11465407	100000
hprc4_L100000_697	HG00621.1	HG00621#1#JAHBCD010000047.1	4264236	100000
hprc4_L100000_698	HG00621.2	HG00621#2#JAHBCC010000018.1	58509625	100000
hprc4_L100000_699	HG00438.2	HG00438#2#JAHBCA010000025.1	38153080	100000
hprc4_L100000_700	HG00621.2	HG00621#2#JAHBCC010000022.1	70971462	100000
hprc4_L100000_701	HG00438.1	HG00438#1#JAHBCB010000037.1	61371614	100000
hprc4_L100000_702	HG00438.1	HG00438#1#JAHBCB010000058.1	11237215	100000
hprc4_L100000_703	HG00438.1	HG00438#1#JAHBCB010000058.1	8034832	100000
hprc4_L100000_704	HG00621.2	HG00621#2#JAHBCC010000034.1	66200835	100000
hprc4_L100000_705	HG00621.2	HG00621#2#JAHBCC010000032.1	14577177	100000
hprc4_L100000_706	HG00621.2	HG00621#2#JAHBCC010000001.1	13169176	100000
hprc4_L100000_707	HG00438.2	HG00438#2#JAHBCA010000033.1	14533789	100000
hprc4_L100000_708	HG00621.1	HG00621#1#JAHBCD010000020.1	8103479	100000
hprc4_L100000_709	HG00438.2	HG00438#2#JAHBCA010000036.1	37081637	100000
hprc4_L100000_710	HG00438.2	HG00438#2#JAHBCA010000001.1	35648491	100000
hprc4_L100000_711	HG00621.2	HG00621#2#JAHBCC010000045.1	6313347	100000
hprc4_L100000_712	HG00621.2	HG00621#2#JAHBCC010000031.1	46451023	100000
hprc4_L100000_713	HG00621.1	HG00621#1#JAHBCD010000011.1	52566902	100000
hprc4_L100000_714	HG00621.2	HG00621#2#JAHBCC010000011.1	13275646	100000
hprc4_L100000_715	HG00621.2	HG00621#2#JAHBCC010000078.1	7262324	100000
hprc4_L100000_716	HG00438.2	HG00438#2#JAHBCA010000016.1	27544704	100000
hprc4_L100000_717	HG00438.1	HG00438#1#JAHBCB010000009.1	6407963	100000
hprc4_L100000_718	HG00621.1	HG00621#1#JAHBCD010000021.1	28525517	100000
hprc4_L100000_719	HG00438.2	HG00438#2#JAHBCA010000046.1	20577266	100000
hprc4_L100000_720	HG00438.1	HG00438#1#JAHBCB010000029.1	10069358	100000
hprc4_L100000_721	HG00438.1	HG00438#1#JAHBCB010000048.1	8850211	100000
hprc4_L100000_722	HG00621.1	HG00621#1#JAHBCD010000069.1	6286181	100000
hprc4_L100000_723	HG00438.2	HG00438#2#JAHBCA010000071.1	8096836	100000
hprc4_L100000_724	HG00438.1	HG00438#1#JAHBCB010000097.1	43887321	100000
hprc4_L100000_725	HG00438.2	HG00438#2#JAHBCA010000010.1	13067952	100000
hprc4_L100000_726	HG00621.2	HG00621#2#JAHBCC010000008.1	24493917	100000
hprc4_L100000_727	HG00438.2	HG00438#2#JAHBCA010000001.1	23155540	100000
hprc4_L100000_728	HG00438.1	HG00438#1#JAHBCB010000049.1	18141829	100000
hprc4_L100000_729	HG00438.2	HG00438#2#JAHBCA010000008.1	2944599	100000
hprc4_L100000_730	HG00621.2	HG00621#2#JAHBCC010000018.1	11334735	100000
hprc4_L100000_731	HG00621.2	HG00621#2#JAHBCC010000014.1	83248791	100000
hprc4_L100000_732	HG00621.1	HG00621#1#JAHBCD010000132.1	792407	100000
hprc4_L100000_733	HG00438.2	HG00438#2#JAHBCA010000017.1	15851107	100000
hprc4_L100000_734	HG00621.2	HG00621#2#JAHBCC010000008.1	13672190	100000
hprc4_L100000_735	HG00621.1	HG00621#1#JAHBCD010000107.1	615476	100000
hprc4_L100000_736	HG00438.1	HG00438#1#JAHBCB010000030.1	6648773	100000
hprc4_L100000_737	HG00621.1	HG00621#1#JAHBCD010000015.1	3360470	100000
hprc4_L100000_738	HG00621.1	HG00621#1#JAHBCD010000067.1	4344795	100000
hprc4_L100000_739	HG00438.2	HG00438#2#JAHBCA010000124.1	281469	100000
hprc4_L100000_740	HG00438.2	HG00438#2#JAHBCA010000063.1	13022591	100000
hprc4_L100000_741	HG00438.1	HG00438#1#JAHBCB010000048.1	1548086	100000
hprc4_L100000_742	HG00438.2	HG00438#2#JAHBCA010000003.1	19038377	100000
hprc4_L100000_743	HG00438.1	HG00438#1#JAHBCB010000075.1	21952197	100000
hprc4_L100000_744	HG00621.1	HG00621#1#JAHBCD010000024.1	84679464	100000
hprc4_L100000_745	HG00438.2	HG00438#2#JAHBCA010000002.1	93760529	100000
hprc4_L100000_746	HG00621.1	HG00621#1#JAHBCD010000005.1	59513066	100000
hprc4_L100000_747	HG00438.1	HG00438#1#JAHBCB010000016.1	70435727	100000
hprc4_L100000_748	HG00621.2	HG00621#2#JAHBCC010000006.1	86673712	100000
hprc4_L100000_749	HG00438.2	HG00438#2#JAHBCA010000002.1	32345649	100000
hprc4_L100000_750	HG00438.2	HG00438#2#JAHBCA010000005.1	78617202	100000
hprc4_L100000_751	HG00621.2	HG00621#2#JAHBCC010000036.1	14737716	100000
hprc4_L100000_752	HG00438.2	HG00438#2#JAHBCA010000040.1	37834665	100000
hprc4_L100000_753	HG00438.2	HG00438#2#JAHBCA010000043.1	14642521	100000
hprc4_L100000_754	HG00438.1	HG00438#1#JAHBCB010000033.1	21281594	100000
hprc4_L100000_755	HG00438.2	HG00438#2#JAHBCA010000088.1	2770804	100000
hprc4_L100000_756	HG00438.1	HG00438#1#JAHBCB010000037.1	12559966	100000
hprc4_L100000_757	HG00438.2	HG00438#2#JAHBCA010000160.1	463154	100000
hprc4_L100000_758	HG00621.1	HG00621#1#JAHBCD010000041.1	73649442	100000
hprc4_L100000_759	HG00621.1	HG00621#1#JAHBCD010000001.1	50172189	100000
hprc4_L100000_760	HG00438.2	HG00438#2#JAHBCA010000020.1	13421704	100000
hprc4_L100000_761	HG00438.1	HG00438#1#JAHBCB010000004.1	4619146	100000
hprc4_L100000_762	HG00438.2	HG00438#2#JAHBCA010000002.1	680479	100000
hprc4_L100000_763	HG00621.1	HG00621#1#JAHBCD010000031.1	46166526	100000
hprc4_L100000_764	HG00621.1	HG00621#1#JAHBCD010000110.1	9111484	100000
hprc4_L100000_765	HG00621.1	HG00621#1#JAHBCD010000002.1	86748602	100000
hprc4_L100000_766	HG00438.1	HG00438#1#JAHBCB010000015.1	55497126	100000
hprc4_L100000_767	HG00438.2	HG00438#2#JAHBCA010000004.1	59077634	100000
hprc4_L100000_768	HG00621.1	HG00621#1#JAHBCD010000013.1	9032849	100000
hprc4_L100000_769	HG00438.1	HG00438#1#JAHBCB010000042.1	34954728	100000
hprc4_L100000_770	HG00621.1	HG00621#1#JAHBCD010000066.1	1811374	100000
hprc4_L100000_771	HG00621.1	HG00621#1#JAHBCD010000033.1	50874102	100000
hprc4_L100000_772	HG00621.2	HG00621#2#JAHBCC010000055.1	28018407	100000
hprc4_L100000_773	HG00621.1	HG00621#1#JAHBCD010000014.1	50111589	100000
hprc4_L100000_774	HG00438.2	HG00438#2#JAHBCA010000044.1	24696671	100000
hprc4_L100000_775	HG00438.2	HG00438#2#JAHBCA010000020.1	50938865	100000
hprc4_L100000_776	HG00621.2	HG00621#2#JAHBCC010000003.1	2714217	100000
hprc4_L100000_777	HG00621.1	HG00621#1#JAHBCD010000002.1	39284055	100000
hprc4_L100000_778	HG00438.1	HG00438#1#JAHBCB010000014.1	13809495	100000
hprc4_L100000_779	HG00621.1	HG00621#1#JAHBCD010000050.1	38251039	100000
hprc4_L100000_780	HG00621.2	HG00621#2#JAHBCC010000091.1	640440	100000
hprc4_L100000_781	HG00621.1	HG00621#1#JAHBCD010000009.1	29450088	100000
hprc4_L100000_782	HG00621.1	HG00621#1#JAHBCD010000015.1	6700963	100000
hprc4_L100000_783	HG00621.1	HG00621#1#JAHBCD010000087.1	4357240	100000
hprc4_L100000_784	HG00438.1	HG00438#1#JAHBCB010000063.1	913154	100000
hprc4_L100000_785	HG00438.2	HG00438#2#JAHBCA010000044.1	2682190	100000
hprc4_L100000_786	HG00621.1	HG00621#1#JAHBCD010000041.1	52389252	100000
hprc4_L100000_787	HG00621.2	HG00621#2#JAHBCC010000055.1	68267609	100000
hprc4_L100000_788	HG00438.1	HG00438#1#JAHBCB010000074.1	33098579	100000
hprc4_L100000_789	HG00438.2	HG00438#2#JAHBCA010000066.1	11183131	100000
hprc4_L100000_790	HG00621.2	HG00621#2#JAHBCC010000039.1	42355609	100000
hprc4_L100000_791	HG00438.1	HG00438#1#JAHBCB010000022.1	58646054	100000
hprc4_L100000_792	HG00621.1	HG00621#1#JAHBCD010000100.1	7330726	100000
hprc4_L100000_793	HG00438.1	HG00438#1#JAHBCB010000032.1	12911139	100000
hprc4_L100000_794	HG00438.1	HG00438#1#JAHBCB010000097.1	12045866	100000
hprc4_L100000_795	HG00621.2	HG00621#2#JAHBCC010000070.1	16884439	100000
hprc4_L100000_796	HG00621.2	HG00621#2#JAHBCC010000039.1	4072427	100000
hprc4_L100000_797	HG00621.2	HG00621#2#JAHBCC010000060.1	8659663	100000
hprc4_L100000_798	HG00438.1	HG00438#1#JAHBCB010000021.1	34281742	100000
hprc4_L100000_799	HG00438.1	HG00438#1#JAHBCB010000063.1	5909602	100000
hprc4_L100000_800	HG00621.1	HG00621#1#JAHBCD010000041.1	20218640	100000
hprc4_L100000_801	HG00621.1	HG00621#1#JAHBCD010000081.1	11795347	100000
hprc4_L100000_802	HG00621.2	HG00621#2#JAHBCC010000030.1	20849109	100000
hprc4_L100000_803	HG00621.1	HG00621#1#JAHBCD010000001.1	9642906	100000
hprc4_L100000_804	HG00438.1	HG00438#1#JAHBCB010000011.1	54714773	100000
hprc4_L100000_805	HG00621.2	HG00621#2#JAHBCC010000018.1	22991564	100000
hprc4_L100000_806	HG00621.2	HG00621#2#JAHBCC010000021.1	15282796	100000
hprc4_L100000_807	HG00438.1	HG00438#1#JAHBCB010000083.1	1030547	100000
hprc4_L100000_808	HG00438.2	HG00438#2#JAHBCA010000032.1	14591714	100000
hprc4_L100000_809	HG00621.1	HG00621#1#JAHBCD010000006.1	31796557	100000
hprc4_L100000_810	HG00621.1	HG00621#1#JAHBCD010000011.1	22744438	100000
hprc4_L100000_811	HG00438.2	HG00438#2#JAHBCA010000043.1	15026101	100000
hprc4_L100000_812	HG00438.1	HG00438#1#JAHBCB010000004.1	22254865	100000
hprc4_L100000_813	HG00438.1	HG00438#1#JAHBCB010000018.1	68969178	100000
hprc4_L100000_814	HG00438.1	HG00438#1#JAHBCB010000063.1	5021330	100000
hprc4_L100000_815	HG00621.1	HG00621#1#JAHBCD010000014.1	368107	100000
hprc4_L100000_816	HG00438.2	HG00438#2#JAHBCA010000003.1	48017591	100000
hprc4_L100000_817	HG00621.1	HG00621#1#JAHBCD010000025.1	11121964	100000
hprc4_L100000_818	HG00621.2	HG00621#2#JAHBCC010000034.1	6794052	100000
hprc4_L100000_819	HG00621.1	HG00621#1#JAHBCD010000041.1	11677312	100000
hprc4_L100000_820	HG00438.2	HG00438#2#JAHBCA010000008.1	16649510	100000
hprc4_L100000_821	HG00438.1	HG00438#1#JAHBCB010000030.1	13320772	100000
hprc4_L100000_822	HG00621.2	HG00621#2#JAHBCC010000033.1	35044139	100000
hprc4_L100000_823	HG00621.1	HG00621#1#JAHBCD010000047.1	80603075	100000
hprc4_L100000_824	HG00438.2	HG00438#2#JAHBCA010000008.1	4623527	100000
hprc4_L100000_825	HG00438.1	HG00438#1#JAHBCB010000022.1	22159753	100000
hprc4_L100000_826	HG00438.1	HG00438#1#JAHBCB010000024.1	34023274	100000
hprc4_L100000_827	HG00438.1	HG00438#1#JAHBCB010000037.1	36725203	100000
hprc4_L100000_828	HG00438.1	HG00438#1#JAHBCB010000037.1	67673310	100000
hprc4_L100000_829	HG00621.2	HG00621#2#JAHBCC010000053.1	1291942	100000
hprc4_L100000_830	HG00621.1	HG00621#1#JAHBCD010000031.1	46022789	100000
hprc4_L100000_831	HG00621.1	HG00621#1#JAHBCD010000047.1	6232134	100000
hprc4_L100000_832	HG00438.2	HG00438#2#JAHBCA010000046.1	63432665	100000
hprc4_L100000_833	HG00621.1	HG00621#1#JAHBCD010000089.1	1178890	100000
hprc4_L100000_834	HG00438.1	HG00438#1#JAHBCB010000018.1	51154342	100000
hprc4_L100000_835	HG00621.1	HG00621#1#JAHBCD010000033.1	41006275	100000
hprc4_L100000_836	HG00438.2	HG00438#2#JAHBCA010000024.1	14957567	100000
hprc4_L100000_837	HG00621.2	HG00621#2#JAHBCC010000030.1	904332	100000
hprc4_L100000_838	HG00621.2	HG00621#2#JAHBCC010000008.1	7671892	100000
hprc4_L100000_839	HG00621.2	HG00621#2#JAHBCC010000034.1	32794084	100000
hprc4_L100000_840	HG00621.2	HG00621#2#JAHBCC010000025.1	12173696	100000
hprc4_L100000_841	HG00438.2	HG00438#2#JAHBCA010000088.1	13861032	100000
hprc4_L100000_842	HG00621.1	HG00621#1#JAHBCD010000006.1	5059349	100000
hprc4_L100000_843	HG00621.2	HG00621#2#JAHBCC010000034.1	63409200	100000
hprc4_L100000_844	HG00621.1	HG00621#1#JAHBCD010000110.1	1636887	100000
hprc4_L100000_845	HG00438.2	HG00438#2#JAHBCA010000076.1	1582643	100000
hprc4_L100000_846	HG00621.1	HG00621#1#JAHBCD010000062.1	41694535	100000
hprc4_L100000_847	HG00621.2	HG00621#2#JAHBCC010000006.1	124133837	100000
hprc4_L100000_848	HG00438.2	HG00438#2#JAHBCA010000033.1	52030687	100000
hprc4_L100000_849	HG00621.1	HG00621#1#JAHBCD010000066.1	5611704	100000
hprc4_L100000_850	HG00438.2	HG00438#2#JAHBCA010000087.1	6487161	100000
hprc4_L100000_851	HG00438.2	HG00438#2#JAHBCA010000122.1	1146152	100000
hprc4_L100000_852	HG00438.2	HG00438#2#JAHBCA010000044.1	13797265	100000
hprc4_L100000_853	HG00438.1	HG00438#1#JAHBCB010000008.1	31178713	100000
hprc4_L100000_854	HG00621.1	HG00621#1#JAHBCD010000021.1	21521656	100000
hprc4_L100000_855	HG00621.2	HG00621#2#JAHBCC010000028.1	60535606	100000
hprc4_L100000_856	HG00621.1	HG00621#1#JAHBCD010000061.1	510137	100000
hprc4_L100000_857	HG00438.1	HG00438#1#JAHBCB010000068.1	4779055	100000
hprc4_L100000_858	HG00438.2	HG00438#2#JAHBCA010000032.1	4506905	100000
hprc4_L100000_859	HG00621.2	HG00621#2#JAHBCC010000039.1	91964593	100000
hprc4_L100000_860	HG00438.1	HG00438#1#JAHBCB010000042.1	964767	100000
hprc4_L100000_861	HG00438.1	HG00438#1#JAHBCB010000084.1	12000704	100000
hprc4_L100000_862	HG00438.1	HG00438#1#JAHBCB010000008.1	30960178	100000
hprc4_L100000_863	HG00621.2	HG00621#2#JAHBCC010000033.1	51141483	100000
hprc4_L100000_864	HG00438.1	HG00438#1#JAHBCB010000065.1	10061119	100000
hprc4_L100000_865	HG00438.1	HG00438#1#JAHBCB010000012.1	9342426	100000
hprc4_L100000_866	HG00621.1	HG00621#1#JAHBCD010000083.1	1301112	100000
hprc4_L100000_867	HG00621.2	HG00621#2#JAHBCC010000059.1	26723951	100000
hprc4_L100000_868	HG00438.1	HG00438#1#JAHBCB010000014.1	23292967	100000
hprc4_L100000_869	HG00621.2	HG00621#2#JAHBCC010000022.1	27258411	100000
hprc4_L100000_870	HG00621.1	HG00621#1#JAHBCD010000008.1	46637398	100000
hprc4_L100000_871	HG00438.2	HG00438#2#JAHBCA010000002.1	98400224	100000
hprc4_L100000_872	HG00438.2	HG00438#2#JAHBCA010000073.1	13519193	100000
hprc4_L100000_873	HG00438.2	HG00438#2#JAHBCA010000080.1	453086	100000
hprc4_L100000_874	HG00438.1	HG00438#1#JAHBCB010000087.1	3145930	100000
hprc4_L100000_875	HG00438.2	HG00438#2#JAHBCA010000025.1	13371720	100000
hprc4_L100000_876	HG00621.2	HG00621#2#JAHBCC010000038.1	10424217	100000
hprc4_L100000_877	HG00621.1	HG00621#1#JAHBCD010000028.1	19489130	100000
hprc4_L100000_878	HG00621.2	HG00621#2#JAHBCC010000011.1	14207656	100000
hprc4_L100000_879	HG00621.2	HG00621#2#JAHBCC010000078.1	32569024	100000
hprc4_L100000_880	HG00621.2	HG00621#2#JAHBCC010000018.1	9029493	100000
hprc4_L100000_881	HG00438.2	HG00438#2#JAHBCA010000001.1	25017651	100000
hprc4_L100000_882	HG00438.1	HG00438#1#JAHBCB010000004.1	20008251	100000
hprc4_L100000_883	HG00621.2	HG00621#2#JAHBCC010000033.1	12034109	100000
hprc4_L100000_884	HG00438.2	HG00438#2#JAHBCA010000042.1	41814396	100000
hprc4_L100000_885	HG00438.2	HG00438#2#JAHBCA010000019.1	46299191	100000
hprc4_L100000_886	HG00621.2	HG00621#2#JAHBCC010000114.1	443815	100000
hprc4_L100000_887	HG00438.1	HG00438#1#JAHBCB010000011.1	78570333	100000
hprc4_L100000_888	HG00438.2	HG00438#2#JAHBCA010000108.1	3239192	100000
hprc4_L100000_889	HG00438.1	HG00438#1#JAHBCB010000015.1	30187422	100000
hprc4_L100000_890	HG00621.1	HG00621#1#JAHBCD010000033.1	15004107	100000
hprc4_L100000_891	HG00621.1	HG00621#1#JAHBCD010000011.1	6580950	100000
hprc4_L100000_892	HG00621.1	HG00621#1#JAHBCD010000038.1	2036405	100000
hprc4_L100000_893	HG00438.1	HG00438#1#JAHBCB010000085.1	11113445	100000
hprc4_L100000_894	HG00621.1	HG00621#1#JAHBCD010000010.1	80324859	100000
hprc4_L100000_895	HG00621.2	HG00621#2#JAHBCC010000022.1	26929495	100000
hprc4_L100000_896	HG00438.1	HG00438#1#JAHBCB010000002.1	27271596	100000
hprc4_L100000_897	HG00621.2	HG00621#2#JAHBCC010000076.1	38279490	100000
hprc4_L100000_898	HG00621.2	HG00621#2#JAHBCC010000031.1	23083980	100000
hprc4_L100000_899	HG00621.1	HG00621#1#JAHBCD010000051.1	1544748	100000
hprc4_L100000_900	HG00438.2	HG00438#2#JAHBCA010000054.1	9187333	100000
hprc4_L100000_901	HG00438.2	HG00438#2#JAHBCA010000007.1	3460320	100000
hprc4_L100000_902	HG00438.2	HG00438#2#JAHBCA010000063.1	10224535	100000
hprc4_L100000_903	HG00438.2	HG00438#2#JAHBCA010000014.1	36856945	100000
hprc4_L100000_904	HG00438.2	HG00438#2#JAHBCA010000032.1	439362	100000
hprc4_L100000_905	HG00621.1	HG00621#1#JAHBCD010000070.1	12333914	100000
hprc4_L100000_906	HG00438.1	HG00438#1#JAHBCB010000042.1	8574769	100000
hprc4_L100000_907	HG00621.1	HG00621#1#JAHBCD010000007.1	12811853	100000
hprc4_L100000_908	HG00621.2	HG00621#2#JAHBCC010000022.1	57482462	100000
hprc4_L100000_909	HG00438.1	HG00438#1#JAHBCB010000024.1	83056948	100000
hprc4_L100000_910	HG00621.2	HG00621#2#JAHBCC010000038.1	7292789	100000
hprc4_L100000_911	HG00438.1	HG00438#1#JAHBCB010000004.1	36316992	100000
hprc4_L100000_912	HG00621.1	HG00621#1#JAHBCD010000065.1	9422681	100000
hprc4_L100000_913	HG00438.1	HG00438#1#JAHBCB010000068.1	5301806	100000
hprc4_L100000_914	HG00438.2	HG00438#2#JAHBCA010000012.1	1794261	100000
hprc4_L100000_915	HG00438.1	HG00438#1#JAHBCB010000022.1	39994781	100000
hprc4_L100000_916	HG00438.2	HG00438#2#JAHBCA010000054.1	681801	100000
hprc4_L100000_917	HG00621.1	HG00621#1#JAHBCD010000083.1	3227911	100000
hprc4_L100000_918	HG00621.2	HG00621#2#JAHBCC010000033.1	76116258	100000
hprc4_L100000_919	HG00438.1	HG00438#1#JAHBCB010000099.1	5480338	100000
hprc4_L100000_920	HG00438.2	HG00438#2#JAHBCA010000008.1	24351792	100000
hprc4_L100000_921	HG00621.1	HG00621#1#JAHBCD010000047.1	89008652	100000
hprc4_L100000_922	HG00621.2	HG00621#2#JAHBCC010000037.1	42967669	100000
hprc4_L100000_923	HG00438.2	HG00438#2#JAHBCA010000087.1	12234212	100000
hprc4_L100000_924	HG00438.2	HG00438#2#JAHBCA010000040.1	38514527	100000
hprc4_L100000_925	HG00621.2	HG00621#2#JAHBCC010000018.1	48247958	100000
hprc4_L100000_926	HG00621.2	HG00621#2#JAHBCC010000033.1	52722122	100000
hprc4_L100000_927	HG00621.2	HG00621#2#JAHBCC010000003.1	16542320	100000
hprc4_L100000_928	HG00438.1	HG00438#1#JAHBCB010000068.1	524254	100000
hprc4_L100000_929	HG00438.2	HG00438#2#JAHBCA010000021.1	9571921	100000
hprc4_L100000_930	HG00621.2	HG00621#2#JAHBCC010000055.1	12397978	100000
hprc4_L100000_931	HG00621.1	HG00621#1#JAHBCD010000002.1	72558127	100000
hprc4_L100000_932	HG00438.2	HG00438#2#JAHBCA010000010.1	25539347	100000
hprc4_L100000_933	HG00438.2	HG00438#2#JAHBCA010000016.1	73074819	100000
hprc4_L100000_934	HG00438.2	HG00438#2#JAHBCA010000080.1	11753528	100000
hprc4_L100000_935	HG00438.1	HG00438#1#JAHBCB010000023.1	20003137	100000
hprc4_L100000_936	HG00621.1	HG00621#1#JAHBCD010000027.1	8502731	100000
hprc4_L100000_937	HG00438.2	HG00438#2#JAHBCA010000054.1	18446511	100000
hprc4_L100000_938	HG00621.2	HG00621#2#JAHBCC010000049.1	24015416	100000
hprc4_L100000_939	HG00621.1	HG00621#1#JAHBCD010000068.1	3138891	100000
hprc4_L100000_940	HG00621.1	HG00621#1#JAHBCD010000018.1	2877800	100000
hprc4_L100000_941	HG00621.2	HG00621#2#JAHBCC010000039.1	29415224	100000
hprc4_L100000_942	HG00438.2	HG00438#2#JAHBCA010000056.1	3583110	100000
hprc4_L100000_943	HG00621.2	HG00621#2#JAHBCC010000020.1	24822949	100000
hprc4_L100000_944	HG00621.1	HG00621#1#JAHBCD010000047.1	90859552	100000
hprc4_L100000_945	HG00621.2	HG00621#2#JAHBCC010000037.1	521276	100000
hprc4_L100000_946	HG00621.2	HG00621#2#JAHBCC010000006.1	44733139	100000
hprc4_L100000_947	HG00438.1	HG00438#1#JAHBCB010000018.1	69029140	100000
hprc4_L100000_948	HG00438.1	HG00438#1#JAHBCB010000021.1	1222661	100000
hprc4_L100000_949	HG00438.1	HG00438#1#JAHBCB010000018.1	103003300	100000
hprc4_L100000_950	HG00621.1	HG00621#1#JAHBCD010000005.1	46258594	100000
hprc4_L100000_951	HG00438.2	HG00438#2#JAHBCA010000032.1	44867518	100000
hprc4_L100000_952	HG00621.2	HG00621#2#JAHBCC010000027.1	2515931	100000
hprc4_L100000_953	HG00438.2	HG00438#2#JAHBCA010000026.1	8074441	100000
hprc4_L100000_954	HG00438.2	HG00438#2#JAHBCA010000002.1	88408935	100000
hprc4_L100000_955	HG00438.2	HG00438#2#JAHBCA010000037.1	28443637	100000
hprc4_L100000_956	HG00621.1	HG00621#1#JAHBCD010000029.1	16882366	100000
hprc4_L100000_957	HG00621.1	HG00621#1#JAHBCD010000002.1	66791676	100000
hprc4_L100000_958	HG00621.1	HG00621#1#JAHBCD010000052.1	33272789	100000
hprc4_L100000_959	HG00621.2	HG00621#2#JAHBCC010000015.1	1317408	100000
hprc4_L100000_960	HG00438.1	HG00438#1#JAHBCB010000078.1	2932485	100000
hprc4_L100000_961	HG00438.1	HG00438#1#JAHBCB010000016.1	59115805	100000
hprc4_L100000_962	HG00621.1	HG00621#1#JAHBCD010000047.1	82157055	100000
hprc4_L100000_963	HG00621.2	HG00621#2#JAHBCC010000022.1	100708111	100000
hprc4_L100000_964	HG00438.2	HG00438#2#JAHBCA010000005.1	10032171	100000
hprc4_L100000_965	HG00621.1	HG00621#1#JAHBCD010000027.1	21994032	100000
hprc4_L100000_966	HG00438.2	HG00438#2#JAHBCA010000053.1	54766816	100000
hprc4_L100000_967	HG00621.1	HG00621#1#JAHBCD010000002.1	54288473	100000
hprc4_L100000_968	HG00438.2	HG00438#2#JAHBCA010000022.1	17852220	100000
hprc4_L100000_969	HG00621.1	HG00621#1#JAHBCD010000055.1	30928239	100000
hprc4_L100000_970	HG00621.2	HG00621#2#JAHBCC010000072.1	16551493	100000
hprc4_L100000_971	HG00621.1	HG00621#1#JAHBCD010000009.1	74745887	100000
hprc4_L100000_972	HG00621.2	HG00621#2#JAHBCC010000016.1	5288120	100000
hprc4_L100000_973	HG00438.1	HG00438#1#JAHBCB010000072.1	6356919	100000
hprc4_L100000_974	HG00438.1	HG00438#1#JAHBCB010000003.1	47292919	100000
hprc4_L100000_975	HG00438.2	HG00438#2#JAHBCA010000022.1	18220117	100000
hprc4_L100000_976	HG00438.2	HG00438#2#JAHBCA010000040.1	39744211	100000
hprc4_L100000_977	HG00438.2	HG00438#2#JAHBCA010000046.1	6005773	100000
hprc4_L100000_978	HG00621.1	HG00621#1#JAHBCD010000020.1	1046486	100000
hprc4_L100000_979	HG00438.1	HG00438#1#JAHBCB010000003.1	94876660	100000
hprc4_L100000_980	HG00621.1	HG00621#1#JAHBCD010000008.1	26307141	100000
hprc4_L100000_981	HG00438.1	HG00438#1#JAHBCB010000018.1	23195860	100000
hprc4_L100000_982	HG00621.1	HG00621#1#JAHBCD010000013.1	10663080	100000
hprc4_L100000_983	HG00438.1	HG00438#1#JAHBCB010000054.1	2341883	100000
hprc4_L100000_984	HG00438.2	HG00438#2#JAHBCA010000020.1	8591440	100000
hprc4_L100000_985	HG00438.1	HG00438#1#JAHBCB010000088.1	5059326	100000
hprc4_L100000_986	HG00621.2	HG00621#2#JAHBCC010000024.1	69200764	100000
hprc4_L100000_987	HG00621.1	HG00621#1#JAHBCD010000016.1	32567873	100000
hprc4_L100000_988	HG00438.2	HG00438#2#JAHBCA010000072.1	2533190	100000
hprc4_L100000_989	HG00438.2	HG00438#2#JAHBCA010000036.1	36612233	100000
hprc4_L100000_990	HG00438.1	HG00438#1#JAHBCB010000026.1	3460146	100000
hprc4_L100000_991	HG00621.2	HG00621#2#JAHBCC010000023.1	2392163	100000
hprc4_L100000_992	HG00438.2	HG00438#2#JAHBCA010000016.1	72066934	100000
hprc4_L100000_993	HG00438.1	HG00438#1#JAHBCB010000115.1	100642	100000
hprc4_L100000_994	HG00621.1	HG00621#1#JAHBCD010000064.1	53337231	100000
hprc4_L100000_995	HG00438.2	HG00438#2#JAHBCA010000015.1	37333334	100000
hprc4_L100000_996	HG00621.1	HG00621#1#JAHBCD010000041.1	66387470	100000
hprc4_L100000_997	HG00438.2	HG00438#2#JAHBCA010000016.1	13486800	100000
hprc4_L100000_998	HG00621.2	HG00621#2#JAHBCC010000014.1	104054521	100000
hprc4_L100000_999	HG00621.1	HG00621#1#JAHBCD010000009.1	61482353	100000
hprc4_L100000_1000	HG00621.2	HG00621#2#JAHBCC010000022.1	1110647	100000
hprc4_L100000_1001	HG00621.1	HG00621#1#JAHBCD010000047.1	76724701	100000
hprc4_L100000_1002	HG00621.1	HG00621#1#JAHBCD010000013.1	4467996	100000
hprc4_L100000_1003	HG00438.2	HG00438#2#JAHBCA010000046.1	84800227	100000
hprc4_L100000_1004	HG00621.2	HG00621#2#JAHBCC010000033.1	92235542	100000
hprc4_L100000_1005	HG00438.2	HG00438#2#JAHBCA010000044.1	12115698	100000
hprc4_L100000_1006	HG00438.1	HG00438#1#JAHBCB010000077.1	341896	100000
hprc4_L100000_1007	HG00621.2	HG00621#2#JAHBCC010000020.1	28241603	100000
hprc4_L100000_1008	HG00438.1	HG00438#1#JAHBCB010000044.1	27966820	100000
hprc4_L100000_1009	HG00438.1	HG00438#1#JAHBCB010000097.1	1551331	100000
hprc4_L100000_1010	HG00438.1	HG00438#1#JAHBCB010000074.1	31815212	100000
hprc4_L100000_1011	HG00438.2	HG00438#2#JAHBCA010000018.1	22399843	100000
hprc4_L100000_1012	HG00621.2	HG00621#2#JAHBCC010000019.1	13870868	100000
hprc4_L100000_1013	HG00621.2	HG00621#2#JAHBCC010000062.1	21258520	100000
hprc4_L100000_1014	HG00621.1	HG00621#1#JAHBCD010000041.1	82255424	100000
hprc4_L100000_1015	HG00621.1	HG00621#1#JAHBCD010000024.1	64393435	100000
hprc4_L100000_1016	HG00621.1	HG00621#1#JAHBCD010000072.1	7994391	100000
hprc4_L100000_1017	HG00438.2	HG00438#2#JAHBCA010000094.1	7151195	100000
hprc4_L100000_1018	HG00621.1	HG00621#1#JAHBCD010000070.1	720212	100000
hprc4_L100000_1019	HG00438.2	HG00438#2#JAHBCA010000024.1	1692677	100000
hprc4_L100000_1020	HG00621.2	HG00621#2#JAHBCC010000014.1	33503919	100000
hprc4_L100000_1021	HG00621.1	HG00621#1#JAHBCD010000036.1	53019	100000
hprc4_L100000_1022	HG00621.2	HG00621#2#JAHBCC010000056.1	22185776	100000
hprc4_L100000_1023	HG00438.1	HG00438#1#JAHBCB010000035.1	179824	100000
hprc4_L100000_1024	HG00621.1	HG00621#1#JAHBCD010000041.1	37468023	100000
hprc4_L100000_1025	HG00621.2	HG00621#2#JAHBCC010000087.1	9209016	100000
hprc4_L100000_1026	HG00621.1	HG00621#1#JAHBCD010000035.1	17522281	100000
hprc4_L100000_1027	HG00438.1	HG00438#1#JAHBCB010000055.1	17301998	100000
hprc4_L100000_1028	HG00621.2	HG00621#2#JAHBCC010000015.1	17754425	100000
hprc4_L100000_1029	HG00438.1	HG00438#1#JAHBCB010000024.1	24006020	100000
hprc4_L100000_1030	HG00621.2	HG00621#2#JAHBCC010000039.1	27260045	100000
hprc4_L100000_1031	HG00438.2	HG00438#2#JAHBCA010000011.1	91920012	100000
hprc4_L100000_1032	HG00621.1	HG00621#1#JAHBCD010000066.1	10561347	100000
hprc4_L100000_1033	HG00438.2	HG00438#2#JAHBCA010000002.1	36753812	100000
hprc4_L100000_1034	HG00621.2	HG00621#2#JAHBCC010000005.1	43107305	100000
hprc4_L100000_1035	HG00438.1	HG00438#1#JAHBCB010000116.1	688206	100000
hprc4_L100000_1036	HG00621.2	HG00621#2#JAHBCC010000032.1	3763932	100000
hprc4_L100000_1037	HG00621.1	HG00621#1#JAHBCD010000048.1	2532555	100000
hprc4_L100000_1038	HG00438.2	HG00438#2#JAHBCA010000008.1	19969188	100000
hprc4_L100000_1039	HG00621.1	HG00621#1#JAHBCD010000022.1	68725048	100000
hprc4_L100000_1040	HG00438.2	HG00438#2#JAHBCA010000099.1	1639806	100000
hprc4_L100000_1041	HG00438.1	HG00438#1#JAHBCB010000037.1	19529394	100000
hprc4_L100000_1042	HG00621.2	HG00621#2#JAHBCC010000014.1	61739147	100000
hprc4_L100000_1043	HG00438.2	HG00438#2#JAHBCA010000019.1	10044315	100000
hprc4_L100000_1044	HG00438.2	HG00438#2#JAHBCA010000063.1	11505017	100000
hprc4_L100000_1045	HG00621.2	HG00621#2#JAHBCC010000058.1	1748777	100000
hprc4_L100000_1046	HG00621.1	HG00621#1#JAHBCD010000082.1	1938463	100000
hprc4_L100000_1047	HG00621.1	HG00621#1#JAHBCD010000032.1	36377426	100000
hprc4_L100000_1048	HG00621.1	HG00621#1#JAHBCD010000070.1	8140947	100000
hprc4_L100000_1049	HG00621.2	HG00621#2#JAHBCC010000039.1	11553131	100000
hprc4_L100000_1050	HG00621.1	HG00621#1#JAHBCD010000011.1	18635273	100000
hprc4_L100000_1051	HG00438.1	HG00438#1#JAHBCB010000096.1	2875095	100000
hprc4_L100000_1052	HG00438.1	HG00438#1#JAHBCB010000025.1	18013263	100000
hprc4_L100000_1053	HG00621.1	HG00621#1#JAHBCD010000014.1	58792177	100000
hprc4_L100000_1054	HG00621.1	HG00621#1#JAHBCD010000029.1	2757249	100000
hprc4_L100000_1055	HG00621.2	HG00621#2#JAHBCC010000065.1	19290095	100000
hprc4_L100000_1056	HG00621.2	HG00621#2#JAHBCC010000079.1	3495509	100000
hprc4_L100000_1057	HG00621.2	HG00621#2#JAHBCC010000048.1	28780623	100000
hprc4_L100000_1058	HG00621.2	HG00621#2#JAHBCC010000006.1	73523937	100000
hprc4_L100000_1059	HG00438.1	HG00438#1#JAHBCB010000003.1	102176531	100000
hprc4_L100000_1060	HG00621.1	HG00621#1#JAHBCD010000005.1	39265863	100000
hprc4_L100000_1061	HG00621.2	HG00621#2#JAHBCC010000073.1	22208149	100000
hprc4_L100000_1062	HG00621.1	HG00621#1#JAHBCD010000009.1	74818014	100000
hprc4_L100000_1063	HG00621.2	HG00621#2#JAHBCC010000049.1	3818588	100000
hprc4_L100000_1064	HG00621.2	HG00621#2#JAHBCC010000044.1	2947941	100000
hprc4_L100000_1065	HG00621.1	HG00621#1#JAHBCD010000037.1	11361247	100000
hprc4_L100000_1066	HG00621.2	HG00621#2#JAHBCC010000046.1	371980	100000
hprc4_L100000_1067	HG00621.1	HG00621#1#JAHBCD010000064.1	19280560	100000
hprc4_L100000_1068	HG00438.2	HG00438#2#JAHBCA010000053.1	34719009	100000
hprc4_L100000_1069	HG00621.1	HG00621#1#JAHBCD010000024.1	24319671	100000
hprc4_L100000_1070	HG00438.2	HG00438#2#JAHBCA010000025.1	19308751	100000
hprc4_L100000_1071	HG00438.1	HG00438#1#JAHBCB010000041.1	34284077	100000
hprc4_L100000_1072	HG00438.1	HG00438#1#JAHBCB010000018.1	53509351	100000
hprc4_L100000_1073	HG00621.2	HG00621#2#JAHBCC010000007.1	34058471	100000
hprc4_L100000_1074	HG00621.1	HG00621#1#JAHBCD010000016.1	22703524	100000
hprc4_L100000_1075	HG00621.2	HG00621#2#JAHBCC010000024.1	37603070	100000
hprc4_L100000_1076	HG00438.1	HG00438#1#JAHBCB010000122.1	2000070	100000
hprc4_L100000_1077	HG00621.1	HG00621#1#JAHBCD010000011.1	30793104	100000
hprc4_L100000_1078	HG00438.2	HG00438#2#JAHBCA010000071.1	26273241	100000
hprc4_L100000_1079	HG00438.1	HG00438#1#JAHBCB010000042.1	42844254	100000
hprc4_L100000_1080	HG00621.2	HG00621#2#JAHBCC010000065.1	24523948	100000
hprc4_L100000_1081	HG00621.2	HG00621#2#JAHBCC010000049.1	4829673	100000
hprc4_L100000_1082	HG00438.2	HG00438#2#JAHBCA010000066.1	15214662	100000
hprc4_L100000_1083	HG00621.1	HG00621#1#JAHBCD010000014.1	54002717	100000
hprc4_L100000_1084	HG00438.2	HG00438#2#JAHBCA010000033.1	2732939	100000
hprc4_L100000_1085	HG00621.2	HG00621#2#JAHBCC010000042.1	9739915	100000
hprc4_L100000_1086	HG00438.2	HG00438#2#JAHBCA010000015.1	38186601	100000
hprc4_L100000_1087	HG00438.1	HG00438#1#JAHBCB010000085.1	29700566	100000
hprc4_L100000_1088	HG00438.1	HG00438#1#JAHBCB010000030.1	6643699	100000
hprc4_L100000_1089	HG00438.1	HG00438#1#JAHBCB010000036.1	18423248	100000
hprc4_L100000_1090	HG00621.2	HG00621#2#JAHBCC010000020.1	16009472	100000
hprc4_L100000_1091	HG00621.1	HG00621#1#JAHBCD010000011.1	47982265	100000
hprc4_L100000_1092	HG00438.2	HG00438#2#JAHBCA010000054.1	1439405	100000
hprc4_L100000_1093	HG00438.2	HG00438#2#JAHBCA010000017.1	17305935	100000
hprc4_L100000_1094	HG00621.1	HG00621#1#JAHBCD010000001.1	73236094	100000
hprc4_L100000_1095	HG00621.2	HG00621#2#JAHBCC010000044.1	2793215	100000
hprc4_L100000_1096	HG00438.2	HG00438#2#JAHBCA010000052.1	4396999	100000
hprc4_L100000_1097	HG00438.2	HG00438#2#JAHBCA010000016.1	7996664	100000
hprc4_L100000_1098	HG00438.1	HG00438#1#JAHBCB010000021.1	22558356	100000
hprc4_L100000_1099	HG00621.1	HG00621#1#JAHBCD010000001.1	15827828	100000
hprc4_L100000_1100	HG00621.1	HG00621#1#JAHBCD010000017.1	35867459	100000
hprc4_L100000_1101	HG00621.1	HG00621#1#JAHBCD010000050.1	59303736	100000
hprc4_L100000_1102	HG00621.2	HG00621#2#JAHBCC010000006.1	43716665	100000
hprc4_L100000_1103	HG00438.1	HG00438#1#JAHBCB010000001.1	7395112	100000
hprc4_L100000_1104	HG00438.2	HG00438#2#JAHBCA010000052.1	44916440	100000
hprc4_L100000_1105	HG00438.1	HG00438#1#JAHBCB010000097.1	24705897	100000
hprc4_L100000_1106	HG00438.2	HG00438#2#JAHBCA010000011.1	60281213	100000
hprc4_L100000_1107	HG00438.2	HG00438#2#JAHBCA010000004.1	44477181	100000
hprc4_L100000_1108	HG00438.2	HG00438#2#JAHBCA010000052.1	36191856	100000
hprc4_L100000_1109	HG00621.1	HG00621#1#JAHBCD010000005.1	51124456	100000
hprc4_L100000_1110	HG00621.1	HG00621#1#JAHBCD010000001.1	6999234	100000
hprc4_L100000_1111	HG00621.2	HG00621#2#JAHBCC010000041.1	1864878	100000
hprc4_L100000_1112	HG00438.1	HG00438#1#JAHBCB010000082.1	12160298	100000
hprc4_L100000_1113	HG00438.1	HG00438#1#JAHBCB010000084.1	6525753	100000
hprc4_L100000_1114	HG00438.2	HG00438#2#JAHBCA010000014.1	9701634	100000
hprc4_L100000_1115	HG00621.2	HG00621#2#JAHBCC010000056.1	19416595	100000
hprc4_L100000_1116	HG00621.2	HG00621#2#JAHBCC010000039.1	1777167	100000
hprc4_L100000_1117	HG00621.2	HG00621#2#JAHBCC010000031.1	36837186	100000
hprc4_L100000_1118	HG00621.1	HG00621#1#JAHBCD010000035.1	6566329	100000
hprc4_L100000_1119	HG00621.1	HG00621#1#JAHBCD010000109.1	14733388	100000
hprc4_L100000_1120	HG00438.2	HG00438#2#JAHBCA010000075.1	1259915	100000
hprc4_L100000_1121	HG00438.1	HG00438#1#JAHBCB010000037.1	53738983	100000
hprc4_L100000_1122	HG00438.1	HG00438#1#JAHBCB010000001.1	9321549	100000
hprc4_L100000_1123	HG00438.2	HG00438#2#JAHBCA010000036.1	13676184	100000
hprc4_L100000_1124	HG00621.1	HG00621#1#JAHBCD010000026.1	9543838	100000
hprc4_L100000_1125	HG00621.2	HG00621#2#JAHBCC010000006.1	32891443	100000
hprc4_L100000_1126	HG00438.2	HG00438#2#JAHBCA010000005.1	71787287	100000
hprc4_L100000_1127	HG00438.2	HG00438#2#JAHBCA010000035.1	7243260	100000
hprc4_L100000_1128	HG00621.2	HG00621#2#JAHBCC010000056.1	8122408	100000
hprc4_L100000_1129	HG00438.2	HG00438#2#JAHBCA010000042.1	55807985	100000
hprc4_L100000_1130	HG00621.1	HG00621#1#JAHBCD010000016.1	68289672	100000
hprc4_L100000_1131	HG00438.1	HG00438#1#JAHBCB010000061.1	80376	100000
hprc4_L100000_1132	HG00621.2	HG00621#2#JAHBCC010000014.1	96241643	100000
hprc4_L100000_1133	HG00438.1	HG00438#1#JAHBCB010000003.1	108498333	100000
hprc4_L100000_1134	HG00438.1	HG00438#1#JAHBCB010000031.1	10754679	100000
hprc4_L100000_1135	HG00621.2	HG00621#2#JAHBCC010000067.1	41826264	100000
hprc4_L100000_1136	HG00621.2	HG00621#2#JAHBCC010000003.1	5003754	100000
hprc4_L100000_1137	HG00438.1	HG00438#1#JAHBCB010000003.1	44872527	100000
hprc4_L100000_1138	HG00621.2	HG00621#2#JAHBCC010000056.1	25263796	100000
hprc4_L100000_1139	HG00438.1	HG00438#1#JAHBCB010000032.1	30814637	100000
hprc4_L100000_1140	HG00621.2	HG00621#2#JAHBCC010000031.1	4985571	100000
hprc4_L100000_1141	HG00438.1	HG00438#1#JAHBCB010000041.1	55202801	100000
hprc4_L100000_1142	HG00621.2	HG00621#2#JAHBCC010000024.1	50148873	100000
hprc4_L100000_1143	HG00438.1	HG00438#1#JAHBCB010000018.1	126323288	100000
hprc4_L100000_1144	HG00438.2	HG00438#2#JAHBCA010000077.1	5017723	100000
hprc4_L100000_1145	HG00621.1	HG00621#1#JAHBCD010000021.1	7426186	100000
hprc4_L100000_1146	HG00438.1	HG00438#1#JAHBCB010000002.1	44116002	100000
hprc4_L100000_1147	HG00621.1	HG00621#1#JAHBCD010000005.1	19225083	100000
hprc4_L100000_1148	HG00438.2	HG00438#2#JAHBCA010000050.1	11176770	100000
hprc4_L100000_1149	HG00621.1	HG00621#1#JAHBCD010000012.1	5973970	100000
hprc4_L100000_1150	HG00621.1	HG00621#1#JAHBCD010000052.1	32590710	100000
hprc4_L100000_1151	HG00438.2	HG00438#2#JAHBCA010000033.1	44575795	100000
hprc4_L100000_1152	HG00438.2	HG00438#2#JAHBCA010000040.1	46503379	100000
hprc4_L100000_1153	HG00621.2	HG00621#2#JAHBCC010000058.1	8846367	100000
hprc4_L100000_1154	HG00621.2	HG00621#2#JAHBCC010000039.1	70939758	100000
hprc4_L100000_1155	HG00438.1	HG00438#1#JAHBCB010000019.1	94767071	100000
hprc4_L100000_1156	HG00621.2	HG00621#2#JAHBCC010000020.1	41549321	100000
hprc4_L100000_1157	HG00438.2	HG00438#2#JAHBCA010000088.1	1715193	100000
hprc4_L100000_1158	HG00621.2	HG00621#2#JAHBCC010000076.1	31948411	100000
hprc4_L100000_1159	HG00438.1	HG00438#1#JAHBCB010000045.1	46532853	100000
hprc4_L100000_1160	HG00621.1	HG00621#1#JAHBCD010000010.1	91511125	100000
hprc4_L100000_1161	HG00438.2	HG00438#2#JAHBCA010000035.1	55842290	100000
hprc4_L100000_1162	HG00438.1	HG00438#1#JAHBCB010000042.1	2182306	100000
hprc4_L100000_1163	HG00438.1	HG00438#1#JAHBCB010000027.1	25373434	100000
hprc4_L100000_1164	HG00621.2	HG00621#2#JAHBCC010000039.1	14828125	100000
hprc4_L100000_1165	HG00438.2	HG00438#2#JAHBCA010000049.1	8618622	100000
hprc4_L100000_1166	HG00621.1	HG00621#1#JAHBCD010000014.1	29161385	100000
hprc4_L100000_1167	HG00438.2	HG00438#2#JAHBCA010000033.1	47851330	100000
hprc4_L100000_1168	HG00621.1	HG00621#1#JAHBCD010000034.1	10473523	100000
hprc4_L100000_1169	HG00438.2	HG00438#2#JAHBCA010000043.1	18694522	100000
hprc4_L100000_1170	HG00621.1	HG00621#1#JAHBCD010000067.1	2882113	100000
hprc4_L100000_1171	HG00621.2	HG00621#2#JAHBCC010000008.1	23433470	100000
hprc4_L100000_1172	HG00621.2	HG00621#2#JAHBCC010000081.1	1104215	100000
hprc4_L100000_1173	HG00438.1	HG00438#1#JAHBCB010000015.1	24979090	100000
hprc4_L100000_1174	HG00438.2	HG00438#2#JAHBCA010000003.1	20956270	100000
hprc4_L100000_1175	HG00621.1	HG00621#1#JAHBCD010000010.1	68686786	100000
hprc4_L100000_1176	HG00438.2	HG00438#2#JAHBCA010000043.1	19120339	100000
hprc4_L100000_1177	HG00621.1	HG00621#1#JAHBCD010000019.1	19693262	100000
hprc4_L100000_1178	HG00621.2	HG00621#2#JAHBCC010000026.1	3061007	100000
hprc4_L100000_1179	HG00621.1	HG00621#1#JAHBCD010000041.1	71606723	100000
hprc4_L100000_1180	HG00621.2	HG00621#2#JAHBCC010000074.1	5569718	100000
hprc4_L100000_1181	HG00438.1	HG00438#1#JAHBCB010000057.1	3689269	100000
hprc4_L100000_1182	HG00438.1	HG00438#1#JAHBCB010000020.1	12576911	100000
hprc4_L100000_1183	HG00438.2	HG00438#2#JAHBCA010000040.1	52117497	100000
hprc4_L100000_1184	HG00621.2	HG00621#2#JAHBCC010000018.1	72993305	100000
hprc4_L100000_1185	HG00438.2	HG00438#2#JAHBCA010000006.1	13682432	100000
hprc4_L100000_1186	HG00438.2	HG00438#2#JAHBCA010000040.1	34850164	100000
hprc4_L100000_1187	HG00621.1	HG00621#1#JAHBCD010000009.1	17178115	100000
hprc4_L100000_1188	HG00621.2	HG00621#2#JAHBCC010000063.1	1130105	100000
hprc4_L100000_1189	HG00621.1	HG00621#1#JAHBCD010000053.1	5537015	100000
hprc4_L100000_1190	HG00438.2	HG00438#2#JAHBCA010000010.1	84766030	100000
hprc4_L100000_1191	HG00438.1	HG00438#1#JAHBCB010000138.1	545644	100000
hprc4_L100000_1192	HG00438.1	HG00438#1#JAHBCB010000003.1	40956090	100000
hprc4_L100000_1193	HG00438.1	HG00438#1#JAHBCB010000050.1	1914621	100000
hprc4_L100000_1194	HG00621.1	HG00621#1#JAHBCD010000016.1	54437784	100000
hprc4_L100000_1195	HG00438.2	HG00438#2#JAHBCA010000011.1	98186572	100000
hprc4_L100000_1196	HG00438.2	HG00438#2#JAHBCA010000024.1	555596	100000
hprc4_L100000_1197	HG00621.2	HG00621#2#JAHBCC010000050.1	226128	100000
hprc4_L100000_1198	HG00621.2	HG00621#2#JAHBCC010000045.1	45263014	100000
hprc4_L100000_1199	HG00621.2	HG00621#2#JAHBCC010000020.1	53801056	100000
hprc4_L100000_1200	HG00438.1	HG00438#1#JAHBCB010000016.1	42516237	100000
hprc4_L100000_1201	HG00438.1	HG00438#1#JAHBCB010000003.1	10069585	100000
hprc4_L100000_1202	HG00621.2	HG00621#2#JAHBCC010000049.1	8016326	100000
hprc4_L100000_1203	HG00621.2	HG00621#2#JAHBCC010000066.1	19010785	100000
hprc4_L100000_1204	HG00438.1	HG00438#1#JAHBCB010000008.1	34538296	100000
hprc4_L100000_1205	HG00438.2	HG00438#2#JAHBCA010000005.1	35838246	100000
hprc4_L100000_1206	HG00438.2	HG00438#2#JAHBCA010000066.1	5191566	100000
hprc4_L100000_1207	HG00621.2	HG00621#2#JAHBCC010000022.1	21019774	100000
hprc4_L100000_1208	HG00621.1	HG00621#1#JAHBCD010000030.1	4281752	100000
hprc4_L100000_1209	HG00438.1	HG00438#1#JAHBCB010000015.1	66809384	100000
hprc4_L100000_1210	HG00438.2	HG00438#2#JAHBCA010000052.1	24062971	100000
hprc4_L100000_1211	HG00621.2	HG00621#2#JAHBCC010000053.1	12673905	100000
hprc4_L100000_1212	HG00438.2	HG00438#2#JAHBCA010000005.1	17442338	100000
hprc4_L100000_1213	HG00621.2	HG00621#2#JAHBCC010000033.1	37995164	100000
hprc4_L100000_1214	HG00621.1	HG00621#1#JAHBCD010000016.1	60854845	100000
hprc4_L100000_1215	HG00438.2	HG00438#2#JAHBCA010000043.1	700591	100000
hprc4_L100000_1216	HG00621.1	HG00621#1#JAHBCD010000010.1	75473001	100000
hprc4_L100000_1217	HG00438.1	HG00438#1#JAHBCB010000057.1	18155740	100000
hprc4_L100000_1218	HG00621.2	HG00621#2#JAHBCC010000006.1	38935237	100000
hprc4_L100000_1219	HG00438.1	HG00438#1#JAHBCB010000067.1	19148618	100000
hprc4_L100000_1220	HG00621.1	HG00621#1#JAHBCD010000037.1	17516342	100000
hprc4_L100000_1221	HG00621.1	HG00621#1#JAHBCD010000016.1	54079770	100000
hprc4_L100000_1222	HG00438.2	HG00438#2#JAHBCA010000004.1	23947144	100000
hprc4_L100000_1223	HG00438.2	HG00438#2#JAHBCA010000001.1	44331433	100000
hprc4_L100000_1224	HG00621.2	HG00621#2#JAHBCC010000035.1	3351186	100000
hprc4_L100000_1225	HG00621.1	HG00621#1#JAHBCD010000005.1	15577202	100000
hprc4_L100000_1226	HG00438.2	HG00438#2#JAHBCA010000011.1	49134451	100000
hprc4_L100000_1227	HG00438.2	HG00438#2#JAHBCA010000022.1	34236490	100000
hprc4_L100000_1228	HG00438.1	HG00438#1#JAHBCB010000062.1	3942760	100000
hprc4_L100000_1229	HG00621.1	HG00621#1#JAHBCD010000025.1	7832819	100000
hprc4_L100000_1230	HG00438.2	HG00438#2#JAHBCA010000033.1	51161215	100000
hprc4_L100000_1231	HG00438.2	HG00438#2#JAHBCA010000040.1	33952949	100000
hprc4_L100000_1232	HG00621.1	HG00621#1#JAHBCD010000081.1	11175277	100000
hprc4_L100000_1233	HG00438.1	HG00438#1#JAHBCB010000004.1	23439613	100000
hprc4_L100000_1234	HG00621.1	HG00621#1#JAHBCD010000002.1	26304781	100000
hprc4_L100000_1235	HG00438.2	HG00438#2#JAHBCA010000033.1	45954837	100000
hprc4_L100000_1236	HG00621.2	HG00621#2#JAHBCC010000033.1	79893450	100000
hprc4_L100000_1237	HG00621.2	HG00621#2#JAHBCC010000014.1	72103522	100000
hprc4_L100000_1238	HG00621.2	HG00621#2#JAHBCC010000029.1	5577468	100000
hprc4_L100000_1239	HG00438.2	HG00438#2#JAHBCA010000046.1	19618755	100000
hprc4_L100000_1240	HG00438.2	HG00438#2#JAHBCA010000035.1	14637116	100000
hprc4_L100000_1241	HG00621.1	HG00621#1#JAHBCD010000041.1	83257580	100000
hprc4_L100000_1242	HG00438.1	HG00438#1#JAHBCB010000044.1	3957274	100000
hprc4_L100000_1243	HG00621.2	HG00621#2#JAHBCC010000041.1	24788048	100000
hprc4_L100000_1244	HG00438.2	HG00438#2#JAHBCA010000002.1	103945808	100000
hprc4_L100000_1245	HG00438.1	HG00438#1#JAHBCB010000068.1	17726975	100000
hprc4_L100000_1246	HG00621.1	HG00621#1#JAHBCD010000001.1	35113829	100000
hprc4_L100000_1247	HG00621.1	HG00621#1#JAHBCD010000019.1	33543253	100000
hprc4_L100000_1248	HG00438.1	HG00438#1#JAHBCB010000057.1	37137169	100000
hprc4_L100000_1249	HG00438.2	HG00438#2#JAHBCA010000032.1	47442669	100000
hprc4_L100000_1250	HG00621.1	HG00621#1#JAHBCD010000033.1	55569966	100000
hprc4_L100000_1251	HG00621.2	HG00621#2#JAHBCC010000055.1	88023662	100000
hprc4_L100000_1252	HG00438.1	HG00438#1#JAHBCB010000037.1	51056658	100000
hprc4_L100000_1253	HG00438.1	HG00438#1#JAHBCB010000084.1	10021835	100000
hprc4_L100000_1254	HG00621.1	HG00621#1#JAHBCD010000024.1	22615609	100000
hprc4_L100000_1255	HG00438.2	HG00438#2#JAHBCA010000054.1	4708830	100000
hprc4_L100000_1256	HG00621.2	HG00621#2#JAHBCC010000030.1	3972810	100000
hprc4_L100000_1257	HG00438.2	HG00438#2#JAHBCA010000035.1	71191407	100000
hprc4_L100000_1258	HG00621.2	HG00621#2#JAHBCC010000076.1	398218	100000
hprc4_L100000_1259	HG00621.1	HG00621#1#JAHBCD010000041.1	73590559	100000
hprc4_L100000_1260	HG00621.1	HG00621#1#JAHBCD010000022.1	37642130	100000
hprc4_L100000_1261	HG00621.1	HG00621#1#JAHBCD010000005.1	26622340	100000
hprc4_L100000_1262	HG00621.1	HG00621#1#JAHBCD010000127.1	1988169	100000
hprc4_L100000_1263	HG00438.1	HG00438#1#JAHBCB010000016.1	16523085	100000
hprc4_L100000_1264	HG00621.1	HG00621#1#JAHBCD010000038.1	5369784	100000
hprc4_L100000_1265	HG00621.1	HG00621#1#JAHBCD010000014.1	50469604	100000
hprc4_L100000_1266	HG00621.1	HG00621#1#JAHBCD010000016.1	47458934	100000
hprc4_L100000_1267	HG00621.2	HG00621#2#JAHBCC010000028.1	42813417	100000
hprc4_L100000_1268	HG00438.1	HG00438#1#JAHBCB010000030.1	11434849	100000
hprc4_L100000_1269	HG00621.2	HG00621#2#JAHBCC010000006.1	6029390	100000
hprc4_L100000_1270	HG00621.1	HG00621#1#JAHBCD010000042.1	8530563	100000
hprc4_L100000_1271	HG00438.2	HG00438#2#JAHBCA010000050.1	30240924	100000
hprc4_L100000_1272	HG00621.1	HG00621#1#JAHBCD010000024.1	3218699	100000
hprc4_L100000_1273	HG00438.2	HG00438#2#JAHBCA010000003.1	47670612	100000
hprc4_L100000_1274	HG00438.1	HG00438#1#JAHBCB010000040.1	19211609	100000
hprc4_L100000_1275	HG00438.1	HG00438#1#JAHBCB010000020.1	5294367	100000
hprc4_L100000_1276	HG00438.1	HG00438#1#JAHBCB010000023.1	10606642	100000
hprc4_L100000_1277	HG00621.1	HG00621#1#JAHBCD010000031.1	25849404	100000
hprc4_L100000_1278	HG00621.1	HG00621#1#JAHBCD010000003.1	3220051	100000
hprc4_L100000_1279	HG00438.1	HG00438#1#JAHBCB010000001.1	19277174	100000
hprc4_L100000_1280	HG00438.2	HG00438#2#JAHBCA010000087.1	14396542	100000
hprc4_L100000_1281	HG00438.2	HG00438#2#JAHBCA010000012.1	23061072	100000
hprc4_L100000_1282	HG00621.1	HG00621#1#JAHBCD010000055.1	12598070	100000
hprc4_L100000_1283	HG00621.1	HG00621#1#JAHBCD010000066.1	3049397	100000
hprc4_L100000_1284	HG00438.1	HG00438#1#JAHBCB010000088.1	2503008	100000
hprc4_L100000_1285	HG00438.1	HG00438#1#JAHBCB010000006.1	41474676	100000
hprc4_L100000_1286	HG00438.2	HG00438#2#JAHBCA010000005.1	56288193	100000
hprc4_L100000_1287	HG00438.2	HG00438#2#JAHBCA010000005.1	57680771	100000
hprc4_L100000_1288	HG00438.2	HG00438#2#JAHBCA010000006.1	15006930	100000
hprc4_L100000_1289	HG00621.2	HG00621#2#JAHBCC010000006.1	110140552	100000
hprc4_L100000_1290	HG00621.1	HG00621#1#JAHBCD010000014.1	53985874	100000
hprc4_L100000_1291	HG00621.2	HG00621#2#JAHBCC010000008.1	1873684	100000
hprc4_L100000_1292	HG00438.1	HG00438#1#JAHBCB010000003.1	108469730	100000
hprc4_L100000_1293	HG00438.1	HG00438#1#JAHBCB010000041.1	27103460	100000
hprc4_L100000_1294	HG00438.1	HG00438#1#JAHBCB010000003.1	16322288	100000
hprc4_L100000_1295	HG00621.2	HG00621#2#JAHBCC010000079.1	1406886	100000
hprc4_L100000_1296	HG00621.2	HG00621#2#JAHBCC010000032.1	25809800	100000
hprc4_L100000_1297	HG00621.2	HG00621#2#JAHBCC010000033.1	82098605	100000
hprc4_L100000_1298	HG00438.2	HG00438#2#JAHBCA010000086.1	2456448	100000
hprc4_L100000_1299	HG00621.2	HG00621#2#JAHBCC010000020.1	14778391	100000
hprc4_L100000_1300	HG00438.2	HG00438#2#JAHBCA010000035.1	76906901	100000
hprc4_L100000_1301	HG00438.2	HG00438#2#JAHBCA010000035.1	61516966	100000
hprc4_L100000_1302	HG00621.1	HG00621#1#JAHBCD010000059.1	34244	100000
hprc4_L100000_1303	HG00621.2	HG00621#2#JAHBCC010000055.1	93831619	100000
hprc4_L100000_1304	HG00438.2	HG00438#2#JAHBCA010000007.1	3893908	100000
hprc4_L100000_1305	HG00621.2	HG00621#2#JAHBCC010000051.1	28624907	100000
hprc4_L100000_1306	HG00438.1	HG00438#1#JAHBCB010000012.1	4655182	100000
hprc4_L100000_1307	HG00438.2	HG00438#2#JAHBCA010000016.1	14312018	100000
hprc4_L100000_1308	HG00621.1	HG00621#1#JAHBCD010000041.1	30067895	100000
hprc4_L100000_1309	HG00621.2	HG00621#2#JAHBCC010000007.1	41270282	100000
hprc4_L100000_1310	HG00438.2	HG00438#2#JAHBCA010000032.1	41390030	100000
hprc4_L100000_1311	HG00438.2	HG00438#2#JAHBCA010000045.1	25885919	100000
hprc4_L100000_1312	HG00438.1	HG00438#1#JAHBCB010000010.1	7915640	100000
hprc4_L100000_1313	HG00438.1	HG00438#1#JAHBCB010000008.1	83878275	100000
hprc4_L100000_1314	HG00438.2	HG00438#2#JAHBCA010000076.1	14007145	100000
hprc4_L100000_1315	HG00438.1	HG00438#1#JAHBCB010000002.1	10764587	100000
hprc4_L100000_1316	HG00621.2	HG00621#2#JAHBCC010000045.1	33145117	100000
hprc4_L100000_1317	HG00438.2	HG00438#2#JAHBCA010000015.1	23121386	100000
hprc4_L100000_1318	HG00621.2	HG00621#2#JAHBCC010000039.1	63421514	100000
hprc4_L100000_1319	HG00621.1	HG00621#1#JAHBCD010000010.1	42068892	100000
hprc4_L100000_1320	HG00621.1	HG00621#1#JAHBCD010000051.1	5845593	100000
hprc4_L100000_1321	HG00621.1	HG00621#1#JAHBCD010000031.1	35679433	100000
hprc4_L100000_1322	HG00438.1	HG00438#1#JAHBCB010000075.1	18347032	100000
hprc4_L100000_1323	HG00438.1	HG00438#1#JAHBCB010000097.1	22444898	100000
hprc4_L100000_1324	HG00621.2	HG00621#2#JAHBCC010000039.1	15898129	100000
hprc4_L100000_1325	HG00621.2	HG00621#2#JAHBCC010000101.1	2605403	100000
hprc4_L100000_1326	HG00621.2	HG00621#2#JAHBCC010000014.1	33428264	100000
hprc4_L100000_1327	HG00438.2	HG00438#2#JAHBCA010000076.1	9620386	100000
hprc4_L100000_1328	HG00438.2	HG00438#2#JAHBCA010000086.1	10040312	100000
hprc4_L100000_1329	HG00438.1	HG00438#1#JAHBCB010000058.1	24701771	100000
hprc4_L100000_1330	HG00438.2	HG00438#2#JAHBCA010000025.1	9740248	100000
hprc4_L100000_1331	HG00621.1	HG00621#1#JAHBCD010000001.1	70785833	100000
hprc4_L100000_1332	HG00438.1	HG00438#1#JAHBCB010000016.1	86096974	100000
hprc4_L100000_1333	HG00438.1	HG00438#1#JAHBCB010000044.1	38363003	100000
hprc4_L100000_1334	HG00621.2	HG00621#2#JAHBCC010000021.1	7244568	100000
hprc4_L100000_1335	HG00438.1	HG00438#1#JAHBCB010000042.1	9137452	100000
hprc4_L100000_1336	HG00621.1	HG00621#1#JAHBCD010000020.1	54346917	100000
hprc4_L100000_1337	HG00438.1	HG00438#1#JAHBCB010000088.1	316249	100000
hprc4_L100000_1338	HG00621.1	HG00621#1#JAHBCD010000062.1	11393763	100000
hprc4_L100000_1339	HG00621.2	HG00621#2#JAHBCC010000033.1	72965201	100000
hprc4_L100000_1340	HG00438.2	HG00438#2#JAHBCA010000063.1	19027807	100000
hprc4_L100000_1341	HG00621.1	HG00621#1#JAHBCD010000064.1	55986766	100000
hprc4_L100000_1342	HG00621.2	HG00621#2#JAHBCC010000018.1	80305285	100000
hprc4_L100000_1343	HG00621.2	HG00621#2#JAHBCC010000054.1	4363885	100000
hprc4_L100000_1344	HG00621.1	HG00621#1#JAHBCD010000001.1	67769769	100000
hprc4_L100000_1345	HG00438.1	HG00438#1#JAHBCB010000030.1	23808828	100000
hprc4_L100000_1346	HG00621.2	HG00621#2#JAHBCC010000020.1	26468562	100000
hprc4_L100000_1347	HG00438.1	HG00438#1#JAHBCB010000003.1	92098989	100000
hprc4_L100000_1348	HG00438.1	HG00438#1#JAHBCB010000019.1	41325648	100000
hprc4_L100000_1349	HG00438.2	HG00438#2#JAHBCA010000005.1	49416967	100000
hprc4_L100000_1350	HG00438.2	HG00438#2#JAHBCA010000037.1	4207998	100000
hprc4_L100000_1351	HG00621.1	HG00621#1#JAHBCD010000008.1	24925906	100000
hprc4_L100000_1352	HG00438.1	HG00438#1#JAHBCB010000024.1	42170347	100000
hprc4_L100000_1353	HG00438.2	HG00438#2#JAHBCA010000027.1	8681095	100000
hprc4_L100000_1354	HG00438.1	HG00438#1#JAHBCB010000062.1	15747348	100000
hprc4_L100000_1355	HG00621.1	HG00621#1#JAHBCD010000025.1	26780179	100000
hprc4_L100000_1356	HG00438.1	HG00438#1#JAHBCB010000072.1	632883	100000
hprc4_L100000_1357	HG00621.1	HG00621#1#JAHBCD010000031.1	46640803	100000
hprc4_L100000_1358	HG00438.2	HG00438#2#JAHBCA010000142.1	4326214	100000
hprc4_L100000_1359	HG00621.1	HG00621#1#JAHBCD010000006.1	31108152	100000
hprc4_L100000_1360	HG00621.1	HG00621#1#JAHBCD010000055.1	8981795	100000
hprc4_L100000_1361	HG00438.1	HG00438#1#JAHBCB010000027.1	19651360	100000
hprc4_L100000_1362	HG00621.2	HG00621#2#JAHBCC010000015.1	21224594	100000
hprc4_L100000_1363	HG00621.1	HG00621#1#JAHBCD010000063.1	24382716	100000
hprc4_L100000_1364	HG00438.1	HG00438#1#JAHBCB010000019.1	784554	100000
hprc4_L100000_1365	HG00438.1	HG00438#1#JAHBCB010000024.1	56861156	100000
hprc4_L100000_1366	HG00438.1	HG00438#1#JAHBCB010000076.1	12656631	100000
hprc4_L100000_1367	HG00438.2	HG00438#2#JAHBCA010000025.1	33791999	100000
hprc4_L100000_1368	HG00438.1	HG00438#1#JAHBCB010000012.1	5601391	100000
hprc4_L100000_1369	HG00621.1	HG00621#1#JAHBCD010000076.1	2895838	100000
hprc4_L100000_1370	HG00621.1	HG00621#1#JAHBCD010000045.1	6944956	100000
hprc4_L100000_1371	HG00438.1	HG00438#1#JAHBCB010000048.1	15293149	100000
hprc4_L100000_1372	HG00438.2	HG00438#2#JAHBCA010000022.1	8377091	100000
hprc4_L100000_1373	HG00621.1	HG00621#1#JAHBCD010000006.1	21581299	100000
hprc4_L100000_1374	HG00621.2	HG00621#2#JAHBCC010000014.1	77160652	100000
hprc4_L100000_1375	HG00621.1	HG00621#1#JAHBCD010000031.1	36528995	100000
hprc4_L100000_1376	HG00438.1	HG00438#1#JAHBCB010000032.1	13635533	100000
hprc4_L100000_1377	HG00438.1	HG00438#1#JAHBCB010000012.1	10643799	100000
hprc4_L100000_1378	HG00621.1	HG00621#1#JAHBCD010000001.1	62504539	100000
hprc4_L100000_1379	HG00621.2	HG00621#2#JAHBCC010000060.1	36979120	100000
hprc4_L100000_1380	HG00438.1	HG00438#1#JAHBCB010000030.1	18059508	100000
hprc4_L100000_1381	HG00438.2	HG00438#2#JAHBCA010000014.1	33085553	100000
hprc4_L100000_1382	HG00621.2	HG00621#2#JAHBCC010000072.1	29540176	100000
hprc4_L100000_1383	HG00438.1	HG00438#1#JAHBCB010000003.1	22044955	100000
hprc4_L100000_1384	HG00621.1	HG00621#1#JAHBCD010000023.1	8520824	100000
hprc4_L100000_1385	HG00621.1	HG00621#1#JAHBCD010000011.1	1373934	100000
hprc4_L100000_1386	HG00621.2	HG00621#2#JAHBCC010000071.1	207200	100000
hprc4_L100000_1387	HG00438.1	HG00438#1#JAHBCB010000033.1	17110238	100000
hprc4_L100000_1388	HG00621.2	HG00621#2#JAHBCC010000072.1	17113776	100000
hprc4_L100000_1389	HG00621.2	HG00621#2#JAHBCC010000031.1	12660947	100000
hprc4_L100000_1390	HG00621.1	HG00621#1#JAHBCD010000075.1	2240732	100000
hprc4_L100000_1391	HG00621.1	HG00621#1#JAHBCD010000009.1	86438630	100000
hprc4_L100000_1392	HG00621.1	HG00621#1#JAHBCD010000006.1	9197577	100000
hprc4_L100000_1393	HG00621.1	HG00621#1#JAHBCD010000009.1	8468158	100000
hprc4_L100000_1394	HG00438.1	HG00438#1#JAHBCB010000072.1	8035324	100000
hprc4_L100000_1395	HG00438.2	HG00438#2#JAHBCA010000021.1	2957021	100000
hprc4_L100000_1396	HG00621.1	HG00621#1#JAHBCD010000021.1	40855115	100000
hprc4_L100000_1397	HG00621.1	HG00621#1#JAHBCD010000026.1	34185058	100000
hprc4_L100000_1398	HG00621.2	HG00621#2#JAHBCC010000004.1	15506718	100000
hprc4_L100000_1399	HG00438.1	HG00438#1#JAHBCB010000003.1	112676295	100000
hprc4_L100000_1400	HG00621.1	HG00621#1#JAHBCD010000021.1	23752045	100000
hprc4_L100000_1401	HG00621.1	HG00621#1#JAHBCD010000020.1	29016822	100000
hprc4_L100000_1402	HG00438.2	HG00438#2#JAHBCA010000057.1	3971562	100000
hprc4_L100000_1403	HG00621.2	HG00621#2#JAHBCC010000036.1	5352477	100000
hprc4_L100000_1404	HG00621.1	HG00621#1#JAHBCD010000033.1	62848968	100000
hprc4_L100000_1405	HG00438.2	HG00438#2#JAHBCA010000048.1	8033594	100000
hprc4_L100000_1406	HG00438.2	HG00438#2#JAHBCA010000042.1	38953606	100000
hprc4_L100000_1407	HG00621.1	HG00621#1#JAHBCD010000012.1	5714270	100000
hprc4_L100000_1408	HG00438.1	HG00438#1#JAHBCB010000022.1	4518740	100000
hprc4_L100000_1409	HG00438.1	HG00438#1#JAHBCB010000012.1	7701249	100000
hprc4_L100000_1410	HG00438.1	HG00438#1#JAHBCB010000074.1	2174175	100000
hprc4_L100000_1411	HG00438.1	HG00438#1#JAHBCB010000014.1	41856515	100000
hprc4_L100000_1412	HG00438.2	HG00438#2#JAHBCA010000005.1	3888025	100000
hprc4_L100000_1413	HG00438.1	HG00438#1#JAHBCB010000016.1	19324585	100000
hprc4_L100000_1414	HG00438.2	HG00438#2#JAHBCA010000015.1	27220833	100000
hprc4_L100000_1415	HG00621.2	HG00621#2#JAHBCC010000020.1	20829396	100000
hprc4_L100000_1416	HG00438.1	HG00438#1#JAHBCB010000037.1	101722420	100000
hprc4_L100000_1417	HG00621.1	HG00621#1#JAHBCD010000064.1	16294171	100000
hprc4_L100000_1418	HG00438.1	HG00438#1#JAHBCB010000019.1	48020702	100000
hprc4_L100000_1419	HG00438.2	HG00438#2#JAHBCA010000005.1	70160704	100000
hprc4_L100000_1420	HG00438.1	HG00438#1#JAHBCB010000021.1	28474706	100000
hprc4_L100000_1421	HG00621.2	HG00621#2#JAHBCC010000005.1	20372365	100000
hprc4_L100000_1422	HG00438.2	HG00438#2#JAHBCA010000067.1	8129959	100000
hprc4_L100000_1423	HG00438.1	HG00438#1#JAHBCB010000015.1	33850110	100000
hprc4_L100000_1424	HG00438.2	HG00438#2#JAHBCA010000035.1	39437070	100000
hprc4_L100000_1425	HG00621.1	HG00621#1#JAHBCD010000022.1	48412331	100000
hprc4_L100000_1426	HG00438.2	HG00438#2#JAHBCA010000032.1	29077405	100000
hprc4_L100000_1427	HG00621.1	HG00621#1#JAHBCD010000062.1	14971639	100000
hprc4_L100000_1428	HG00438.1	HG00438#1#JAHBCB010000121.1	1104981	100000
hprc4_L100000_1429	HG00621.1	HG00621#1#JAHBCD010000066.1	8335715	100000
hprc4_L100000_1430	HG00621.2	HG00621#2#JAHBCC010000005.1	8157671	100000
hprc4_L100000_1431	HG00438.2	HG00438#2#JAHBCA010000048.1	24502567	100000
hprc4_L100000_1432	HG00438.1	HG00438#1#JAHBCB010000032.1	43360558	100000
hprc4_L100000_1433	HG00621.2	HG00621#2#JAHBCC010000045.1	11887134	100000
hprc4_L100000_1434	HG00438.2	HG00438#2#JAHBCA010000001.1	42261626	100000
hprc4_L100000_1435	HG00621.2	HG00621#2#JAHBCC010000027.1	14222428	100000
hprc4_L100000_1436	HG00621.1	HG00621#1#JAHBCD010000005.1	15639651	100000
hprc4_L100000_1437	HG00438.2	HG00438#2#JAHBCA010000002.1	68416025	100000
hprc4_L100000_1438	HG00621.2	HG00621#2#JAHBCC010000018.1	17939262	100000
hprc4_L100000_1439	HG00438.1	HG00438#1#JAHBCB010000022.1	42711619	100000
hprc4_L100000_1440	HG00621.2	HG00621#2#JAHBCC010000022.1	30926903	100000
hprc4_L100000_1441	HG00438.1	HG00438#1#JAHBCB010000097.1	4623302	100000
hprc4_L100000_1442	HG00621.1	HG00621#1#JAHBCD010000064.1	43421342	100000
hprc4_L100000_1443	HG00438.1	HG00438#1#JAHBCB010000025.1	22836008	100000
hprc4_L100000_1444	HG00621.2	HG00621#2#JAHBCC010000018.1	30684649	100000
hprc4_L100000_1445	HG00621.1	HG00621#1#JAHBCD010000038.1	1149651	100000
hprc4_L100000_1446	HG00621.1	HG00621#1#JAHBCD010000016.1	13301794	100000
hprc4_L100000_1447	HG00438.1	HG00438#1#JAHBCB010000033.1	9124794	100000
hprc4_L100000_1448	HG00621.2	HG00621#2#JAHBCC010000095.1	4792800	100000
hprc4_L100000_1449	HG00438.1	HG00438#1#JAHBCB010000003.1	92213438	100000
hprc4_L100000_1450	HG00438.1	HG00438#1#JAHBCB010000018.1	24073340	100000
hprc4_L100000_1451	HG00621.1	HG00621#1#JAHBCD010000063.1	23470279	100000
hprc4_L100000_1452	HG00438.1	HG00438#1#JAHBCB010000019.1	97460434	100000
hprc4_L100000_1453	HG00621.2	HG00621#2#JAHBCC010000002.1	3256144	100000
hprc4_L100000_1454	HG00438.2	HG00438#2#JAHBCA010000012.1	72021505	100000
hprc4_L100000_1455	HG00438.1	HG00438#1#JAHBCB010000018.1	34255141	100000
hprc4_L100000_1456	HG00621.1	HG00621#1#JAHBCD010000011.1	23764010	100000
hprc4_L100000_1457	HG00438.1	HG00438#1#JAHBCB010000044.1	39246383	100000
hprc4_L100000_1458	HG00438.1	HG00438#1#JAHBCB010000006.1	42238304	100000
hprc4_L100000_1459	HG00621.2	HG00621#2#JAHBCC010000008.1	6450727	100000
hprc4_L100000_1460	HG00621.1	HG00621#1#JAHBCD010000029.1	12995418	100000
hprc4_L100000_1461	HG00438.2	HG00438#2#JAHBCA010000044.1	16105826	100000
hprc4_L100000_1462	HG00438.2	HG00438#2#JAHBCA010000002.1	528591	100000
hprc4_L100000_1463	HG00438.1	HG00438#1#JAHBCB010000041.1	47351292	100000
hprc4_L100000_1464	HG00621.2	HG00621#2#JAHBCC010000024.1	52755182	100000
hprc4_L100000_1465	HG00438.1	HG00438#1#JAHBCB010000037.1	39073393	100000
hprc4_L100000_1466	HG00621.1	HG00621#1#JAHBCD010000037.1	4551608	100000
hprc4_L100000_1467	HG00621.1	HG00621#1#JAHBCD010000057.1	2997641	100000
hprc4_L100000_1468	HG00438.2	HG00438#2#JAHBCA010000020.1	7546953	100000
hprc4_L100000_1469	HG00438.2	HG00438#2#JAHBCA010000024.1	11358082	100000
hprc4_L100000_1470	HG00621.2	HG00621#2#JAHBCC010000028.1	75499212	100000
hprc4_L100000_1471	HG00438.1	HG00438#1#JAHBCB010000066.1	15770193	100000
hprc4_L100000_1472	HG00621.2	HG00621#2#JAHBCC010000067.1	20325357	100000
hprc4_L100000_1473	HG00438.2	HG00438#2#JAHBCA010000013.1	1707115	100000
hprc4_L100000_1474	HG00438.2	HG00438#2#JAHBCA010000008.1	34105622	100000
hprc4_L100000_1475	HG00621.2	HG00621#2#JAHBCC010000017.1	26564070	100000
hprc4_L100000_1476	HG00621.1	HG00621#1#JAHBCD010000098.1	5744351	100000
hprc4_L100000_1477	HG00621.2	HG00621#2#JAHBCC010000028.1	33563004	100000
hprc4_L100000_1478	HG00438.1	HG00438#1#JAHBCB010000038.1	19157039	100000
hprc4_L100000_1479	HG00438.2	HG00438#2#JAHBCA010000055.1	38866443	100000
hprc4_L100000_1480	HG00621.1	HG00621#1#JAHBCD010000009.1	21164532	100000
hprc4_L100000_1481	HG00438.1	HG00438#1#JAHBCB010000015.1	41798240	100000
hprc4_L100000_1482	HG00438.2	HG00438#2#JAHBCA010000045.1	29363791	100000
hprc4_L100000_1483	HG00621.2	HG00621#2#JAHBCC010000064.1	4902805	100000
hprc4_L100000_1484	HG00621.1	HG00621#1#JAHBCD010000134.1	638598	100000
hprc4_L100000_1485	HG00438.1	HG00438#1#JAHBCB010000003.1	71158794	100000
hprc4_L100000_1486	HG00438.2	HG00438#2#JAHBCA010000004.1	40049014	100000
hprc4_L100000_1487	HG00621.2	HG00621#2#JAHBCC010000073.1	4522439	100000
hprc4_L100000_1488	HG00438.1	HG00438#1#JAHBCB010000044.1	25119952	100000
hprc4_L100000_1489	HG00621.1	HG00621#1#JAHBCD010000022.1	85400778	100000
hprc4_L100000_1490	HG00438.2	HG00438#2#JAHBCA010000046.1	45322564	100000
hprc4_L100000_1491	HG00438.2	HG00438#2#JAHBCA010000082.1	15984057	100000
hprc4_L100000_1492	HG00438.1	HG00438#1#JAHBCB010000065.1	2261736	100000
hprc4_L100000_1493	HG00438.2	HG00438#2#JAHBCA010000035.1	76378144	100000
hprc4_L100000_1494	HG00621.1	HG00621#1#JAHBCD010000084.1	7962954	100000
hprc4_L100000_1495	HG00438.2	HG00438#2#JAHBCA010000010.1	9441708	100000
hprc4_L100000_1496	HG00438.2	HG00438#2#JAHBCA010000011.1	81948476	100000
hprc4_L100000_1497	HG00621.1	HG00621#1#JAHBCD010000005.1	27356328	100000
hprc4_L100000_1498	HG00438.2	HG00438#2#JAHBCA010000159.1	507145	100000
hprc4_L100000_1499	HG00621.1	HG00621#1#JAHBCD010000021.1	8721700	100000
hprc4_L100000_1500	HG00438.1	HG00438#1#JAHBCB010000016.1	49082951	100000
hprc4_L100000_1501	HG00438.2	HG00438#2#JAHBCA010000011.1	41314553	100000
hprc4_L100000_1502	HG00621.2	HG00621#2#JAHBCC010000039.1	69998021	100000
hprc4_L100000_1503	HG00438.1	HG00438#1#JAHBCB010000045.1	42183218	100000
hprc4_L100000_1504	HG00621.2	HG00621#2#JAHBCC010000081.1	1568761	100000
hprc4_L100000_1505	HG00438.2	HG00438#2#JAHBCA010000005.1	11803342	100000
hprc4_L100000_1506	HG00621.1	HG00621#1#JAHBCD010000066.1	26813818	100000
hprc4_L100000_1507	HG00438.2	HG00438#2#JAHBCA010000026.1	12730189	100000
hprc4_L100000_1508	HG00621.1	HG00621#1#JAHBCD010000029.1	33383336	100000
hprc4_L100000_1509	HG00438.2	HG00438#2#JAHBCA010000001.1	9112907	100000
hprc4_L100000_1510	HG00621.1	HG00621#1#JAHBCD010000027.1	22180136	100000
hprc4_L100000_1511	HG00621.2	HG00621#2#JAHBCC010000101.1	840016	100000
hprc4_L100000_1512	HG00438.1	HG00438#1#JAHBCB010000045.1	26686056	100000
hprc4_L100000_1513	HG00438.2	HG00438#2#JAHBCA010000025.1	7135940	100000
hprc4_L100000_1514	HG00438.1	HG00438#1#JAHBCB010000032.1	1095358	100000
hprc4_L100000_1515	HG00621.1	HG00621#1#JAHBCD010000019.1	10365784	100000
hprc4_L100000_1516	HG00438.2	HG00438#2#JAHBCA010000008.1	31389906	100000
hprc4_L100000_1517	HG00621.2	HG00621#2#JAHBCC010000100.1	781647	100000
hprc4_L100000_1518	HG00438.1	HG00438#1#JAHBCB010000022.1	33192638	100000
hprc4_L100000_1519	HG00438.2	HG00438#2#JAHBCA010000057.1	24315764	100000
hprc4_L100000_1520	HG00621.1	HG00621#1#JAHBCD010000047.1	87989289	100000
hprc4_L100000_1521	HG00621.2	HG00621#2#JAHBCC010000056.1	22668517	100000
hprc4_L100000_1522	HG00621.1	HG00621#1#JAHBCD010000020.1	15443470	100000
hprc4_L100000_1523	HG00438.1	HG00438#1#JAHBCB010000009.1	13201615	100000
hprc4_L100000_1524	HG00438.2	HG00438#2#JAHBCA010000057.1	5066582	100000
hprc4_L100000_1525	HG00438.2	HG00438#2#JAHBCA010000032.1	30242960	100000
hprc4_L100000_1526	HG00621.2	HG00621#2#JAHBCC010000075.1	9857407	100000
hprc4_L100000_1527	HG00438.2	HG00438#2#JAHBCA010000046.1	90486792	100000
hprc4_L100000_1528	HG00438.2	HG00438#2#JAHBCA010000057.1	28205629	100000
hprc4_L100000_1529	HG00621.1	HG00621#1#JAHBCD010000105.1	2649539	100000
hprc4_L100000_1530	HG00438.1	HG00438#1#JAHBCB010000057.1	50402696	100000
hprc4_L100000_1531	HG00621.1	HG00621#1#JAHBCD010000014.1	61465806	100000
hprc4_L100000_1532	HG00438.2	HG00438#2#JAHBCA010000002.1	70299518	100000
hprc4_L100000_1533	HG00438.2	HG00438#2#JAHBCA010000033.1	36486518	100000
hprc4_L100000_1534	HG00438.2	HG00438#2#JAHBCA010000008.1	78164847	100000
hprc4_L100000_1535	HG00438.1	HG00438#1#JAHBCB010000003.1	22648119	100000
hprc4_L100000_1536	HG00438.2	HG00438#2#JAHBCA010000040.1	8065315	100000
hprc4_L100000_1537	HG00621.1	HG00621#1#JAHBCD010000006.1	13554763	100000
hprc4_L100000_1538	HG00438.2	HG00438#2#JAHBCA010000001.1	30977006	100000
hprc4_L100000_1539	HG00621.1	HG00621#1#JAHBCD010000013.1	14648155	100000
hprc4_L100000_1540	HG00621.2	HG00621#2#JAHBCC010000026.1	25149623	100000
hprc4_L100000_1541	HG00621.2	HG00621#2#JAHBCC010000006.1	75479692	100000
hprc4_L100000_1542	HG00621.2	HG00621#2#JAHBCC010000020.1	73153600	100000
hprc4_L100000_1543	HG00621.2	HG00621#2#JAHBCC010000066.1	55416133	100000
hprc4_L100000_1544	HG00438.1	HG00438#1#JAHBCB010000051.1	14048207	100000
hprc4_L100000_1545	HG00438.1	HG00438#1#JAHBCB010000019.1	37580291	100000
hprc4_L100000_1546	HG00621.1	HG00621#1#JAHBCD010000041.1	7771594	100000
hprc4_L100000_1547	HG00621.1	HG00621#1#JAHBCD010000017.1	9904772	100000
hprc4_L100000_1548	HG00621.1	HG00621#1#JAHBCD010000009.1	66418321	100000
hprc4_L100000_1549	HG00621.2	HG00621#2#JAHBCC010000024.1	68072036	100000
hprc4_L100000_1550	HG00438.2	HG00438#2#JAHBCA010000095.1	2928794	100000
hprc4_L100000_1551	HG00621.1	HG00621#1#JAHBCD010000041.1	20744284	100000
hprc4_L100000_1552	HG00438.2	HG00438#2#JAHBCA010000022.1	36394888	100000
hprc4_L100000_1553	HG00621.2	HG00621#2#JAHBCC010000006.1	110980448	100000
hprc4_L100000_1554	HG00438.2	HG00438#2#JAHBCA010000069.1	12015801	100000
hprc4_L100000_1555	HG00438.2	HG00438#2#JAHBCA010000002.1	119321890	100000
hprc4_L100000_1556	HG00438.1	HG00438#1#JAHBCB010000018.1	134374211	100000
hprc4_L100000_1557	HG00621.1	HG00621#1#JAHBCD010000002.1	68257281	100000
hprc4_L100000_1558	HG00621.1	HG00621#1#JAHBCD010000050.1	36936417	100000
hprc4_L100000_1559	HG00438.2	HG00438#2#JAHBCA010000046.1	46798262	100000
hprc4_L100000_1560	HG00438.1	HG00438#1#JAHBCB010000003.1	88422250	100000
hprc4_L100000_1561	HG00621.1	HG00621#1#JAHBCD010000070.1	7001775	100000
hprc4_L100000_1562	HG00438.1	HG00438#1#JAHBCB010000085.1	18036392	100000
hprc4_L100000_1563	HG00621.2	HG00621#2#JAHBCC010000032.1	11461813	100000
hprc4_L100000_1564	HG00621.1	HG00621#1#JAHBCD010000005.1	43194628	100000
hprc4_L100000_1565	HG00438.1	HG00438#1#JAHBCB010000015.1	53592150	100000
hprc4_L100000_1566	HG00621.2	HG00621#2#JAHBCC010000044.1	1071161	100000
hprc4_L100000_1567	HG00438.1	HG00438#1#JAHBCB010000042.1	39541750	100000
hprc4_L100000_1568	HG00438.1	HG00438#1#JAHBCB010000045.1	42385144	100000
hprc4_L100000_1569	HG00621.1	HG00621#1#JAHBCD010000002.1	34752180	100000
hprc4_L100000_1570	HG00438.1	HG00438#1#JAHBCB010000014.1	14717669	100000
hprc4_L100000_1571	HG00438.2	HG00438#2#JAHBCA010000024.1	24750827	100000
hprc4_L100000_1572	HG00438.2	HG00438#2#JAHBCA010000004.1	68960772	100000
hprc4_L100000_1573	HG00621.1	HG00621#1#JAHBCD010000069.1	5164608	100000
hprc4_L100000_1574	HG00438.2	HG00438#2#JAHBCA010000036.1	35977972	100000
hprc4_L100000_1575	HG00621.1	HG00621#1#JAHBCD010000057.1	1695109	100000
hprc4_L100000_1576	HG00621.1	HG00621#1#JAHBCD010000013.1	1601754	100000
hprc4_L100000_1577	HG00438.1	HG00438#1#JAHBCB010000037.1	59762950	100000
hprc4_L100000_1578	HG00621.2	HG00621#2#JAHBCC010000034.1	49543952	100000
hprc4_L100000_1579	HG00438.1	HG00438#1#JAHBCB010000042.1	21043299	100000
hprc4_L100000_1580	HG00621.2	HG00621#2#JAHBCC010000023.1	5266322	100000
hprc4_L100000_1581	HG00438.2	HG00438#2#JAHBCA010000008.1	89213887	100000
hprc4_L100000_1582	HG00438.1	HG00438#1#JAHBCB010000032.1	13074472	100000
hprc4_L100000_1583	HG00438.2	HG00438#2#JAHBCA010000017.1	24033972	100000
hprc4_L100000_1584	HG00621.1	HG00621#1#JAHBCD010000002.1	31450127	100000
hprc4_L100000_1585	HG00621.2	HG00621#2#JAHBCC010000006.1	93979957	100000
hprc4_L100000_1586	HG00438.1	HG00438#1#JAHBCB010000057.1	19095406	100000
hprc4_L100000_1587	HG00438.1	HG00438#1#JAHBCB010000069.1	597469	100000
hprc4_L100000_1588	HG00621.2	HG00621#2#JAHBCC010000027.1	11173924	100000
hprc4_L100000_1589	HG00438.1	HG00438#1#JAHBCB010000015.1	48658061	100000
hprc4_L100000_1590	HG00621.1	HG00621#1#JAHBCD010000025.1	23304334	100000
hprc4_L100000_1591	HG00438.2	HG00438#2#JAHBCA010000002.1	127018833	100000
hprc4_L100000_1592	HG00621.1	HG00621#1#JAHBCD010000002.1	77092433	100000
hprc4_L100000_1593	HG00621.2	HG00621#2#JAHBCC010000037.1	2049604	100000
hprc4_L100000_1594	HG00438.2	HG00438#2#JAHBCA010000008.1	55989529	100000
hprc4_L100000_1595	HG00438.2	HG00438#2#JAHBCA010000073.1	9826826	100000
hprc4_L100000_1596	HG00621.2	HG00621#2#JAHBCC010000014.1	36477586	100000
hprc4_L100000_1597	HG00621.2	HG00621#2#JAHBCC010000025.1	10843926	100000
hprc4_L100000_1598	HG00438.2	HG00438#2#JAHBCA010000058.1	4112308	100000
hprc4_L100000_1599	HG00438.1	HG00438#1#JAHBCB010000024.1	51899029	100000
hprc4_L100000_1600	HG00621.2	HG00621#2#JAHBCC010000003.1	12365540	100000
hprc4_L100000_1601	HG00438.2	HG00438#2#JAHBCA010000012.1	69815385	100000
hprc4_L100000_1602	HG00438.2	HG00438#2#JAHBCA010000001.1	46943524	100000
hprc4_L100000_1603	HG00621.2	HG00621#2#JAHBCC010000036.1	2178374	100000
hprc4_L100000_1604	HG00621.2	HG00621#2#JAHBCC010000022.1	83278941	100000
hprc4_L100000_1605	HG00621.1	HG00621#1#JAHBCD010000023.1	18739340	100000
hprc4_L100000_1606	HG00621.2	HG00621#2#JAHBCC010000039.1	296349	100000
hprc4_L100000_1607	HG00621.1	HG00621#1#JAHBCD010000014.1	3639164	100000
hprc4_L100000_1608	HG00438.2	HG00438#2#JAHBCA010000026.1	1986943	100000
hprc4_L100000_1609	HG00621.1	HG00621#1#JAHBCD010000002.1	64630259	100000
hprc4_L100000_1610	HG00621.1	HG00621#1#JAHBCD010000014.1	55610709	100000
hprc4_L100000_1611	HG00438.1	HG00438#1#JAHBCB010000015.1	1327306	100000
hprc4_L100000_1612	HG00621.1	HG00621#1#JAHBCD010000024.1	83054081	100000
hprc4_L100000_1613	HG00621.1	HG00621#1#JAHBCD010000017.1	9605663	100000
hprc4_L100000_1614	HG00621.1	HG00621#1#JAHBCD010000017.1	20299342	100000
hprc4_L100000_1615	HG00621.2	HG00621#2#JAHBCC010000020.1	70801846	100000
hprc4_L100000_1616	HG00438.1	HG00438#1#JAHBCB010000008.1	19662342	100000
hprc4_L100000_1617	HG00621.1	HG00621#1#JAHBCD010000009.1	49926990	100000
hprc4_L100000_1618	HG00438.1	HG00438#1#JAHBCB010000045.1	41764700	100000
hprc4_L100000_1619	HG00438.2	HG00438#2#JAHBCA010000045.1	26185466	100000
hprc4_L100000_1620	HG00438.1	HG00438#1#JAHBCB010000111.1	1003762	100000
hprc4_L100000_1621	HG00438.2	HG00438#2#JAHBCA010000048.1	10586023	100000
hprc4_L100000_1622	HG00621.2	HG00621#2#JAHBCC010000062.1	10796027	100000
hprc4_L100000_1623	HG00438.1	HG00438#1#JAHBCB010000030.1	3928664	100000
hprc4_L100000_1624	HG00621.2	HG00621#2#JAHBCC010000020.1	48183528	100000
hprc4_L100000_1625	HG00621.2	HG00621#2#JAHBCC010000025.1	9098806	100000
hprc4_L100000_1626	HG00438.1	HG00438#1#JAHBCB010000022.1	10332290	100000
hprc4_L100000_1627	HG00621.1	HG00621#1#JAHBCD010000106.1	2187050	100000
hprc4_L100000_1628	HG00438.1	HG00438#1#JAHBCB010000045.1	49478730	100000
hprc4_L100000_1629	HG00621.2	HG00621#2#JAHBCC010000010.1	3971383	100000
hprc4_L100000_1630	HG00438.2	HG00438#2#JAHBCA010000004.1	67217475	100000
hprc4_L100000_1631	HG00621.2	HG00621#2#JAHBCC010000034.1	13167261	100000
hprc4_L100000_1632	HG00438.1	HG00438#1#JAHBCB010000030.1	1104481	100000
hprc4_L100000_1633	HG00621.1	HG00621#1#JAHBCD010000025.1	1540741	100000
hprc4_L100000_1634	HG00621.1	HG00621#1#JAHBCD010000032.1	41899900	100000
hprc4_L100000_1635	HG00621.1	HG00621#1#JAHBCD010000016.1	28644977	100000
hprc4_L100000_1636	HG00621.2	HG00621#2#JAHBCC010000054.1	18384006	100000
hprc4_L100000_1637	HG00621.2	HG00621#2#JAHBCC010000059.1	18007585	100000
hprc4_L100000_1638	HG00438.1	HG00438#1#JAHBCB010000008.1	77291594	100000
hprc4_L100000_1639	HG00438.1	HG00438#1#JAHBCB010000023.1	22021046	100000
hprc4_L100000_1640	HG00438.2	HG00438#2#JAHBCA010000040.1	46807998	100000
hprc4_L100000_1641	HG00621.1	HG00621#1#JAHBCD010000058.1	4874182	100000
hprc4_L100000_1642	HG00438.1	HG00438#1#JAHBCB010000046.1	22921048	100000
hprc4_L100000_1643	HG00438.2	HG00438#2#JAHBCA010000126.1	3637078	100000
hprc4_L100000_1644	HG00438.1	HG00438#1#JAHBCB010000004.1	42225581	100000
hprc4_L100000_1645	HG00438.1	HG00438#1#JAHBCB010000074.1	25829543	100000
hprc4_L100000_1646	HG00438.2	HG00438#2#JAHBCA010000153.1	856366	100000
hprc4_L100000_1647	HG00438.2	HG00438#2#JAHBCA010000014.1	14095265	100000
hprc4_L100000_1648	HG00621.2	HG00621#2#JAHBCC010000109.1	560384	100000
hprc4_L100000_1649	HG00621.2	HG00621#2#JAHBCC010000034.1	11778542	100000
hprc4_L100000_1650	HG00438.2	HG00438#2#JAHBCA010000012.1	9830955	100000
hprc4_L100000_1651	HG00438.2	HG00438#2#JAHBCA010000038.1	3111795	100000
hprc4_L100000_1652	HG00621.2	HG00621#2#JAHBCC010000096.1	1273685	100000
hprc4_L100000_1653	HG00438.1	HG00438#1#JAHBCB010000044.1	8112138	100000
hprc4_L100000_1654	HG00621.2	HG00621#2#JAHBCC010000036.1	10992238	100000
hprc4_L100000_1655	HG00621.1	HG00621#1#JAHBCD010000109.1	14860313	100000
hprc4_L100000_1656	HG00438.1	HG00438#1#JAHBCB010000037.1	84232306	100000
hprc4_L100000_1657	HG00621.1	HG00621#1#JAHBCD010000001.1	22731093	100000
hprc4_L100000_1658	HG00438.2	HG00438#2#JAHBCA010000011.1	69090230	100000
hprc4_L100000_1659	HG00438.1	HG00438#1#JAHBCB010000067.1	5144771	100000
hprc4_L100000_1660	HG00621.2	HG00621#2#JAHBCC010000033.1	79445006	100000
hprc4_L100000_1661	HG00621.2	HG00621#2#JAHBCC010000004.1	40644432	100000
hprc4_L100000_1662	HG00438.2	HG00438#2#JAHBCA010000149.1	1467745	100000
hprc4_L100000_1663	HG00438.2	HG00438#2#JAHBCA010000041.1	13365870	100000
hprc4_L100000_1664	HG00438.2	HG00438#2#JAHBCA010000015.1	33757980	100000
hprc4_L100000_1665	HG00621.2	HG00621#2#JAHBCC010000025.1	11993481	100000
hprc4_L100000_1666	HG00621.1	HG00621#1#JAHBCD010000021.1	35890602	100000
hprc4_L100000_1667	HG00438.1	HG00438#1#JAHBCB010000041.1	3305755	100000
hprc4_L100000_1668	HG00621.2	HG00621#2#JAHBCC010000039.1	66185234	100000
hprc4_L100000_1669	HG00438.1	HG00438#1#JAHBCB010000041.1	21947980	100000
hprc4_L100000_1670	HG00621.2	HG00621#2#JAHBCC010000051.1	38010276	100000
hprc4_L100000_1671	HG00621.1	HG00621#1#JAHBCD010000101.1	13740	100000
hprc4_L100000_1672	HG00438.2	HG00438#2#JAHBCA010000036.1	29217275	100000
hprc4_L100000_1673	HG00621.2	HG00621#2#JAHBCC010000060.1	27697841	100000
hprc4_L100000_1674	HG00621.2	HG00621#2#JAHBCC010000067.1	27837271	100000
hprc4_L100000_1675	HG00621.1	HG00621#1#JAHBCD010000011.1	39463076	100000
hprc4_L100000_1676	HG00438.2	HG00438#2#JAHBCA010000043.1	1816759	100000
hprc4_L100000_1677	HG00438.2	HG00438#2#JAHBCA010000040.1	21620014	100000
hprc4_L100000_1678	HG00621.1	HG00621#1#JAHBCD010000024.1	7591774	100000
hprc4_L100000_1679	HG00621.2	HG00621#2#JAHBCC010000009.1	22057756	100000
hprc4_L100000_1680	HG00438.1	HG00438#1#JAHBCB010000017.1	531211	100000
hprc4_L100000_1681	HG00438.1	HG00438#1#JAHBCB010000075.1	23651387	100000
hprc4_L100000_1682	HG00621.1	HG00621#1#JAHBCD010000047.1	63601381	100000
hprc4_L100000_1683	HG00438.1	HG00438#1#JAHBCB010000008.1	41820845	100000
hprc4_L100000_1684	HG00621.1	HG00621#1#JAHBCD010000115.1	667097	100000
hprc4_L100000_1685	HG00438.1	HG00438#1#JAHBCB010000072.1	10095267	100000
hprc4_L100000_1686	HG00438.2	HG00438#2#JAHBCA010000003.1	835463	100000
hprc4_L100000_1687	HG00621.1	HG00621#1#JAHBCD010000083.1	10150524	100000
hprc4_L100000_1688	HG00621.1	HG00621#1#JAHBCD010000109.1	6807623	100000
hprc4_L100000_1689	HG00621.2	HG00621#2#JAHBCC010000066.1	49185121	100000
hprc4_L100000_1690	HG00621.2	HG00621#2#JAHBCC010000063.1	5031802	100000
hprc4_L100000_1691	HG00621.1	HG00621#1#JAHBCD010000016.1	64706636	100000
hprc4_L100000_1692	HG00438.2	HG00438#2#JAHBCA010000020.1	36941332	100000
hprc4_L100000_1693	HG00621.1	HG00621#1#JAHBCD010000014.1	34267368	100000
hprc4_L100000_1694	HG00621.1	HG00621#1#JAHBCD010000083.1	12076906	100000
hprc4_L100000_1695	HG00438.2	HG00438#2#JAHBCA010000040.1	38828884	100000
hprc4_L100000_1696	HG00438.2	HG00438#2#JAHBCA010000042.1	4490590	100000
hprc4_L100000_1697	HG00438.1	HG00438#1#JAHBCB010000024.1	25471787	100000
hprc4_L100000_1698	HG00621.1	HG00621#1#JAHBCD010000031.1	2138943	100000
hprc4_L100000_1699	HG00438.2	HG00438#2#JAHBCA010000036.1	1703150	100000
hprc4_L100000_1700	HG00438.1	HG00438#1#JAHBCB010000107.1	1026570	100000
hprc4_L100000_1701	HG00438.2	HG00438#2#JAHBCA010000016.1	39126370	100000
hprc4_L100000_1702	HG00438.2	HG00438#2#JAHBCA010000035.1	65763697	100000
hprc4_L100000_1703	HG00621.2	HG00621#2#JAHBCC010000049.1	4138233	100000
hprc4_L100000_1704	HG00438.2	HG00438#2#JAHBCA010000072.1	11454443	100000
hprc4_L100000_1705	HG00621.2	HG00621#2#JAHBCC010000017.1	18313151	100000
hprc4_L100000_1706	HG00621.1	HG00621#1#JAHBCD010000017.1	39027396	100000
hprc4_L100000_1707	HG00438.1	HG00438#1#JAHBCB010000002.1	45599564	100000
hprc4_L100000_1708	HG00438.1	HG00438#1#JAHBCB010000008.1	90362989	100000
hprc4_L100000_1709	HG00438.2	HG00438#2#JAHBCA010000046.1	63901829	100000
hprc4_L100000_1710	HG00438.1	HG00438#1#JAHBCB010000036.1	16184593	100000
hprc4_L100000_1711	HG00621.2	HG00621#2#JAHBCC010000026.1	3675814	100000
hprc4_L100000_1712	HG00438.2	HG00438#2#JAHBCA010000048.1	26416894	100000
hprc4_L100000_1713	HG00621.2	HG00621#2#JAHBCC010000064.1	5328922	100000
hprc4_L100000_1714	HG00621.2	HG00621#2#JAHBCC010000022.1	67556842	100000
hprc4_L100000_1715	HG00438.1	HG00438#1#JAHBCB010000104.1	3183280	100000
hprc4_L100000_1716	HG00621.1	HG00621#1#JAHBCD010000022.1	54963614	100000
hprc4_L100000_1717	HG00621.1	HG00621#1#JAHBCD010000032.1	8829081	100000
hprc4_L100000_1718	HG00621.2	HG00621#2#JAHBCC010000062.1	34665412	100000
hprc4_L100000_1719	HG00438.1	HG00438#1#JAHBCB010000027.1	10929084	100000
hprc4_L100000_1720	HG00621.2	HG00621#2#JAHBCC010000071.1	10890658	100000
hprc4_L100000_1721	HG00438.2	HG00438#2#JAHBCA010000107.1	2133008	100000
hprc4_L100000_1722	HG00621.2	HG00621#2#JAHBCC010000024.1	59374286	100000
hprc4_L100000_1723	HG00621.2	HG00621#2#JAHBCC010000006.1	102010913	100000
hprc4_L100000_1724	HG00438.1	HG00438#1#JAHBCB010000042.1	8262823	100000
hprc4_L100000_1725	HG00621.1	HG00621#1#JAHBCD010000014.1	42336088	100000
hprc4_L100000_1726	HG00621.2	HG00621#2#JAHBCC010000028.1	56097866	100000
hprc4_L100000_1727	HG00621.2	HG00621#2#JAHBCC010000055.1	31111141	100000
hprc4_L100000_1728	HG00621.2	HG00621#2#JAHBCC010000055.1	90182151	100000
hprc4_L100000_1729	HG00621.2	HG00621#2#JAHBCC010000022.1	88284685	100000
hprc4_L100000_1730	HG00621.1	HG00621#1#JAHBCD010000039.1	11174849	100000
hprc4_L100000_1731	HG00621.1	HG00621#1#JAHBCD010000007.1	25362315	100000
hprc4_L100000_1732	HG00621.2	HG00621#2#JAHBCC010000059.1	1988970	100000
hprc4_L100000_1733	HG00621.1	HG00621#1#JAHBCD010000031.1	21296561	100000
hprc4_L100000_1734	HG00438.2	HG00438#2#JAHBCA010000014.1	24305091	100000
hprc4_L100000_1735	HG00438.2	HG00438#2#JAHBCA010000019.1	28016869	100000
hprc4_L100000_1736	HG00621.2	HG00621#2#JAHBCC010000043.1	1081294	100000
hprc4_L100000_1737	HG00438.2	HG00438#2#JAHBCA010000065.1	5059996	100000
hprc4_L100000_1738	HG00621.2	HG00621#2#JAHBCC010000048.1	42189611	100000
hprc4_L100000_1739	HG00621.2	HG00621#2#JAHBCC010000018.1	32178743	100000
hprc4_L100000_1740	HG00438.2	HG00438#2#JAHBCA010000014.1	8066681	100000
hprc4_L100000_1741	HG00438.2	HG00438#2#JAHBCA010000035.1	19078970	100000
hprc4_L100000_1742	HG00438.1	HG00438#1#JAHBCB010000129.1	2676256	100000
hprc4_L100000_1743	HG00621.1	HG00621#1#JAHBCD010000022.1	50211689	100000
hprc4_L100000_1744	HG00621.2	HG00621#2#JAHBCC010000014.1	77467788	100000
hprc4_L100000_1745	HG00438.1	HG00438#1#JAHBCB010000099.1	4141289	100000
hprc4_L100000_1746	HG00438.2	HG00438#2#JAHBCA010000009.1	2954080	100000
hprc4_L100000_1747	HG00438.2	HG00438#2#JAHBCA010000024.1	20421467	100000
hprc4_L100000_1748	HG00621.1	HG00621#1#JAHBCD010000084.1	7052293	100000
hprc4_L100000_1749	HG00438.2	HG00438#2#JAHBCA010000057.1	33517182	100000
hprc4_L100000_1750	HG00621.1	HG00621#1#JAHBCD010000033.1	46044308	100000
hprc4_L100000_1751	HG00621.2	HG00621#2#JAHBCC010000034.1	32223727	100000
hprc4_L100000_1752	HG00621.2	HG00621#2#JAHBCC010000032.1	18727000	100000
hprc4_L100000_1753	HG00621.1	HG00621#1#JAHBCD010000008.1	2470427	100000
hprc4_L100000_1754	HG00621.1	HG00621#1#JAHBCD010000014.1	23302503	100000
hprc4_L100000_1755	HG00438.2	HG00438#2#JAHBCA010000012.1	25461781	100000
hprc4_L100000_1756	HG00438.1	HG00438#1#JAHBCB010000058.1	16967975	100000
hprc4_L100000_1757	HG00438.2	HG00438#2#JAHBCA010000015.1	16241867	100000
hprc4_L100000_1758	HG00621.2	HG00621#2#JAHBCC010000019.1	13367473	100000
hprc4_L100000_1759	HG00621.1	HG00621#1#JAHBCD010000001.1	28914649	100000
hprc4_L100000_1760	HG00621.2	HG00621#2#JAHBCC010000026.1	18009102	100000
hprc4_L100000_1761	HG00621.1	HG00621#1#JAHBCD010000148.1	72876	100000
hprc4_L100000_1762	HG00438.1	HG00438#1#JAHBCB010000018.1	64228506	100000
hprc4_L100000_1763	HG00621.1	HG00621#1#JAHBCD010000109.1	11289904	100000
hprc4_L100000_1764	HG00621.1	HG00621#1#JAHBCD010000017.1	1069534	100000
hprc4_L100000_1765	HG00621.2	HG00621#2#JAHBCC010000049.1	22622144	100000
hprc4_L100000_1766	HG00438.1	HG00438#1#JAHBCB010000078.1	2760737	100000
hprc4_L100000_1767	HG00621.2	HG00621#2#JAHBCC010000066.1	26501965	100000
hprc4_L100000_1768	HG00621.2	HG00621#2#JAHBCC010000019.1	29340374	100000
hprc4_L100000_1769	HG00621.1	HG00621#1#JAHBCD010000053.1	12248202	100000
hprc4_L100000_1770	HG00438.2	HG00438#2#JAHBCA010000052.1	17722200	100000
hprc4_L100000_1771	HG00621.1	HG00621#1#JAHBCD010000013.1	23725907	100000
hprc4_L100000_1772	HG00621.2	HG00621#2#JAHBCC010000033.1	92876547	100000
hprc4_L100000_1773	HG00438.2	HG00438#2#JAHBCA010000011.1	24611938	100000
hprc4_L100000_1774	HG00621.1	HG00621#1#JAHBCD010000081.1	4187807	100000
hprc4_L100000_1775	HG00621.2	HG00621#2#JAHBCC010000019.1	23729520	100000
hprc4_L100000_1776	HG00438.1	HG00438#1#JAHBCB010000008.1	23219905	100000
hprc4_L100000_1777	HG00438.1	HG00438#1#JAHBCB010000011.1	20503263	100000
hprc4_L100000_1778	HG00438.2	HG00438#2#JAHBCA010000008.1	59813558	100000
hprc4_L100000_1779	HG00621.1	HG00621#1#JAHBCD010000028.1	41544392	100000
hprc4_L100000_1780	HG00621.2	HG00621#2#JAHBCC010000018.1	8558474	100000
hprc4_L100000_1781	HG00621.2	HG00621#2#JAHBCC010000001.1	27795727	100000
hprc4_L100000_1782	HG00621.2	HG00621#2#JAHBCC010000040.1	14815126	100000
hprc4_L100000_1783	HG00438.1	HG00438#1#JAHBCB010000071.1	2879117	100000
hprc4_L100000_1784	HG00438.2	HG00438#2#JAHBCA010000043.1	59388773	100000
hprc4_L100000_1785	HG00621.2	HG00621#2#JAHBCC010000014.1	6598252	100000
hprc4_L100000_1786	HG00438.1	HG00438#1#JAHBCB010000008.1	17350538	100000
hprc4_L100000_1787	HG00438.1	HG00438#1#JAHBCB010000017.1	24566156	100000
hprc4_L100000_1788	HG00438.2	HG00438#2#JAHBCA010000030.1	17217945	100000
hprc4_L100000_1789	HG00621.1	HG00621#1#JAHBCD010000078.1	2701070	100000
hprc4_L100000_1790	HG00621.1	HG00621#1#JAHBCD010000032.1	40059321	100000
hprc4_L100000_1791	HG00621.2	HG00621#2#JAHBCC010000006.1	121454030	100000
hprc4_L100000_1792	HG00438.1	HG00438#1#JAHBCB010000024.1	49336645	100000
hprc4_L100000_1793	HG00621.1	HG00621#1#JAHBCD010000024.1	25145600	100000
hprc4_L100000_1794	HG00438.2	HG00438#2#JAHBCA010000063.1	495922	100000
hprc4_L100000_1795	HG00438.1	HG00438#1#JAHBCB010000006.1	23233336	100000
hprc4_L100000_1796	HG00438.2	HG00438#2#JAHBCA010000109.1	285211	100000
hprc4_L100000_1797	HG00438.2	HG00438#2#JAHBCA010000055.1	13736784	100000
hprc4_L100000_1798	HG00621.2	HG00621#2#JAHBCC010000014.1	57956043	100000
hprc4_L100000_1799	HG00438.1	HG00438#1#JAHBCB010000057.1	39186149	100000
hprc4_L100000_1800	HG00438.2	HG00438#2#JAHBCA010000004.1	59168154	100000
hprc4_L100000_1801	HG00438.2	HG00438#2#JAHBCA010000035.1	16188407	100000
hprc4_L100000_1802	HG00438.2	HG00438#2#JAHBCA010000016.1	43266627	100000
hprc4_L100000_1803	HG00621.1	HG00621#1#JAHBCD010000009.1	57211544	100000
hprc4_L100000_1804	HG00438.2	HG00438#2#JAHBCA010000082.1	9143486	100000
hprc4_L100000_1805	HG00438.2	HG00438#2#JAHBCA010000022.1	12419201	100000
hprc4_L100000_1806	HG00621.1	HG00621#1#JAHBCD010000010.1	53214414	100000
hprc4_L100000_1807	HG00621.2	HG00621#2#JAHBCC010000023.1	27981436	100000
hprc4_L100000_1808	HG00621.1	HG00621#1#JAHBCD010000002.1	23194516	100000
hprc4_L100000_1809	HG00438.1	HG00438#1#JAHBCB010000003.1	101554641	100000
hprc4_L100000_1810	HG00621.2	HG00621#2#JAHBCC010000033.1	47058282	100000
hprc4_L100000_1811	HG00438.1	HG00438#1#JAHBCB010000042.1	21513421	100000
hprc4_L100000_1812	HG00438.1	HG00438#1#JAHBCB010000006.1	44151899	100000
hprc4_L100000_1813	HG00438.2	HG00438#2#JAHBCA010000067.1	6234913	100000
hprc4_L100000_1814	HG00438.2	HG00438#2#JAHBCA010000011.1	60925099	100000
hprc4_L100000_1815	HG00621.1	HG00621#1#JAHBCD010000041.1	79185601	100000
hprc4_L100000_1816	HG00621.2	HG00621#2#JAHBCC010000024.1	28953128	100000
hprc4_L100000_1817	HG00438.2	HG00438#2#JAHBCA010000010.1	86169670	100000
hprc4_L100000_1818	HG00621.2	HG00621#2#JAHBCC010000037.1	18530096	100000
hprc4_L100000_1819	HG00438.2	HG00438#2#JAHBCA010000035.1	52993770	100000
hprc4_L100000_1820	HG00438.2	HG00438#2#JAHBCA010000044.1	17773495	100000
hprc4_L100000_1821	HG00438.1	HG00438#1#JAHBCB010000028.1	5954723	100000
hprc4_L100000_1822	HG00438.2	HG00438#2#JAHBCA010000018.1	18105779	100000
hprc4_L100000_1823	HG00438.2	HG00438#2#JAHBCA010000030.1	21851534	100000
hprc4_L100000_1824	HG00438.1	HG00438#1#JAHBCB010000018.1	127665771	100000
hprc4_L100000_1825	HG00621.2	HG00621#2#JAHBCC010000005.1	21376738	100000
hprc4_L100000_1826	HG00621.1	HG00621#1#JAHBCD010000008.1	47604686	100000
hprc4_L100000_1827	HG00621.2	HG00621#2#JAHBCC010000014.1	96088933	100000
hprc4_L100000_1828	HG00621.2	HG00621#2#JAHBCC010000007.1	11428859	100000
hprc4_L100000_1829	HG00438.2	HG00438#2#JAHBCA010000005.1	28156682	100000
hprc4_L100000_1830	HG00438.1	HG00438#1#JAHBCB010000018.1	50725098	100000
hprc4_L100000_1831	HG00621.1	HG00621#1#JAHBCD010000026.1	4891319	100000
hprc4_L100000_1832	HG00438.1	HG00438#1#JAHBCB010000047.1	8846300	100000
hprc4_L100000_1833	HG00621.1	HG00621#1#JAHBCD010000006.1	33311161	100000
hprc4_L100000_1834	HG00438.2	HG00438#2#JAHBCA010000077.1	921621	100000
hprc4_L100000_1835	HG00621.2	HG00621#2#JAHBCC010000087.1	11622150	100000
hprc4_L100000_1836	HG00621.1	HG00621#1#JAHBCD010000014.1	22536623	100000
hprc4_L100000_1837	HG00621.1	HG00621#1#JAHBCD010000020.1	32371837	100000
hprc4_L100000_1838	HG00621.1	HG00621#1#JAHBCD010000027.1	29437854	100000
hprc4_L100000_1839	HG00621.2	HG00621#2#JAHBCC010000019.1	10953322	100000
hprc4_L100000_1840	HG00438.2	HG00438#2#JAHBCA010000005.1	34814736	100000
hprc4_L100000_1841	HG00438.1	HG00438#1#JAHBCB010000097.1	24196076	100000
hprc4_L100000_1842	HG00438.2	HG00438#2#JAHBCA010000071.1	12473673	100000
hprc4_L100000_1843	HG00621.2	HG00621#2#JAHBCC010000079.1	1416790	100000
hprc4_L100000_1844	HG00438.2	HG00438#2#JAHBCA010000050.1	30299548	100000
hprc4_L100000_1845	HG00438.1	HG00438#1#JAHBCB010000031.1	12851276	100000
hprc4_L100000_1846	HG00621.2	HG00621#2#JAHBCC010000039.1	22957414	100000
hprc4_L100000_1847	HG00621.2	HG00621#2#JAHBCC010000018.1	76003656	100000
hprc4_L100000_1848	HG00438.1	HG00438#1#JAHBCB010000004.1	32313316	100000
hprc4_L100000_1849	HG00621.1	HG00621#1#JAHBCD010000020.1	49702658	100000
hprc4_L100000_1850	HG00438.2	HG00438#2#JAHBCA010000046.1	27793996	100000
hprc4_L100000_1851	HG00438.1	HG00438#1#JAHBCB010000095.1	1122218	100000
hprc4_L100000_1852	HG00438.2	HG00438#2#JAHBCA010000019.1	19123579	100000
hprc4_L100000_1853	HG00438.1	HG00438#1#JAHBCB010000018.1	29578134	100000
hprc4_L100000_1854	HG00438.2	HG00438#2#JAHBCA010000033.1	19643815	100000
hprc4_L100000_1855	HG00621.2	HG00621#2#JAHBCC010000072.1	8178437	100000
hprc4_L100000_1856	HG00621.1	HG00621#1#JAHBCD010000020.1	3305554	100000
hprc4_L100000_1857	HG00621.1	HG00621#1#JAHBCD010000080.1	6957627	100000
hprc4_L100000_1858	HG00621.2	HG00621#2#JAHBCC010000034.1	41375749	100000
hprc4_L100000_1859	HG00438.2	HG00438#2#JAHBCA010000010.1	26373506	100000
hprc4_L100000_1860	HG00621.1	HG00621#1#JAHBCD010000047.1	35453750	100000
hprc4_L100000_1861	HG00438.2	HG00438#2#JAHBCA010000036.1	24842809	100000
hprc4_L100000_1862	HG00621.2	HG00621#2#JAHBCC010000087.1	5358576	100000
hprc4_L100000_1863	HG00438.1	HG00438#1#JAHBCB010000024.1	63027109	100000
hprc4_L100000_1864	HG00438.1	HG00438#1#JAHBCB010000076.1	4329618	100000
hprc4_L100000_1865	HG00438.1	HG00438#1#JAHBCB010000031.1	9437654	100000
hprc4_L100000_1866	HG00621.1	HG00621#1#JAHBCD010000083.1	6895332	100000
hprc4_L100000_1867	HG00621.1	HG00621#1#JAHBCD010000062.1	11832103	100000
hprc4_L100000_1868	HG00438.1	HG00438#1#JAHBCB010000022.1	591484	100000
hprc4_L100000_1869	HG00438.1	HG00438#1#JAHBCB010000092.1	17602969	100000
hprc4_L100000_1870	HG00621.1	HG00621#1#JAHBCD010000020.1	51101932	100000
hprc4_L100000_1871	HG00621.2	HG00621#2#JAHBCC010000022.1	92624045	100000
hprc4_L100000_1872	HG00621.2	HG00621#2#JAHBCC010000006.1	118840808	100000
hprc4_L100000_1873	HG00621.2	HG00621#2#JAHBCC010000026.1	9802400	100000
hprc4_L100000_1874	HG00438.1	HG00438#1#JAHBCB010000024.1	60914898	100000
hprc4_L100000_1875	HG00621.2	HG00621#2#JAHBCC010000018.1	73988582	100000
hprc4_L100000_1876	HG00438.1	HG00438#1#JAHBCB010000057.1	11473275	100000
hprc4_L100000_1877	HG00621.1	HG00621#1#JAHBCD010000034.1	13818156	100000
hprc4_L100000_1878	HG00438.1	HG00438#1#JAHBCB010000126.1	1695594	100000
hprc4_L100000_1879	HG00438.1	HG00438#1#JAHBCB010000033.1	5851227	100000
hprc4_L100000_1880	HG00621.2	HG00621#2#JAHBCC010000005.1	6561185	100000
hprc4_L100000_1881	HG00621.2	HG00621#2#JAHBCC010000008.1	74301656	100000
hprc4_L100000_1882	HG00438.1	HG00438#1#JAHBCB010000020.1	25484536	100000
hprc4_L100000_1883	HG00621.2	HG00621#2#JAHBCC010000022.1	72624954	100000
hprc4_L100000_1884	HG00621.2	HG00621#2#JAHBCC010000022.1	79705814	100000
hprc4_L100000_1885	HG00621.2	HG00621#2#JAHBCC010000051.1	11824440	100000
hprc4_L100000_1886	HG00621.2	HG00621#2#JAHBCC010000087.1	11601927	100000
hprc4_L100000_1887	HG00621.1	HG00621#1#JAHBCD010000127.1	434668	100000
hprc4_L100000_1888	HG00621.2	HG00621#2#JAHBCC010000054.1	11885514	100000
hprc4_L100000_1889	HG00621.1	HG00621#1#JAHBCD010000001.1	44872570	100000
hprc4_L100000_1890	HG00621.2	HG00621#2#JAHBCC010000007.1	9703236	100000
hprc4_L100000_1891	HG00621.1	HG00621#1#JAHBCD010000096.1	111667	100000
hprc4_L100000_1892	HG00621.2	HG00621#2#JAHBCC010000041.1	5954609	100000
hprc4_L100000_1893	HG00438.2	HG00438#2#JAHBCA010000003.1	47524382	100000
hprc4_L100000_1894	HG00621.2	HG00621#2#JAHBCC010000042.1	10931716	100000
hprc4_L100000_1895	HG00621.2	HG00621#2#JAHBCC010000034.1	1668060	100000
hprc4_L100000_1896	HG00621.2	HG00621#2#JAHBCC010000017.1	14078308	100000
hprc4_L100000_1897	HG00438.1	HG00438#1#JAHBCB010000024.1	20782237	100000
hprc4_L100000_1898	HG00438.1	HG00438#1#JAHBCB010000027.1	25720603	100000
hprc4_L100000_1899	HG00438.1	HG00438#1#JAHBCB010000098.1	4877977	100000
hprc4_L100000_1900	HG00438.2	HG00438#2#JAHBCA010000036.1	41456422	100000
hprc4_L100000_1901	HG00621.2	HG00621#2#JAHBCC010000121.1	90326	100000
hprc4_L100000_1902	HG00438.2	HG00438#2#JAHBCA010000080.1	4845628	100000
hprc4_L100000_1903	HG00621.2	HG00621#2#JAHBCC010000083.1	4022505	100000
hprc4_L100000_1904	HG00438.1	HG00438#1#JAHBCB010000046.1	5542114	100000
hprc4_L100000_1905	HG00438.1	HG00438#1#JAHBCB010000053.1	7822448	100000
hprc4_L100000_1906	HG00621.1	HG00621#1#JAHBCD010000002.1	10966363	100000
hprc4_L100000_1907	HG00621.1	HG00621#1#JAHBCD010000019.1	35097505	100000
hprc4_L100000_1908	HG00438.1	HG00438#1#JAHBCB010000015.1	79246150	100000
hprc4_L100000_1909	HG00438.2	HG00438#2#JAHBCA010000003.1	8743007	100000
hprc4_L100000_1910	HG00621.2	HG00621#2#JAHBCC010000060.1	18072192	100000
hprc4_L100000_1911	HG00438.1	HG00438#1#JAHBCB010000057.1	18250439	100000
hprc4_L100000_1912	HG00621.2	HG00621#2#JAHBCC010000066.1	17686204	100000
hprc4_L100000_1913	HG00438.2	HG00438#2#JAHBCA010000076.1	18317540	100000
hprc4_L100000_1914	HG00621.2	HG00621#2#JAHBCC010000020.1	80823254	100000
hprc4_L100000_1915	HG00438.1	HG00438#1#JAHBCB010000011.1	2425757	100000
hprc4_L100000_1916	HG00438.1	HG00438#1#JAHBCB010000050.1	1393000	100000
hprc4_L100000_1917	HG00438.2	HG00438#2#JAHBCA010000016.1	20766846	100000
hprc4_L100000_1918	HG00438.2	HG00438#2#JAHBCA010000073.1	18824607	100000
hprc4_L100000_1919	HG00438.2	HG00438#2#JAHBCA010000042.1	24618632	100000
hprc4_L100000_1920	HG00438.2	HG00438#2#JAHBCA010000061.1	1025957	100000
hprc4_L100000_1921	HG00438.2	HG00438#2#JAHBCA010000090.1	993504	100000
hprc4_L100000_1922	HG00621.2	HG00621#2#JAHBCC010000036.1	30721629	100000
hprc4_L100000_1923	HG00438.2	HG00438#2#JAHBCA010000062.1	1111228	100000
hprc4_L100000_1924	HG00621.1	HG00621#1#JAHBCD010000016.1	59538922	100000
hprc4_L100000_1925	HG00438.2	HG00438#2#JAHBCA010000052.1	42854039	100000
hprc4_L100000_1926	HG00438.2	HG00438#2#JAHBCA010000033.1	27195280	100000
hprc4_L100000_1927	HG00438.2	HG00438#2#JAHBCA010000004.1	49934271	100000
hprc4_L100000_1928	HG00621.1	HG00621#1#JAHBCD010000034.1	5478557	100000
hprc4_L100000_1929	HG00621.2	HG00621#2#JAHBCC010000072.1	8395358	100000
hprc4_L100000_1930	HG00621.1	HG00621#1#JAHBCD010000062.1	40461586	100000
hprc4_L100000_1931	HG00438.1	HG00438#1#JAHBCB010000097.1	31345147	100000
hprc4_L100000_1932	HG00621.2	HG00621#2#JAHBCC010000082.1	822164	100000
hprc4_L100000_1933	HG00438.2	HG00438#2#JAHBCA010000011.1	85965290	100000
hprc4_L100000_1934	HG00621.2	HG00621#2#JAHBCC010000031.1	41962621	100000
hprc4_L100000_1935	HG00438.2	HG00438#2#JAHBCA010000003.1	54010311	100000
hprc4_L100000_1936	HG00621.1	HG00621#1#JAHBCD010000009.1	22473391	100000
hprc4_L100000_1937	HG00438.2	HG00438#2#JAHBCA010000035.1	16592016	100000
hprc4_L100000_1938	HG00438.1	HG00438#1#JAHBCB010000001.1	13983643	100000
hprc4_L100000_1939	HG00621.2	HG00621#2#JAHBCC010000073.1	23882716	100000
hprc4_L100000_1940	HG00438.1	HG00438#1#JAHBCB010000049.1	8395085	100000
hprc4_L100000_1941	HG00621.2	HG00621#2#JAHBCC010000014.1	38773061	100000
hprc4_L100000_1942	HG00438.2	HG00438#2#JAHBCA010000016.1	64638980	100000
hprc4_L100000_1943	HG00438.1	HG00438#1#JAHBCB010000037.1	13620646	100000
hprc4_L100000_1944	HG00621.1	HG00621#1#JAHBCD010000085.1	1557673	100000
hprc4_L100000_1945	HG00438.2	HG00438#2#JAHBCA010000010.1	79200988	100000
hprc4_L100000_1946	HG00621.2	HG00621#2#JAHBCC010000023.1	8467380	100000
hprc4_L100000_1947	HG00621.2	HG00621#2#JAHBCC010000078.1	28584656	100000
hprc4_L100000_1948	HG00621.1	HG00621#1#JAHBCD010000028.1	15336297	100000
hprc4_L100000_1949	HG00438.1	HG00438#1#JAHBCB010000057.1	39487	100000
hprc4_L100000_1950	HG00438.1	HG00438#1#JAHBCB010000014.1	15065611	100000
hprc4_L100000_1951	HG00621.1	HG00621#1#JAHBCD010000070.1	11895914	100000
hprc4_L100000_1952	HG00438.1	HG00438#1#JAHBCB010000028.1	12528423	100000
hprc4_L100000_1953	HG00621.2	HG00621#2#JAHBCC010000039.1	27684378	100000
hprc4_L100000_1954	HG00438.2	HG00438#2#JAHBCA010000082.1	7630403	100000
hprc4_L100000_1955	HG00621.2	HG00621#2#JAHBCC010000062.1	29407101	100000
hprc4_L100000_1956	HG00438.2	HG00438#2#JAHBCA010000036.1	13076848	100000
hprc4_L100000_1957	HG00621.1	HG00621#1#JAHBCD010000050.1	54487301	100000
hprc4_L100000_1958	HG00438.1	HG00438#1#JAHBCB010000033.1	16042668	100000
hprc4_L100000_1959	HG00621.2	HG00621#2#JAHBCC010000010.1	6081701	100000
hprc4_L100000_1960	HG00621.1	HG00621#1#JAHBCD010000083.1	6921060	100000
hprc4_L100000_1961	HG00621.2	HG00621#2#JAHBCC010000081.1	1575872	100000
hprc4_L100000_1962	HG00438.1	HG00438#1#JAHBCB010000116.1	269366	100000
hprc4_L100000_1963	HG00621.2	HG00621#2#JAHBCC010000024.1	50383412	100000
hprc4_L100000_1964	HG00438.1	HG00438#1#JAHBCB010000042.1	16236706	100000
hprc4_L100000_1965	HG00438.1	HG00438#1#JAHBCB010000041.1	14478843	100000
hprc4_L100000_1966	HG00438.2	HG00438#2#JAHBCA010000019.1	802634	100000
hprc4_L100000_1967	HG00621.1	HG00621#1#JAHBCD010000028.1	12594485	100000
hprc4_L100000_1968	HG00621.2	HG00621#2#JAHBCC010000066.1	22017775	100000
hprc4_L100000_1969	HG00621.2	HG00621#2#JAHBCC010000002.1	127632	100000
hprc4_L100000_1970	HG00621.1	HG00621#1#JAHBCD010000042.1	10465743	100000
hprc4_L100000_1971	HG00621.2	HG00621#2#JAHBCC010000022.1	70694641	100000
hprc4_L100000_1972	HG00621.1	HG00621#1#JAHBCD010000001.1	42752597	100000
hprc4_L100000_1973	HG00438.1	HG00438#1#JAHBCB010000006.1	55505196	100000
hprc4_L100000_1974	HG00438.1	HG00438#1#JAHBCB010000042.1	37633150	100000
hprc4_L100000_1975	HG00438.2	HG00438#2#JAHBCA010000035.1	39409733	100000
hprc4_L100000_1976	HG00621.1	HG00621#1#JAHBCD010000022.1	9438042	100000
hprc4_L100000_1977	HG00621.1	HG00621#1#JAHBCD010000009.1	30366988	100000
hprc4_L100000_1978	HG00621.1	HG00621#1#JAHBCD010000016.1	49122334	100000
hprc4_L100000_1979	HG00438.1	HG00438#1#JAHBCB010000048.1	34038264	100000
hprc4_L100000_1980	HG00621.1	HG00621#1#JAHBCD010000028.1	2264012	100000
hprc4_L100000_1981	HG00621.2	HG00621#2#JAHBCC010000037.1	335795	100000
hprc4_L100000_1982	HG00438.2	HG00438#2#JAHBCA010000015.1	32515700	100000
hprc4_L100000_1983	HG00438.1	HG00438#1#JAHBCB010000090.1	4236800	100000
hprc4_L100000_1984	HG00621.1	HG00621#1#JAHBCD010000041.1	25620128	100000
hprc4_L100000_1985	HG00621.2	HG00621#2#JAHBCC010000076.1	29701110	100000
hprc4_L100000_1986	HG00438.2	HG00438#2#JAHBCA010000046.1	65032828	100000
hprc4_L100000_1987	HG00621.2	HG00621#2#JAHBCC010000036.1	39794733	100000
hprc4_L100000_1988	HG00438.2	HG00438#2#JAHBCA010000076.1	17094564	100000
hprc4_L100000_1989	HG00438.1	HG00438#1#JAHBCB010000008.1	78456914	100000
hprc4_L100000_1990	HG00438.2	HG00438#2#JAHBCA010000019.1	4798809	100000
hprc4_L100000_1991	HG00438.2	HG00438#2#JAHBCA010000089.1	14990391	100000
hprc4_L100000_1992	HG00621.1	HG00621#1#JAHBCD010000005.1	40795303	100000
hprc4_L100000_1993	HG00621.2	HG00621#2#JAHBCC010000014.1	56786874	100000
hprc4_L100000_1994	HG00438.2	HG00438#2#JAHBCA010000071.1	13814591	100000
hprc4_L100000_1995	HG00621.1	HG00621#1#JAHBCD010000016.1	23616589	100000
hprc4_L100000_1996	HG00438.2	HG00438#2#JAHBCA010000103.1	6248340	100000
hprc4_L100000_1997	HG00621.2	HG00621#2#JAHBCC010000048.1	38757604	100000
hprc4_L100000_1998	HG00621.2	HG00621#2#JAHBCC010000014.1	25458177	100000
hprc4_L100000_1999	HG00621.2	HG00621#2#JAHBCC010000034.1	54539897	100000
hprc4_L100000_2000	HG00621.1	HG00621#1#JAHBCD010000014.1	51134165	100000
hprc4_L100000_2001	HG00438.1	HG00438#1#JAHBCB010000055.1	8001663	100000
hprc4_L100000_2002	HG00438.1	HG00438#1#JAHBCB010000044.1	26315675	100000
hprc4_L100000_2003	HG00621.2	HG00621#2#JAHBCC010000024.1	6305381	100000
hprc4_L100000_2004	HG00438.1	HG00438#1#JAHBCB010000016.1	61494466	100000
hprc4_L100000_2005	HG00621.2	HG00621#2#JAHBCC010000037.1	9611186	100000
hprc4_L100000_2006	HG00438.2	HG00438#2#JAHBCA010000029.1	556256	100000
hprc4_L100000_2007	HG00621.1	HG00621#1#JAHBCD010000024.1	63338353	100000
hprc4_L100000_2008	HG00438.2	HG00438#2#JAHBCA010000052.1	33917437	100000
hprc4_L100000_2009	HG00438.2	HG00438#2#JAHBCA010000043.1	5299675	100000
hprc4_L100000_2010	HG00621.2	HG00621#2#JAHBCC010000031.1	44141820	100000
hprc4_L100000_2011	HG00621.2	HG00621#2#JAHBCC010000006.1	47734377	100000
hprc4_L100000_2012	HG00621.1	HG00621#1#JAHBCD010000014.1	24144442	100000
hprc4_L100000_2013	HG00438.1	HG00438#1#JAHBCB010000025.1	5253372	100000
hprc4_L100000_2014	HG00621.2	HG00621#2#JAHBCC010000094.1	1677100	100000
hprc4_L100000_2015	HG00621.1	HG00621#1#JAHBCD010000023.1	15430818	100000
hprc4_L100000_2016	HG00621.2	HG00621#2#JAHBCC010000066.1	56978887	100000
hprc4_L100000_2017	HG00438.2	HG00438#2#JAHBCA010000018.1	23417137	100000
hprc4_L100000_2018	HG00621.1	HG00621#1#JAHBCD010000033.1	62776500	100000
hprc4_L100000_2019	HG00621.2	HG00621#2#JAHBCC010000048.1	34827248	100000
hprc4_L100000_2020	HG00438.1	HG00438#1#JAHBCB010000095.1	1711356	100000
hprc4_L100000_2021	HG00438.2	HG00438#2#JAHBCA010000053.1	54178121	100000
hprc4_L100000_2022	HG00438.1	HG00438#1#JAHBCB010000061.1	3694533	100000
hprc4_L100000_2023	HG00438.1	HG00438#1#JAHBCB010000037.1	93902380	100000
hprc4_L100000_2024	HG00438.2	HG00438#2#JAHBCA010000022.1	219740	100000
hprc4_L100000_2025	HG00438.2	HG00438#2#JAHBCA010000048.1	927435	100000
hprc4_L100000_2026	HG00438.2	HG00438#2#JAHBCA010000018.1	28463571	100000
hprc4_L100000_2027	HG00438.1	HG00438#1#JAHBCB010000026.1	10601969	100000
hprc4_L100000_2028	HG00621.1	HG00621#1#JAHBCD010000011.1	7152561	100000
hprc4_L100000_2029	HG00621.1	HG00621#1#JAHBCD010000016.1	76205458	100000
hprc4_L100000_2030	HG00621.2	HG00621#2#JAHBCC010000033.1	53197605	100000
hprc4_L100000_2031	HG00438.1	HG00438#1#JAHBCB010000099.1	3818520	100000
hprc4_L100000_2032	HG00438.2	HG00438#2#JAHBCA010000033.1	32210630	100000
hprc4_L100000_2033	HG00438.2	HG00438#2#JAHBCA010000035.1	30315505	100000
hprc4_L100000_2034	HG00621.1	HG00621#1#JAHBCD010000024.1	30219529	100000
hprc4_L100000_2035	HG00621.1	HG00621#1#JAHBCD010000008.1	44226145	100000
hprc4_L100000_2036	HG00621.2	HG00621#2#JAHBCC010000020.1	16501603	100000
hprc4_L100000_2037	HG00438.1	HG00438#1#JAHBCB010000097.1	10296899	100000
hprc4_L100000_2038	HG00438.1	HG00438#1#JAHBCB010000065.1	3101414	100000
hprc4_L100000_2039	HG00438.2	HG00438#2#JAHBCA010000077.1	5391930	100000
hprc4_L100000_2040	HG00438.1	HG00438#1#JAHBCB010000036.1	17580023	100000
hprc4_L100000_2041	HG00621.1	HG00621#1#JAHBCD010000011.1	9683529	100000
hprc4_L100000_2042	HG00438.2	HG00438#2#JAHBCA010000002.1	54033626	100000
hprc4_L100000_2043	HG00438.2	HG00438#2#JAHBCA010000012.1	66453181	100000
hprc4_L100000_2044	HG00621.1	HG00621#1#JAHBCD010000006.1	28207589	100000
hprc4_L100000_2045	HG00438.1	HG00438#1#JAHBCB010000068.1	15962154	100000
hprc4_L100000_2046	HG00621.2	HG00621#2#JAHBCC010000007.1	38355	100000
hprc4_L100000_2047	HG00438.2	HG00438#2#JAHBCA010000035.1	79550679	100000
hprc4_L100000_2048	HG00621.2	HG00621#2#JAHBCC010000022.1	82884969	100000
hprc4_L100000_2049	HG00438.2	HG00438#2#JAHBCA010000031.1	2296806	100000
hprc4_L100000_2050	HG00438.1	HG00438#1#JAHBCB010000004.1	27809923	100000
hprc4_L100000_2051	HG00438.2	HG00438#2#JAHBCA010000069.1	3620974	100000
hprc4_L100000_2052	HG00438.1	HG00438#1#JAHBCB010000084.1	1382192	100000
hprc4_L100000_2053	HG00621.1	HG00621#1#JAHBCD010000109.1	989439	100000
hprc4_L100000_2054	HG00621.1	HG00621#1#JAHBCD010000030.1	7700042	100000
hprc4_L100000_2055	HG00621.1	HG00621#1#JAHBCD010000064.1	4589046	100000
hprc4_L100000_2056	HG00621.2	HG00621#2#JAHBCC010000024.1	43474471	100000
hprc4_L100000_2057	HG00621.2	HG00621#2#JAHBCC010000037.1	7781043	100000
hprc4_L100000_2058	HG00621.2	HG00621#2#JAHBCC010000056.1	32624779	100000
hprc4_L100000_2059	HG00438.2	HG00438#2#JAHBCA010000103.1	6682474	100000
hprc4_L100000_2060	HG00438.1	HG00438#1#JAHBCB010000067.1	16887104	100000
hprc4_L100000_2061	HG00621.2	HG00621#2#JAHBCC010000062.1	4082861	100000
hprc4_L100000_2062	HG00621.1	HG00621#1#JAHBCD010000006.1	25949460	100000
hprc4_L100000_2063	HG00438.2	HG00438#2#JAHBCA010000035.1	14295893	100000
hprc4_L100000_2064	HG00621.1	HG00621#1#JAHBCD010000050.1	42479710	100000
hprc4_L100000_2065	HG00438.1	HG00438#1#JAHBCB010000001.1	29997841	100000
hprc4_L100000_2066	HG00438.1	HG00438#1#JAHBCB010000037.1	29113755	100000
hprc4_L100000_2067	HG00621.1	HG00621#1#JAHBCD010000007.1	705126	100000
hprc4_L100000_2068	HG00438.2	HG00438#2#JAHBCA010000071.1	13933938	100000
hprc4_L100000_2069	HG00438.2	HG00438#2#JAHBCA010000035.1	54371265	100000
hprc4_L100000_2070	HG00438.1	HG00438#1#JAHBCB010000166.1	262448	100000
hprc4_L100000_2071	HG00438.2	HG00438#2#JAHBCA010000032.1	49360979	100000
hprc4_L100000_2072	HG00621.2	HG00621#2#JAHBCC010000073.1	34300	100000
hprc4_L100000_2073	HG00438.2	HG00438#2#JAHBCA010000059.1	1043355	100000
hprc4_L100000_2074	HG00438.1	HG00438#1#JAHBCB010000015.1	4814863	100000
hprc4_L100000_2075	HG00438.1	HG00438#1#JAHBCB010000032.1	52578093	100000
hprc4_L100000_2076	HG00621.1	HG00621#1#JAHBCD010000037.1	9306181	100000
hprc4_L100000_2077	HG00621.2	HG00621#2#JAHBCC010000007.1	32354484	100000
hprc4_L100000_2078	HG00438.1	HG00438#1#JAHBCB010000032.1	36323245	100000
hprc4_L100000_2079	HG00438.1	HG00438#1#JAHBCB010000003.1	42015850	100000
hprc4_L100000_2080	HG00438.2	HG00438#2#JAHBCA010000033.1	27459420	100000
hprc4_L100000_2081	HG00621.2	HG00621#2#JAHBCC010000068.1	2084338	100000
hprc4_L100000_2082	HG00621.1	HG00621#1#JAHBCD010000034.1	25979384	100000
hprc4_L100000_2083	HG00438.2	HG00438#2#JAHBCA010000052.1	11122307	100000
hprc4_L100000_2084	HG00438.1	HG00438#1#JAHBCB010000037.1	22379200	100000
hprc4_L100000_2085	HG00621.2	HG00621#2#JAHBCC010000008.1	54407246	100000
hprc4_L100000_2086	HG00438.2	HG00438#2#JAHBCA010000030.1	6532601	100000
hprc4_L100000_2087	HG00438.2	HG00438#2#JAHBCA010000011.1	6907162	100000
hprc4_L100000_2088	HG00621.2	HG00621#2#JAHBCC010000001.1	3880916	100000
hprc4_L100000_2089	HG00621.2	HG00621#2#JAHBCC010000067.1	22645090	100000
hprc4_L100000_2090	HG00438.1	HG00438#1#JAHBCB010000068.1	7461078	100000
hprc4_L100000_2091	HG00438.2	HG00438#2#JAHBCA010000010.1	34141205	100000
hprc4_L100000_2092	HG00438.1	HG00438#1#JAHBCB010000001.1	34336618	100000
hprc4_L100000_2093	HG00438.1	HG00438#1#JAHBCB010000050.1	13342832	100000
hprc4_L100000_2094	HG00621.2	HG00621#2#JAHBCC010000055.1	53883282	100000
hprc4_L100000_2095	HG00621.1	HG00621#1#JAHBCD010000024.1	58506654	100000
hprc4_L100000_2096	HG00438.2	HG00438#2#JAHBCA010000061.1	277420	100000
hprc4_L100000_2097	HG00621.2	HG00621#2#JAHBCC010000019.1	15879485	100000
hprc4_L100000_2098	HG00621.1	HG00621#1#JAHBCD010000045.1	896733	100000
hprc4_L100000_2099	HG00621.1	HG00621#1#JAHBCD010000022.1	55631674	100000
hprc4_L100000_2100	HG00621.2	HG00621#2#JAHBCC010000006.1	116077872	100000
hprc4_L100000_2101	HG00438.2	HG00438#2#JAHBCA010000014.1	38066124	100000
hprc4_L100000_2102	HG00438.2	HG00438#2#JAHBCA010000117.1	126478	100000
hprc4_L100000_2103	HG00438.1	HG00438#1#JAHBCB010000010.1	23493551	100000
hprc4_L100000_2104	HG00621.2	HG00621#2#JAHBCC010000033.1	60639664	100000
hprc4_L100000_2105	HG00621.2	HG00621#2#JAHBCC010000028.1	14328182	100000
hprc4_L100000_2106	HG00621.2	HG00621#2#JAHBCC010000065.1	22116053	100000
hprc4_L100000_2107	HG00621.1	HG00621#1#JAHBCD010000022.1	54524600	100000
hprc4_L100000_2108	HG00621.2	HG00621#2#JAHBCC010000083.1	293005	100000
hprc4_L100000_2109	HG00438.2	HG00438#2#JAHBCA010000002.1	36398849	100000
hprc4_L100000_2110	HG00438.1	HG00438#1#JAHBCB010000014.1	26507191	100000
hprc4_L100000_2111	HG00621.1	HG00621#1#JAHBCD010000035.1	17641596	100000
hprc4_L100000_2112	HG00438.1	HG00438#1#JAHBCB010000057.1	50434647	100000
hprc4_L100000_2113	HG00621.1	HG00621#1#JAHBCD010000110.1	8173872	100000
hprc4_L100000_2114	HG00621.1	HG00621#1#JAHBCD010000063.1	21524800	100000
hprc4_L100000_2115	HG00438.2	HG00438#2#JAHBCA010000040.1	31897990	100000
hprc4_L100000_2116	HG00621.2	HG00621#2#JAHBCC010000026.1	1994391	100000
hprc4_L100000_2117	HG00438.2	HG00438#2#JAHBCA010000014.1	34328465	100000
hprc4_L100000_2118	HG00621.1	HG00621#1#JAHBCD010000123.1	527213	100000
hprc4_L100000_2119	HG00621.1	HG00621#1#JAHBCD010000022.1	66683082	100000
hprc4_L100000_2120	HG00438.1	HG00438#1#JAHBCB010000044.1	13849508	100000
hprc4_L100000_2121	HG00438.2	HG00438#2#JAHBCA010000137.1	633192	100000
hprc4_L100000_2122	HG00438.1	HG00438#1#JAHBCB010000011.1	9561392	100000
hprc4_L100000_2123	HG00621.2	HG00621#2#JAHBCC010000051.1	3305648	100000
hprc4_L100000_2124	HG00621.2	HG00621#2#JAHBCC010000073.1	8773226	100000
hprc4_L100000_2125	HG00438.2	HG00438#2#JAHBCA010000040.1	28724350	100000
hprc4_L100000_2126	HG00621.1	HG00621#1#JAHBCD010000026.1	25239371	100000
hprc4_L100000_2127	HG00438.2	HG00438#2#JAHBCA010000055.1	10047973	100000
hprc4_L100000_2128	HG00438.1	HG00438#1#JAHBCB010000085.1	22721842	100000
hprc4_L100000_2129	HG00621.2	HG00621#2#JAHBCC010000006.1	75380021	100000
hprc4_L100000_2130	HG00621.1	HG00621#1#JAHBCD010000014.1	33416305	100000
hprc4_L100000_2131	HG00621.1	HG00621#1#JAHBCD010000127.1	427636	100000
hprc4_L100000_2132	HG00621.1	HG00621#1#JAHBCD010000015.1	15355358	100000
hprc4_L100000_2133	HG00621.2	HG00621#2#JAHBCC010000027.1	2987113	100000
hprc4_L100000_2134	HG00621.2	HG00621#2#JAHBCC010000078.1	1340594	100000
hprc4_L100000_2135	HG00621.1	HG00621#1#JAHBCD010000047.1	63416328	100000
hprc4_L100000_2136	HG00621.1	HG00621#1#JAHBCD010000031.1	28818317	100000
hprc4_L100000_2137	HG00438.2	HG00438#2#JAHBCA010000004.1	63837157	100000
hprc4_L100000_2138	HG00621.1	HG00621#1#JAHBCD010000009.1	40816832	100000
hprc4_L100000_2139	HG00621.1	HG00621#1#JAHBCD010000031.1	22215542	100000
hprc4_L100000_2140	HG00438.1	HG00438#1#JAHBCB010000003.1	53989320	100000
hprc4_L100000_2141	HG00438.1	HG00438#1#JAHBCB010000005.1	20553118	100000
hprc4_L100000_2142	HG00621.1	HG00621#1#JAHBCD010000009.1	30174505	100000
hprc4_L100000_2143	HG00438.2	HG00438#2#JAHBCA010000004.1	58286562	100000
hprc4_L100000_2144	HG00621.1	HG00621#1#JAHBCD010000087.1	1123694	100000
hprc4_L100000_2145	HG00438.1	HG00438#1#JAHBCB010000009.1	10978124	100000
hprc4_L100000_2146	HG00621.2	HG00621#2#JAHBCC010000014.1	33961635	100000
hprc4_L100000_2147	HG00621.1	HG00621#1#JAHBCD010000035.1	778126	100000
hprc4_L100000_2148	HG00438.2	HG00438#2#JAHBCA010000024.1	591436	100000
hprc4_L100000_2149	HG00621.2	HG00621#2#JAHBCC010000065.1	7732228	100000
hprc4_L100000_2150	HG00438.1	HG00438#1#JAHBCB010000044.1	42810875	100000
hprc4_L100000_2151	HG00438.1	HG00438#1#JAHBCB010000002.1	46911518	100000
hprc4_L100000_2152	HG00438.2	HG00438#2#JAHBCA010000033.1	3277544	100000
hprc4_L100000_2153	HG00621.1	HG00621#1#JAHBCD010000062.1	16411356	100000
hprc4_L100000_2154	HG00438.1	HG00438#1#JAHBCB010000012.1	11268597	100000
hprc4_L100000_2155	HG00621.2	HG00621#2#JAHBCC010000015.1	461952	100000
hprc4_L100000_2156	HG00621.1	HG00621#1#JAHBCD010000011.1	943548	100000
hprc4_L100000_2157	HG00438.1	HG00438#1#JAHBCB010000011.1	14579388	100000
hprc4_L100000_2158	HG00621.1	HG00621#1#JAHBCD010000027.1	19779077	100000
hprc4_L100000_2159	HG00621.1	HG00621#1#JAHBCD010000063.1	1411129	100000
hprc4_L100000_2160	HG00621.1	HG00621#1#JAHBCD010000150.1	795952	100000
hprc4_L100000_2161	HG00438.1	HG00438#1#JAHBCB010000022.1	2746933	100000
hprc4_L100000_2162	HG00438.2	HG00438#2#JAHBCA010000012.1	80022842	100000
hprc4_L100000_2163	HG00438.2	HG00438#2#JAHBCA010000004.1	66558589	100000
hprc4_L100000_2164	HG00438.1	HG00438#1#JAHBCB010000011.1	36187450	100000
hprc4_L100000_2165	HG00621.1	HG00621#1#JAHBCD010000024.1	61317149	100000
hprc4_L100000_2166	HG00438.2	HG00438#2#JAHBCA010000010.1	38095749	100000
hprc4_L100000_2167	HG00438.1	HG00438#1#JAHBCB010000001.1	18158174	100000
hprc4_L100000_2168	HG00438.1	HG00438#1#JAHBCB010000037.1	9886151	100000
hprc4_L100000_2169	HG00621.2	HG00621#2#JAHBCC010000031.1	19825431	100000
hprc4_L100000_2170	HG00621.1	HG00621#1#JAHBCD010000050.1	6391192	100000
hprc4_L100000_2171	HG00621.2	HG00621#2#JAHBCC010000049.1	2158731	100000
hprc4_L100000_2172	HG00438.1	HG00438#1#JAHBCB010000006.1	40649088	100000
hprc4_L100000_2173	HG00438.1	HG00438#1#JAHBCB010000045.1	35102720	100000
hprc4_L100000_2174	HG00438.1	HG00438#1#JAHBCB010000045.1	29135811	100000
hprc4_L100000_2175	HG00621.2	HG00621#2#JAHBCC010000048.1	42863514	100000
hprc4_L100000_2176	HG00621.1	HG00621#1#JAHBCD010000014.1	53048838	100000
hprc4_L100000_2177	HG00438.2	HG00438#2#JAHBCA010000053.1	47129884	100000
hprc4_L100000_2178	HG00438.2	HG00438#2#JAHBCA010000001.1	12933542	100000
hprc4_L100000_2179	HG00438.1	HG00438#1#JAHBCB010000016.1	23251702	100000
hprc4_L100000_2180	HG00621.1	HG00621#1#JAHBCD010000007.1	12990589	100000
hprc4_L100000_2181	HG00438.2	HG00438#2#JAHBCA010000010.1	50892360	100000
hprc4_L100000_2182	HG00621.2	HG00621#2#JAHBCC010000121.1	2356	100000
hprc4_L100000_2183	HG00621.1	HG00621#1#JAHBCD010000001.1	5528532	100000
hprc4_L100000_2184	HG00621.1	HG00621#1#JAHBCD010000009.1	75413955	100000
hprc4_L100000_2185	HG00438.2	HG00438#2#JAHBCA010000023.1	12571955	100000
hprc4_L100000_2186	HG00438.2	HG00438#2#JAHBCA010000018.1	4675886	100000
hprc4_L100000_2187	HG00438.2	HG00438#2#JAHBCA010000011.1	46420804	100000
hprc4_L100000_2188	HG00438.1	HG00438#1#JAHBCB010000074.1	20347102	100000
hprc4_L100000_2189	HG00438.1	HG00438#1#JAHBCB010000018.1	90316846	100000
hprc4_L100000_2190	HG00621.2	HG00621#2#JAHBCC010000008.1	15268704	100000
hprc4_L100000_2191	HG00621.1	HG00621#1#JAHBCD010000072.1	12789632	100000
hprc4_L100000_2192	HG00438.2	HG00438#2#JAHBCA010000054.1	900686	100000
hprc4_L100000_2193	HG00621.2	HG00621#2#JAHBCC010000036.1	18626483	100000
hprc4_L100000_2194	HG00438.2	HG00438#2#JAHBCA010000004.1	68794870	100000
hprc4_L100000_2195	HG00621.2	HG00621#2#JAHBCC010000041.1	25464959	100000
hprc4_L100000_2196	HG00438.2	HG00438#2#JAHBCA010000055.1	12393404	100000
hprc4_L100000_2197	HG00438.2	HG00438#2#JAHBCA010000002.1	86054425	100000
hprc4_L100000_2198	HG00621.1	HG00621#1#JAHBCD010000092.1	5973764	100000
hprc4_L100000_2199	HG00438.2	HG00438#2#JAHBCA010000005.1	21066976	100000
hprc4_L100000_2200	HG00438.1	HG00438#1#JAHBCB010000043.1	9700881	100000
hprc4_L100000_2201	HG00621.2	HG00621#2#JAHBCC010000078.1	18547444	100000
hprc4_L100000_2202	HG00438.1	HG00438#1#JAHBCB010000057.1	51890252	100000
hprc4_L100000_2203	HG00438.2	HG00438#2#JAHBCA010000062.1	1837887	100000
hprc4_L100000_2204	HG00438.2	HG00438#2#JAHBCA010000046.1	55314999	100000
hprc4_L100000_2205	HG00438.2	HG00438#2#JAHBCA010000001.1	34148707	100000
hprc4_L100000_2206	HG00438.1	HG00438#1#JAHBCB010000008.1	45892124	100000
hprc4_L100000_2207	HG00621.2	HG00621#2#JAHBCC010000024.1	12202609	100000
hprc4_L100000_2208	HG00438.1	HG00438#1#JAHBCB010000062.1	1514400	100000
hprc4_L100000_2209	HG00621.2	HG00621#2#JAHBCC010000073.1	18453456	100000
hprc4_L100000_2210	HG00438.1	HG00438#1#JAHBCB010000037.1	42128056	100000
hprc4_L100000_2211	HG00438.1	HG00438#1#JAHBCB010000025.1	12923706	100000
hprc4_L100000_2212	HG00621.2	HG00621#2#JAHBCC010000006.1	99497387	100000
hprc4_L100000_2213	HG00621.1	HG00621#1#JAHBCD010000063.1	1510736	100000
hprc4_L100000_2214	HG00438.1	HG00438#1#JAHBCB010000010.1	24611186	100000
hprc4_L100000_2215	HG00438.1	HG00438#1#JAHBCB010000018.1	38148835	100000
hprc4_L100000_2216	HG00438.2	HG00438#2#JAHBCA010000001.1	45712261	100000
hprc4_L100000_2217	HG00621.1	HG00621#1#JAHBCD010000013.1	4753956	100000
hprc4_L100000_2218	HG00438.1	HG00438#1#JAHBCB010000021.1	27348850	100000
hprc4_L100000_2219	HG00438.2	HG00438#2#JAHBCA010000109.1	2490682	100000
hprc4_L100000_2220	HG00438.1	HG00438#1#JAHBCB010000010.1	24222404	100000
hprc4_L100000_2221	HG00621.1	HG00621#1#JAHBCD010000020.1	30187272	100000
hprc4_L100000_2222	HG00621.2	HG00621#2#JAHBCC010000034.1	23006901	100000
hprc4_L100000_2223	HG00621.2	HG00621#2#JAHBCC010000055.1	28051588	100000
hprc4_L100000_2224	HG00438.1	HG00438#1#JAHBCB010000020.1	25520321	100000
hprc4_L100000_2225	HG00621.1	HG00621#1#JAHBCD010000007.1	30251452	100000
hprc4_L100000_2226	HG00438.2	HG00438#2#JAHBCA010000002.1	48098545	100000
hprc4_L100000_2227	HG00621.1	HG00621#1#JAHBCD010000002.1	8140388	100000
hprc4_L100000_2228	HG00438.1	HG00438#1#JAHBCB010000082.1	360546	100000
hprc4_L100000_2229	HG00438.2	HG00438#2#JAHBCA010000128.1	2086045	100000
hprc4_L100000_2230	HG00621.2	HG00621#2#JAHBCC010000100.1	1217558	100000
hprc4_L100000_2231	HG00621.2	HG00621#2#JAHBCC010000022.1	29916070	100000
hprc4_L100000_2232	HG00621.2	HG00621#2#JAHBCC010000015.1	2843650	100000
hprc4_L100000_2233	HG00621.1	HG00621#1#JAHBCD010000062.1	14517766	100000
hprc4_L100000_2234	HG00438.2	HG00438#2#JAHBCA010000054.1	8702275	100000
hprc4_L100000_2235	HG00621.2	HG00621#2#JAHBCC010000005.1	53537724	100000
hprc4_L100000_2236	HG00438.1	HG00438#1#JAHBCB010000002.1	24711616	100000
hprc4_L100000_2237	HG00438.1	HG00438#1#JAHBCB010000006.1	45168975	100000
hprc4_L100000_2238	HG00621.1	HG00621#1#JAHBCD010000011.1	37524788	100000
hprc4_L100000_2239	HG00438.2	HG00438#2#JAHBCA010000057.1	22069731	100000
hprc4_L100000_2240	HG00621.1	HG00621#1#JAHBCD010000004.1	3993525	100000
hprc4_L100000_2241	HG00438.1	HG00438#1#JAHBCB010000003.1	107887917	100000
hprc4_L100000_2242	HG00438.2	HG00438#2#JAHBCA010000046.1	66869011	100000
hprc4_L100000_2243	HG00621.1	HG00621#1#JAHBCD010000047.1	946721	100000
hprc4_L100000_2244	HG00621.2	HG00621#2#JAHBCC010000054.1	23721232	100000
hprc4_L100000_2245	HG00438.1	HG00438#1#JAHBCB010000011.1	24859301	100000
hprc4_L100000_2246	HG00621.2	HG00621#2#JAHBCC010000022.1	52879392	100000
hprc4_L100000_2247	HG00438.2	HG00438#2#JAHBCA010000010.1	94778556	100000
hprc4_L100000_2248	HG00621.2	HG00621#2#JAHBCC010000013.1	8321273	100000
hprc4_L100000_2249	HG00438.2	HG00438#2#JAHBCA010000033.1	41370066	100000
hprc4_L100000_2250	HG00621.1	HG00621#1#JAHBCD010000063.1	24411120	100000
hprc4_L100000_2251	HG00438.2	HG00438#2#JAHBCA010000040.1	5766955	100000
hprc4_L100000_2252	HG00438.2	HG00438#2#JAHBCA010000054.1	17090360	100000
hprc4_L100000_2253	HG00438.1	HG00438#1#JAHBCB010000053.1	90953	100000
hprc4_L100000_2254	HG00438.1	HG00438#1#JAHBCB010000030.1	23653243	100000
hprc4_L100000_2255	HG00621.2	HG00621#2#JAHBCC010000013.1	4844576	100000
hprc4_L100000_2256	HG00438.2	HG00438#2#JAHBCA010000103.1	1626053	100000
hprc4_L100000_2257	HG00438.1	HG00438#1#JAHBCB010000116.1	2606142	100000
hprc4_L100000_2258	HG00621.1	HG00621#1#JAHBCD010000002.1	35323589	100000
hprc4_L100000_2259	HG00621.1	HG00621#1#JAHBCD010000065.1	4939689	100000
hprc4_L100000_2260	HG00438.1	HG00438#1#JAHBCB010000085.1	29897463	100000
hprc4_L100000_2261	HG00621.2	HG00621#2#JAHBCC010000064.1	4594318	100000
hprc4_L100000_2262	HG00621.1	HG00621#1#JAHBCD010000008.1	41789884	100000
hprc4_L100000_2263	HG00621.2	HG00621#2#JAHBCC010000051.1	210374	100000
hprc4_L100000_2264	HG00438.1	HG00438#1#JAHBCB010000004.1	57440037	100000
hprc4_L100000_2265	HG00438.2	HG00438#2#JAHBCA010000033.1	42871559	100000
hprc4_L100000_2266	HG00621.1	HG00621#1#JAHBCD010000006.1	15382732	100000
hprc4_L100000_2267	HG00621.2	HG00621#2#JAHBCC010000034.1	10340562	100000
hprc4_L100000_2268	HG00621.1	HG00621#1#JAHBCD010000014.1	38936571	100000
hprc4_L100000_2269	HG00621.1	HG00621#1#JAHBCD010000092.1	9832130	100000
hprc4_L100000_2270	HG00621.2	HG00621#2#JAHBCC010000055.1	69030800	100000
hprc4_L100000_2271	HG00438.1	HG00438#1#JAHBCB010000030.1	31077084	100000
hprc4_L100000_2272	HG00438.2	HG00438#2#JAHBCA010000055.1	31338734	100000
hprc4_L100000_2273	HG00621.2	HG00621#2#JAHBCC010000018.1	46676049	100000
hprc4_L100000_2274	HG00621.1	HG00621#1#JAHBCD010000034.1	34807431	100000
hprc4_L100000_2275	HG00438.2	HG00438#2#JAHBCA010000057.1	9639810	100000
hprc4_L100000_2276	HG00438.1	HG00438#1#JAHBCB010000024.1	81158211	100000
hprc4_L100000_2277	HG00621.2	HG00621#2#JAHBCC010000028.1	73553851	100000
hprc4_L100000_2278	HG00438.2	HG00438#2#JAHBCA010000048.1	5582165	100000
hprc4_L100000_2279	HG00621.2	HG00621#2#JAHBCC010000006.1	95550112	100000
hprc4_L100000_2280	HG00438.2	HG00438#2#JAHBCA010000008.1	76129508	100000
hprc4_L100000_2281	HG00438.2	HG00438#2#JAHBCA010000025.1	12072793	100000
hprc4_L100000_2282	HG00438.1	HG00438#1#JAHBCB010000032.1	5347968	100000
hprc4_L100000_2283	HG00438.2	HG00438#2#JAHBCA010000048.1	15193762	100000
hprc4_L100000_2284	HG00621.1	HG00621#1#JAHBCD010000025.1	35896529	100000
hprc4_L100000_2285	HG00621.1	HG00621#1#JAHBCD010000079.1	306050	100000
hprc4_L100000_2286	HG00621.1	HG00621#1#JAHBCD010000023.1	3988526	100000
hprc4_L100000_2287	HG00438.1	HG00438#1#JAHBCB010000057.1	2505646	100000
hprc4_L100000_2288	HG00438.1	HG00438#1#JAHBCB010000015.1	36476814	100000
hprc4_L100000_2289	HG00621.2	HG00621#2#JAHBCC010000067.1	16951505	100000
hprc4_L100000_2290	HG00621.1	HG00621#1#JAHBCD010000010.1	22687782	100000
hprc4_L100000_2291	HG00438.2	HG00438#2#JAHBCA010000037.1	16504266	100000
hprc4_L100000_2292	HG00621.2	HG00621#2#JAHBCC010000062.1	23120274	100000
hprc4_L100000_2293	HG00438.2	HG00438#2#JAHBCA010000008.1	26267127	100000
hprc4_L100000_2294	HG00438.2	HG00438#2#JAHBCA010000032.1	26829323	100000
hprc4_L100000_2295	HG00438.2	HG00438#2#JAHBCA010000020.1	14288060	100000
hprc4_L100000_2296	HG00438.2	HG00438#2#JAHBCA010000040.1	48849511	100000
hprc4_L100000_2297	HG00621.2	HG00621#2#JAHBCC010000055.1	19999277	100000
hprc4_L100000_2298	HG00438.1	HG00438#1#JAHBCB010000027.1	15028685	100000
hprc4_L100000_2299	HG00621.1	HG00621#1#JAHBCD010000052.1	897027	100000
hprc4_L100000_2300	HG00438.2	HG00438#2#JAHBCA010000010.1	12914924	100000
hprc4_L100000_2301	HG00438.2	HG00438#2#JAHBCA010000005.1	49568182	100000
hprc4_L100000_2302	HG00621.1	HG00621#1#JAHBCD010000014.1	59262627	100000
hprc4_L100000_2303	HG00438.2	HG00438#2#JAHBCA010000035.1	10986204	100000
hprc4_L100000_2304	HG00621.1	HG00621#1#JAHBCD010000032.1	28658871	100000
hprc4_L100000_2305	HG00438.1	HG00438#1#JAHBCB010000036.1	969332	100000
hprc4_L100000_2306	HG00621.1	HG00621#1#JAHBCD010000008.1	41270170	100000
hprc4_L100000_2307	HG00438.1	HG00438#1#JAHBCB010000159.1	2346559	100000
hprc4_L100000_2308	HG00621.1	HG00621#1#JAHBCD010000033.1	58650657	100000
hprc4_L100000_2309	HG00438.2	HG00438#2#JAHBCA010000089.1	2803548	100000
hprc4_L100000_2310	HG00438.2	HG00438#2#JAHBCA010000015.1	25959286	100000
hprc4_L100000_2311	HG00438.2	HG00438#2#JAHBCA010000063.1	12789697	100000
hprc4_L100000_2312	HG00438.2	HG00438#2#JAHBCA010000100.1	1294318	100000
hprc4_L100000_2313	HG00438.2	HG00438#2#JAHBCA010000011.1	39620139	100000
hprc4_L100000_2314	HG00438.2	HG00438#2#JAHBCA010000040.1	12102216	100000
hprc4_L100000_2315	HG00438.2	HG00438#2#JAHBCA010000002.1	93768185	100000
hprc4_L100000_2316	HG00621.2	HG00621#2#JAHBCC010000066.1	55947453	100000
hprc4_L100000_2317	HG00621.1	HG00621#1#JAHBCD010000010.1	10475028	100000
hprc4_L100000_2318	HG00621.2	HG00621#2#JAHBCC010000037.1	23550407	100000
hprc4_L100000_2319	HG00621.2	HG00621#2#JAHBCC010000042.1	9723283	100000
hprc4_L100000_2320	HG00438.2	HG00438#2#JAHBCA010000044.1	22855863	100000
hprc4_L100000_2321	HG00438.2	HG00438#2#JAHBCA010000044.1	5999947	100000
hprc4_L100000_2322	HG00621.1	HG00621#1#JAHBCD010000031.1	38197421	100000
hprc4_L100000_2323	HG00438.1	HG00438#1#JAHBCB010000019.1	728515	100000
hprc4_L100000_2324	HG00438.2	HG00438#2#JAHBCA010000033.1	2113489	100000
hprc4_L100000_2325	HG00621.2	HG00621#2#JAHBCC010000034.1	46297790	100000
hprc4_L100000_2326	HG00438.1	HG00438#1#JAHBCB010000044.1	32230292	100000
hprc4_L100000_2327	HG00621.2	HG00621#2#JAHBCC010000028.1	42916480	100000
hprc4_L100000_2328	HG00438.1	HG00438#1#JAHBCB010000037.1	70790086	100000
hprc4_L100000_2329	HG00438.2	HG00438#2#JAHBCA010000033.1	17518177	100000
hprc4_L100000_2330	HG00438.1	HG00438#1#JAHBCB010000033.1	16578146	100000
hprc4_L100000_2331	HG00438.1	HG00438#1#JAHBCB010000124.1	2330473	100000
hprc4_L100000_2332	HG00621.1	HG00621#1#JAHBCD010000064.1	21509372	100000
hprc4_L100000_2333	HG00438.2	HG00438#2#JAHBCA010000041.1	13257327	100000
hprc4_L100000_2334	HG00438.2	HG00438#2#JAHBCA010000002.1	56944595	100000
hprc4_L100000_2335	HG00621.1	HG00621#1#JAHBCD010000014.1	50139257	100000
hprc4_L100000_2336	HG00621.2	HG00621#2#JAHBCC010000005.1	35159157	100000
hprc4_L100000_2337	HG00621.2	HG00621#2#JAHBCC010000014.1	107645512	100000
hprc4_L100000_2338	HG00621.2	HG00621#2#JAHBCC010000005.1	13481898	100000
hprc4_L100000_2339	HG00438.1	HG00438#1#JAHBCB010000085.1	20969276	100000
hprc4_L100000_2340	HG00438.2	HG00438#2#JAHBCA010000010.1	66702368	100000
hprc4_L100000_2341	HG00621.2	HG00621#2#JAHBCC010000028.1	29047147	100000
hprc4_L100000_2342	HG00438.2	HG00438#2#JAHBCA010000008.1	21921531	100000
hprc4_L100000_2343	HG00621.2	HG00621#2#JAHBCC010000039.1	2661828	100000
hprc4_L100000_2344	HG00621.2	HG00621#2#JAHBCC010000076.1	27291011	100000
hprc4_L100000_2345	HG00621.1	HG00621#1#JAHBCD010000028.1	17817828	100000
hprc4_L100000_2346	HG00438.2	HG00438#2#JAHBCA010000155.1	88002	100000
hprc4_L100000_2347	HG00621.1	HG00621#1#JAHBCD010000022.1	28097156	100000
hprc4_L100000_2348	HG00438.1	HG00438#1#JAHBCB010000041.1	56204045	100000
hprc4_L100000_2349	HG00621.2	HG00621#2#JAHBCC010000003.1	17169035	100000
hprc4_L100000_2350	HG00621.2	HG00621#2#JAHBCC010000076.1	11001156	100000
hprc4_L100000_2351	HG00621.2	HG00621#2#JAHBCC010000045.1	15670295	100000
hprc4_L100000_2352	HG00438.2	HG00438#2#JAHBCA010000046.1	44913169	100000
hprc4_L100000_2353	HG00621.1	HG00621#1#JAHBCD010000010.1	76052388	100000
hprc4_L100000_2354	HG00621.1	HG00621#1#JAHBCD010000026.1	30661203	100000
hprc4_L100000_2355	HG00621.1	HG00621#1#JAHBCD010000069.1	5293039	100000
hprc4_L100000_2356	HG00438.1	HG00438#1#JAHBCB010000016.1	83757084	100000
hprc4_L100000_2357	HG00621.2	HG00621#2#JAHBCC010000006.1	37385239	100000
hprc4_L100000_2358	HG00621.1	HG00621#1#JAHBCD010000145.1	493850	100000
hprc4_L100000_2359	HG00621.2	HG00621#2#JAHBCC010000139.1	1000936	100000
hprc4_L100000_2360	HG00621.2	HG00621#2#JAHBCC010000069.1	1437188	100000
hprc4_L100000_2361	HG00438.2	HG00438#2#JAHBCA010000035.1	76107044	100000
hprc4_L100000_2362	HG00621.2	HG00621#2#JAHBCC010000096.1	4114823	100000
hprc4_L100000_2363	HG00438.2	HG00438#2#JAHBCA010000133.1	1125285	100000
hprc4_L100000_2364	HG00621.2	HG00621#2#JAHBCC010000153.1	192696	100000
hprc4_L100000_2365	HG00621.2	HG00621#2#JAHBCC010000030.1	6849622	100000
hprc4_L100000_2366	HG00438.2	HG00438#2#JAHBCA010000076.1	567117	100000
hprc4_L100000_2367	HG00621.1	HG00621#1#JAHBCD010000002.1	28664053	100000
hprc4_L100000_2368	HG00438.2	HG00438#2#JAHBCA010000050.1	3407538	100000
hprc4_L100000_2369	HG00621.1	HG00621#1#JAHBCD010000041.1	73442517	100000
hprc4_L100000_2370	HG00621.2	HG00621#2#JAHBCC010000104.1	8852521	100000
hprc4_L100000_2371	HG00438.1	HG00438#1#JAHBCB010000065.1	12319861	100000
hprc4_L100000_2372	HG00621.1	HG00621#1#JAHBCD010000048.1	29220281	100000
hprc4_L100000_2373	HG00438.1	HG00438#1#JAHBCB010000019.1	4746312	100000
hprc4_L100000_2374	HG00438.2	HG00438#2#JAHBCA010000012.1	59086359	100000
hprc4_L100000_2375	HG00438.2	HG00438#2#JAHBCA010000026.1	16797621	100000
hprc4_L100000_2376	HG00438.1	HG00438#1#JAHBCB010000033.1	18949227	100000
hprc4_L100000_2377	HG00621.2	HG00621#2#JAHBCC010000030.1	20477671	100000
hprc4_L100000_2378	HG00621.2	HG00621#2#JAHBCC010000021.1	8671831	100000
hprc4_L100000_2379	HG00621.2	HG00621#2#JAHBCC010000017.1	509443	100000
hprc4_L100000_2380	HG00621.2	HG00621#2#JAHBCC010000030.1	4699721	100000
hprc4_L100000_2381	HG00438.2	HG00438#2#JAHBCA010000002.1	25647162	100000
hprc4_L100000_2382	HG00621.1	HG00621#1#JAHBCD010000011.1	26639708	100000
hprc4_L100000_2383	HG00621.1	HG00621#1#JAHBCD010000115.1	3486592	100000
hprc4_L100000_2384	HG00438.2	HG00438#2#JAHBCA010000050.1	8116208	100000
hprc4_L100000_2385	HG00438.1	HG00438#1#JAHBCB010000068.1	11989871	100000
hprc4_L100000_2386	HG00621.2	HG00621#2#JAHBCC010000024.1	68397921	100000
hprc4_L100000_2387	HG00621.2	HG00621#2#JAHBCC010000001.1	6190201	100000
hprc4_L100000_2388	HG00438.1	HG00438#1#JAHBCB010000004.1	52566048	100000
hprc4_L100000_2389	HG00438.2	HG00438#2#JAHBCA010000046.1	17336057	100000
hprc4_L100000_2390	HG00621.1	HG00621#1#JAHBCD010000001.1	2804834	100000
hprc4_L100000_2391	HG00438.2	HG00438#2#JAHBCA010000026.1	13089685	100000
hprc4_L100000_2392	HG00621.2	HG00621#2#JAHBCC010000076.1	10867630	100000
hprc4_L100000_2393	HG00621.1	HG00621#1#JAHBCD010000024.1	3185515	100000
hprc4_L100000_2394	HG00438.2	HG00438#2#JAHBCA010000041.1	4594858	100000
hprc4_L100000_2395	HG00621.1	HG00621#1#JAHBCD010000016.1	9457439	100000
hprc4_L100000_2396	HG00438.1	HG00438#1#JAHBCB010000022.1	18977023	100000
hprc4_L100000_2397	HG00621.2	HG00621#2#JAHBCC010000078.1	29831322	100000
hprc4_L100000_2398	HG00621.2	HG00621#2#JAHBCC010000025.1	17697708	100000
hprc4_L100000_2399	HG00621.1	HG00621#1#JAHBCD010000022.1	66232992	100000
hprc4_L100000_2400	HG00438.2	HG00438#2#JAHBCA010000010.1	54882744	100000
hprc4_L100000_2401	HG00438.2	HG00438#2#JAHBCA010000014.1	9743246	100000
hprc4_L100000_2402	HG00621.2	HG00621#2#JAHBCC010000060.1	31387070	100000
hprc4_L100000_2403	HG00621.2	HG00621#2#JAHBCC010000055.1	66953022	100000
hprc4_L100000_2404	HG00438.2	HG00438#2#JAHBCA010000007.1	971394	100000
hprc4_L100000_2405	HG00438.2	HG00438#2#JAHBCA010000054.1	11136932	100000
hprc4_L100000_2406	HG00621.1	HG00621#1#JAHBCD010000009.1	72855230	100000
hprc4_L100000_2407	HG00438.1	HG00438#1#JAHBCB010000097.1	13240433	100000
hprc4_L100000_2408	HG00621.2	HG00621#2#JAHBCC010000032.1	2682703	100000
hprc4_L100000_2409	HG00438.2	HG00438#2#JAHBCA010000008.1	93577463	100000
hprc4_L100000_2410	HG00621.2	HG00621#2#JAHBCC010000004.1	38369386	100000
hprc4_L100000_2411	HG00621.1	HG00621#1#JAHBCD010000041.1	67581475	100000
hprc4_L100000_2412	HG00438.2	HG00438#2#JAHBCA010000004.1	52907983	100000
hprc4_L100000_2413	HG00438.1	HG00438#1#JAHBCB010000012.1	3193220	100000
hprc4_L100000_2414	HG00621.2	HG00621#2#JAHBCC010000007.1	5517355	100000
hprc4_L100000_2415	HG00621.1	HG00621#1#JAHBCD010000063.1	9421740	100000
hprc4_L100000_2416	HG00438.1	HG00438#1#JAHBCB010000092.1	12273223	100000
hprc4_L100000_2417	HG00621.1	HG00621#1#JAHBCD010000104.1	6702304	100000
hprc4_L100000_2418	HG00621.2	HG00621#2#JAHBCC010000022.1	7594900	100000
hprc4_L100000_2419	HG00438.2	HG00438#2#JAHBCA010000002.1	72806202	100000
hprc4_L100000_2420	HG00438.2	HG00438#2#JAHBCA010000018.1	9002506	100000
hprc4_L100000_2421	HG00621.1	HG00621#1#JAHBCD010000024.1	71821218	100000
hprc4_L100000_2422	HG00438.1	HG00438#1#JAHBCB010000024.1	23007729	100000
hprc4_L100000_2423	HG00438.2	HG00438#2#JAHBCA010000065.1	3471174	100000
hprc4_L100000_2424	HG00621.1	HG00621#1#JAHBCD010000029.1	37982786	100000
hprc4_L100000_2425	HG00438.2	HG00438#2#JAHBCA010000023.1	29314213	100000
hprc4_L100000_2426	HG00438.1	HG00438#1#JAHBCB010000097.1	13841584	100000
hprc4_L100000_2427	HG00621.2	HG00621#2#JAHBCC010000032.1	10059374	100000
hprc4_L100000_2428	HG00438.2	HG00438#2#JAHBCA010000016.1	152432	100000
hprc4_L100000_2429	HG00621.1	HG00621#1#JAHBCD010000101.1	770945	100000
hprc4_L100000_2430	HG00621.1	HG00621#1#JAHBCD010000039.1	5395521	100000
hprc4_L100000_2431	HG00438.2	HG00438#2#JAHBCA010000024.1	9863517	100000
hprc4_L100000_2432	HG00438.1	HG00438#1#JAHBCB010000015.1	41656148	100000
hprc4_L100000_2433	HG00621.1	HG00621#1#JAHBCD010000055.1	35074468	100000
hprc4_L100000_2434	HG00621.2	HG00621#2#JAHBCC010000024.1	73289653	100000
hprc4_L100000_2435	HG00438.1	HG00438#1#JAHBCB010000008.1	38552057	100000
hprc4_L100000_2436	HG00621.2	HG00621#2#JAHBCC010000039.1	21363382	100000
hprc4_L100000_2437	HG00438.1	HG00438#1#JAHBCB010000021.1	27130501	100000
hprc4_L100000_2438	HG00438.1	HG00438#1#JAHBCB010000042.1	27704369	100000
hprc4_L100000_2439	HG00438.2	HG00438#2#JAHBCA010000003.1	4097121	100000
hprc4_L100000_2440	HG00621.2	HG00621#2#JAHBCC010000041.1	20255331	100000
hprc4_L100000_2441	HG00621.2	HG00621#2#JAHBCC010000055.1	10633337	100000
hprc4_L100000_2442	HG00438.2	HG00438#2#JAHBCA010000046.1	88380989	100000
hprc4_L100000_2443	HG00438.2	HG00438#2#JAHBCA010000004.1	10591865	100000
hprc4_L100000_2444	HG00438.2	HG00438#2#JAHBCA010000033.1	4386665	100000
hprc4_L100000_2445	HG00438.2	HG00438#2#JAHBCA010000066.1	8118990	100000
hprc4_L100000_2446	HG00621.2	HG00621#2#JAHBCC010000072.1	20070940	100000
hprc4_L100000_2447	HG00621.1	HG00621#1#JAHBCD010000131.1	623359	100000
hprc4_L100000_2448	HG00621.1	HG00621#1#JAHBCD010000063.1	745037	100000
hprc4_L100000_2449	HG00621.2	HG00621#2#JAHBCC010000095.1	8842267	100000
hprc4_L100000_2450	HG00438.1	HG00438#1#JAHBCB010000057.1	18755533	100000
hprc4_L100000_2451	HG00438.1	HG00438#1#JAHBCB010000040.1	21157899	100000
hprc4_L100000_2452	HG00621.2	HG00621#2#JAHBCC010000078.1	12595796	100000
hprc4_L100000_2453	HG00438.1	HG00438#1#JAHBCB010000004.1	44661535	100000
hprc4_L100000_2454	HG00621.1	HG00621#1#JAHBCD010000004.1	5427071	100000
hprc4_L100000_2455	HG00438.2	HG00438#2#JAHBCA010000045.1	27108718	100000
hprc4_L100000_2456	HG00621.1	HG00621#1#JAHBCD010000010.1	23573830	100000
hprc4_L100000_2457	HG00621.1	HG00621#1#JAHBCD010000066.1	17461253	100000
hprc4_L100000_2458	HG00621.1	HG00621#1#JAHBCD010000027.1	12993670	100000
hprc4_L100000_2459	HG00621.2	HG00621#2#JAHBCC010000061.1	9378011	100000
hprc4_L100000_2460	HG00621.1	HG00621#1#JAHBCD010000005.1	47056211	100000
hprc4_L100000_2461	HG00438.1	HG00438#1#JAHBCB010000099.1	124280	100000
hprc4_L100000_2462	HG00621.2	HG00621#2#JAHBCC010000087.1	15778454	100000
hprc4_L100000_2463	HG00621.2	HG00621#2#JAHBCC010000033.1	37525355	100000
hprc4_L100000_2464	HG00621.1	HG00621#1#JAHBCD010000008.1	27800264	100000
hprc4_L100000_2465	HG00621.1	HG00621#1#JAHBCD010000010.1	8522456	100000
hprc4_L100000_2466	HG00621.1	HG00621#1#JAHBCD010000006.1	25317581	100000
hprc4_L100000_2467	HG00621.2	HG00621#2#JAHBCC010000034.1	66024856	100000
hprc4_L100000_2468	HG00621.1	HG00621#1#JAHBCD010000097.1	2025820	100000
hprc4_L100000_2469	HG00621.2	HG00621#2#JAHBCC010000022.1	21265298	100000
hprc4_L100000_2470	HG00621.2	HG00621#2#JAHBCC010000073.1	802480	100000
hprc4_L100000_2471	HG00621.2	HG00621#2#JAHBCC010000054.1	1113214	100000
hprc4_L100000_2472	HG00438.1	HG00438#1#JAHBCB010000014.1	27391597	100000
hprc4_L100000_2473	HG00438.1	HG00438#1#JAHBCB010000055.1	3762196	100000
hprc4_L100000_2474	HG00621.1	HG00621#1#JAHBCD010000005.1	67089861	100000
hprc4_L100000_2475	HG00621.1	HG00621#1#JAHBCD010000014.1	6452744	100000
hprc4_L100000_2476	HG00621.1	HG00621#1#JAHBCD010000001.1	87551534	100000
hprc4_L100000_2477	HG00438.2	HG00438#2#JAHBCA010000010.1	69114446	100000
hprc4_L100000_2478	HG00438.1	HG00438#1#JAHBCB010000013.1	3281316	100000
hprc4_L100000_2479	HG00621.2	HG00621#2#JAHBCC010000045.1	35055199	100000
hprc4_L100000_2480	HG00621.2	HG00621#2#JAHBCC010000033.1	26982137	100000
hprc4_L100000_2481	HG00438.2	HG00438#2#JAHBCA010000048.1	32803092	100000
hprc4_L100000_2482	HG00438.2	HG00438#2#JAHBCA010000046.1	76155881	100000
hprc4_L100000_2483	HG00438.2	HG00438#2#JAHBCA010000008.1	90578011	100000
hprc4_L100000_2484	HG00621.1	HG00621#1#JAHBCD010000022.1	87370515	100000
hprc4_L100000_2485	HG00621.1	HG00621#1#JAHBCD010000063.1	37026735	100000
hprc4_L100000_2486	HG00438.2	HG00438#2#JAHBCA010000044.1	12587799	100000
hprc4_L100000_2487	HG00621.2	HG00621#2#JAHBCC010000014.1	85556903	100000
hprc4_L100000_2488	HG00621.2	HG00621#2#JAHBCC010000081.1	806356	100000
hprc4_L100000_2489	HG00438.1	HG00438#1#JAHBCB010000010.1	7556325	100000
hprc4_L100000_2490	HG00621.2	HG00621#2#JAHBCC010000020.1	77292641	100000
hprc4_L100000_2491	HG00438.2	HG00438#2#JAHBCA010000024.1	29645903	100000
hprc4_L100000_2492	HG00438.1	HG00438#1#JAHBCB010000097.1	3018581	100000
hprc4_L100000_2493	HG00438.2	HG00438#2#JAHBCA010000014.1	17640112	100000
hprc4_L100000_2494	HG00621.1	HG00621#1#JAHBCD010000010.1	68881378	100000
hprc4_L100000_2495	HG00438.2	HG00438#2#JAHBCA010000069.1	10934044	100000
hprc4_L100000_2496	HG00621.2	HG00621#2#JAHBCC010000008.1	15202970	100000
hprc4_L100000_2497	HG00621.2	HG00621#2#JAHBCC010000080.1	1519831	100000
hprc4_L100000_2498	HG00438.1	HG00438#1#JAHBCB010000041.1	59463675	100000
hprc4_L100000_2499	HG00621.1	HG00621#1#JAHBCD010000024.1	78918504	100000
hprc4_L100000_2500	HG00621.2	HG00621#2#JAHBCC010000028.1	76451566	100000
hprc4_L100000_2501	HG00621.1	HG00621#1#JAHBCD010000034.1	53789369	100000
hprc4_L100000_2502	HG00438.2	HG00438#2#JAHBCA010000142.1	1386022	100000
hprc4_L100000_2503	HG00438.2	HG00438#2#JAHBCA010000080.1	6878855	100000
hprc4_L100000_2504	HG00621.1	HG00621#1#JAHBCD010000010.1	84798911	100000
hprc4_L100000_2505	HG00621.1	HG00621#1#JAHBCD010000026.1	7973581	100000
hprc4_L100000_2506	HG00621.1	HG00621#1#JAHBCD010000066.1	8332152	100000
hprc4_L100000_2507	HG00621.1	HG00621#1#JAHBCD010000002.1	34627582	100000
hprc4_L100000_2508	HG00621.2	HG00621#2#JAHBCC010000018.1	66901307	100000
hprc4_L100000_2509	HG00438.1	HG00438#1#JAHBCB010000085.1	17893646	100000
hprc4_L100000_2510	HG00621.2	HG00621#2#JAHBCC010000016.1	14389486	100000
hprc4_L100000_2511	HG00621.2	HG00621#2#JAHBCC010000006.1	72768619	100000
hprc4_L100000_2512	HG00438.2	HG00438#2#JAHBCA010000050.1	3984170	100000
hprc4_L100000_2513	HG00438.1	HG00438#1#JAHBCB010000006.1	36009585	100000
hprc4_L100000_2514	HG00621.2	HG00621#2#JAHBCC010000006.1	137059511	100000
hprc4_L100000_2515	HG00621.1	HG00621#1#JAHBCD010000051.1	5475100	100000
hprc4_L100000_2516	HG00438.1	HG00438#1#JAHBCB010000024.1	50301891	100000
hprc4_L100000_2517	HG00438.1	HG00438#1#JAHBCB010000045.1	11131286	100000
hprc4_L100000_2518	HG00621.1	HG00621#1#JAHBCD010000031.1	46499209	100000
hprc4_L100000_2519	HG00438.1	HG00438#1#JAHBCB010000018.1	21688484	100000
hprc4_L100000_2520	HG00621.1	HG00621#1#JAHBCD010000016.1	78748514	100000
hprc4_L100000_2521	HG00621.1	HG00621#1#JAHBCD010000029.1	36446416	100000
hprc4_L100000_2522	HG00621.2	HG00621#2#JAHBCC010000078.1	7066306	100000
hprc4_L100000_2523	HG00621.2	HG00621#2#JAHBCC010000013.1	7458486	100000
hprc4_L100000_2524	HG00438.2	HG00438#2#JAHBCA010000100.1	505204	100000
hprc4_L100000_2525	HG00438.1	HG00438#1#JAHBCB010000068.1	15433518	100000
hprc4_L100000_2526	HG00438.1	HG00438#1#JAHBCB010000002.1	47368257	100000
hprc4_L100000_2527	HG00438.1	HG00438#1#JAHBCB010000015.1	62440411	100000
hprc4_L100000_2528	HG00621.2	HG00621#2#JAHBCC010000051.1	40388397	100000
hprc4_L100000_2529	HG00621.2	HG00621#2#JAHBCC010000067.1	18494114	100000
hprc4_L100000_2530	HG00438.2	HG00438#2#JAHBCA010000030.1	8389167	100000
hprc4_L100000_2531	HG00438.1	HG00438#1#JAHBCB010000057.1	11239836	100000
hprc4_L100000_2532	HG00438.2	HG00438#2#JAHBCA010000005.1	26247472	100000
hprc4_L100000_2533	HG00621.1	HG00621#1#JAHBCD010000037.1	5867556	100000
hprc4_L100000_2534	HG00438.2	HG00438#2#JAHBCA010000046.1	63257513	100000
hprc4_L100000_2535	HG00621.1	HG00621#1#JAHBCD010000081.1	9167357	100000
hprc4_L100000_2536	HG00621.1	HG00621#1#JAHBCD010000031.1	28114917	100000
hprc4_L100000_2537	HG00621.2	HG00621#2#JAHBCC010000035.1	6398649	100000
hprc4_L100000_2538	HG00438.1	HG00438#1#JAHBCB010000031.1	23615734	100000
hprc4_L100000_2539	HG00438.1	HG00438#1#JAHBCB010000037.1	57328330	100000
hprc4_L100000_2540	HG00621.2	HG00621#2#JAHBCC010000020.1	29969229	100000
hprc4_L100000_2541	HG00621.1	HG00621#1#JAHBCD010000033.1	10064359	100000
hprc4_L100000_2542	HG00621.2	HG00621#2#JAHBCC010000034.1	22297264	100000
hprc4_L100000_2543	HG00621.1	HG00621#1#JAHBCD010000020.1	2268348	100000
hprc4_L100000_2544	HG00438.2	HG00438#2#JAHBCA010000044.1	6900467	100000
hprc4_L100000_2545	HG00438.2	HG00438#2#JAHBCA010000005.1	43315714	100000
hprc4_L100000_2546	HG00621.2	HG00621#2#JAHBCC010000002.1	2174928	100000
hprc4_L100000_2547	HG00438.2	HG00438#2#JAHBCA010000010.1	110070784	100000
hprc4_L100000_2548	HG00621.2	HG00621#2#JAHBCC010000014.1	89989539	100000
hprc4_L100000_2549	HG00438.1	HG00438#1#JAHBCB010000066.1	15410115	100000
hprc4_L100000_2550	HG00621.1	HG00621#1#JAHBCD010000070.1	5551597	100000
hprc4_L100000_2551	HG00438.2	HG00438#2#JAHBCA010000052.1	12371114	100000
hprc4_L100000_2552	HG00438.1	HG00438#1#JAHBCB010000003.1	89577950	100000
hprc4_L100000_2553	HG00621.1	HG00621#1#JAHBCD010000012.1	6201841	100000
hprc4_L100000_2554	HG00438.2	HG00438#2#JAHBCA010000022.1	7294294	100000
hprc4_L100000_2555	HG00621.2	HG00621#2#JAHBCC010000039.1	5070415	100000
hprc4_L100000_2556	HG00621.1	HG00621#1#JAHBCD010000021.1	49534344	100000
hprc4_L100000_2557	HG00438.2	HG00438#2#JAHBCA010000094.1	10010595	100000
hprc4_L100000_2558	HG00621.2	HG00621#2#JAHBCC010000067.1	17724923	100000
hprc4_L100000_2559	HG00621.1	HG00621#1#JAHBCD010000062.1	44428623	100000
hprc4_L100000_2560	HG00438.1	HG00438#1#JAHBCB010000030.1	18848795	100000
hprc4_L100000_2561	HG00621.1	HG00621#1#JAHBCD010000037.1	30730715	100000
hprc4_L100000_2562	HG00438.1	HG00438#1#JAHBCB010000020.1	17770926	100000
hprc4_L100000_2563	HG00621.2	HG00621#2#JAHBCC010000019.1	30290426	100000
hprc4_L100000_2564	HG00621.1	HG00621#1#JAHBCD010000014.1	47697666	100000
hprc4_L100000_2565	HG00438.2	HG00438#2#JAHBCA010000003.1	43555121	100000
hprc4_L100000_2566	HG00621.1	HG00621#1#JAHBCD010000002.1	24394568	100000
hprc4_L100000_2567	HG00621.1	HG00621#1#JAHBCD010000047.1	66155970	100000
hprc4_L100000_2568	HG00438.2	HG00438#2#JAHBCA010000020.1	37757604	100000
hprc4_L100000_2569	HG00438.2	HG00438#2#JAHBCA010000043.1	69422	100000
hprc4_L100000_2570	HG00621.1	HG00621#1#JAHBCD010000016.1	42777884	100000
hprc4_L100000_2571	HG00438.1	HG00438#1#JAHBCB010000033.1	24597716	100000
hprc4_L100000_2572	HG00438.2	HG00438#2#JAHBCA010000045.1	11284609	100000
hprc4_L100000_2573	HG00621.2	HG00621#2#JAHBCC010000033.1	33370028	100000
hprc4_L100000_2574	HG00438.2	HG00438#2#JAHBCA010000027.1	2592681	100000
hprc4_L100000_2575	HG00621.2	HG00621#2#JAHBCC010000066.1	53934584	100000
hprc4_L100000_2576	HG00621.1	HG00621#1#JAHBCD010000041.1	5039333	100000
hprc4_L100000_2577	HG00438.2	HG00438#2#JAHBCA010000035.1	29186481	100000
hprc4_L100000_2578	HG00621.2	HG00621#2#JAHBCC010000003.1	20998797	100000
hprc4_L100000_2579	HG00438.2	HG00438#2#JAHBCA010000050.1	20249119	100000
hprc4_L100000_2580	HG00438.2	HG00438#2#JAHBCA010000004.1	38194900	100000
hprc4_L100000_2581	HG00621.2	HG00621#2#JAHBCC010000062.1	876706	100000
hprc4_L100000_2582	HG00621.1	HG00621#1#JAHBCD010000052.1	23118675	100000
hprc4_L100000_2583	HG00438.1	HG00438#1#JAHBCB010000048.1	19175582	100000
hprc4_L100000_2584	HG00621.1	HG00621#1#JAHBCD010000022.1	36635756	100000
hprc4_L100000_2585	HG00621.1	HG00621#1#JAHBCD010000028.1	21501549	100000
hprc4_L100000_2586	HG00621.2	HG00621#2#JAHBCC010000036.1	28027713	100000
hprc4_L100000_2587	HG00621.1	HG00621#1#JAHBCD010000020.1	51437531	100000
hprc4_L100000_2588	HG00621.1	HG00621#1#JAHBCD010000001.1	91060042	100000
hprc4_L100000_2589	HG00438.2	HG00438#2#JAHBCA010000003.1	74239361	100000
hprc4_L100000_2590	HG00438.1	HG00438#1#JAHBCB010000050.1	17014532	100000
hprc4_L100000_2591	HG00438.1	HG00438#1#JAHBCB010000074.1	14931344	100000
hprc4_L100000_2592	HG00438.1	HG00438#1#JAHBCB010000097.1	28133036	100000
hprc4_L100000_2593	HG00621.1	HG00621#1#JAHBCD010000050.1	50159105	100000
hprc4_L100000_2594	HG00438.2	HG00438#2#JAHBCA010000020.1	24218243	100000
hprc4_L100000_2595	HG00621.2	HG00621#2#JAHBCC010000011.1	21552270	100000
hprc4_L100000_2596	HG00621.1	HG00621#1#JAHBCD010000064.1	34353576	100000
hprc4_L100000_2597	HG00621.2	HG00621#2#JAHBCC010000051.1	10213838	100000
hprc4_L100000_2598	HG00621.1	HG00621#1#JAHBCD010000031.1	20899622	100000
hprc4_L100000_2599	HG00621.1	HG00621#1#JAHBCD010000002.1	76172319	100000
hprc4_L100000_2600	HG00438.2	HG00438#2#JAHBCA010000054.1	8091486	100000
hprc4_L100000_2601	HG00621.1	HG00621#1#JAHBCD010000064.1	51491713	100000
hprc4_L100000_2602	HG00621.2	HG00621#2#JAHBCC010000003.1	23037587	100000
hprc4_L100000_2603	HG00621.2	HG00621#2#JAHBCC010000066.1	21805038	100000
hprc4_L100000_2604	HG00438.2	HG00438#2#JAHBCA010000010.1	54028985	100000
hprc4_L100000_2605	HG00621.1	HG00621#1#JAHBCD010000036.1	453983	100000
hprc4_L100000_2606	HG00621.1	HG00621#1#JAHBCD010000010.1	51245080	100000
hprc4_L100000_2607	HG00438.1	HG00438#1#JAHBCB010000057.1	6456953	100000
hprc4_L100000_2608	HG00621.2	HG00621#2#JAHBCC010000005.1	35234648	100000
hprc4_L100000_2609	HG00438.2	HG00438#2#JAHBCA010000026.1	18595935	100000
hprc4_L100000_2610	HG00438.2	HG00438#2#JAHBCA010000030.1	11031608	100000
hprc4_L100000_2611	HG00621.1	HG00621#1#JAHBCD010000052.1	36132231	100000
hprc4_L100000_2612	HG00438.2	HG00438#2#JAHBCA010000032.1	21316529	100000
hprc4_L100000_2613	HG00438.1	HG00438#1#JAHBCB010000119.1	544984	100000
hprc4_L100000_2614	HG00438.1	HG00438#1#JAHBCB010000067.1	21358920	100000
hprc4_L100000_2615	HG00621.2	HG00621#2#JAHBCC010000017.1	27585010	100000
hprc4_L100000_2616	HG00621.2	HG00621#2#JAHBCC010000011.1	2352405	100000
hprc4_L100000_2617	HG00438.1	HG00438#1#JAHBCB010000014.1	2366460	100000
hprc4_L100000_2618	HG00621.2	HG00621#2#JAHBCC010000013.1	13299239	100000
hprc4_L100000_2619	HG00621.1	HG00621#1#JAHBCD010000014.1	24925330	100000
hprc4_L100000_2620	HG00621.2	HG00621#2#JAHBCC010000014.1	97215190	100000
hprc4_L100000_2621	HG00621.1	HG00621#1#JAHBCD010000109.1	27702333	100000
hprc4_L100000_2622	HG00621.1	HG00621#1#JAHBCD010000087.1	3006471	100000
hprc4_L100000_2623	HG00438.2	HG00438#2#JAHBCA010000012.1	17245214	100000
hprc4_L100000_2624	HG00621.2	HG00621#2#JAHBCC010000155.1	3647	100000
hprc4_L100000_2625	HG00621.1	HG00621#1#JAHBCD010000017.1	6521924	100000
hprc4_L100000_2626	HG00621.1	HG00621#1#JAHBCD010000012.1	7859184	100000
hprc4_L100000_2627	HG00438.2	HG00438#2#JAHBCA010000015.1	6015963	100000
hprc4_L100000_2628	HG00621.2	HG00621#2#JAHBCC010000029.1	12614564	100000
hprc4_L100000_2629	HG00621.2	HG00621#2#JAHBCC010000028.1	74201777	100000
hprc4_L100000_2630	HG00438.2	HG00438#2#JAHBCA010000025.1	36358898	100000
hprc4_L100000_2631	HG00621.1	HG00621#1#JAHBCD010000009.1	34543274	100000
hprc4_L100000_2632	HG00621.2	HG00621#2#JAHBCC010000028.1	35253794	100000
hprc4_L100000_2633	HG00621.1	HG00621#1#JAHBCD010000064.1	9227473	100000
hprc4_L100000_2634	HG00621.1	HG00621#1#JAHBCD010000048.1	28843512	100000
hprc4_L100000_2635	HG00621.2	HG00621#2#JAHBCC010000018.1	47797058	100000
hprc4_L100000_2636	HG00621.1	HG00621#1#JAHBCD010000032.1	45473821	100000
hprc4_L100000_2637	HG00438.1	HG00438#1#JAHBCB010000046.1	15095896	100000
hprc4_L100000_2638	HG00621.2	HG00621#2#JAHBCC010000016.1	3199700	100000
hprc4_L100000_2639	HG00438.1	HG00438#1#JAHBCB010000003.1	112240873	100000
hprc4_L100000_2640	HG00621.2	HG00621#2#JAHBCC010000049.1	31525474	100000
hprc4_L100000_2641	HG00438.1	HG00438#1#JAHBCB010000011.1	19708165	100000
hprc4_L100000_2642	HG00621.2	HG00621#2#JAHBCC010000073.1	5158770	100000
hprc4_L100000_2643	HG00621.2	HG00621#2#JAHBCC010000056.1	11047239	100000
hprc4_L100000_2644	HG00438.1	HG00438#1#JAHBCB010000018.1	117232077	100000
hprc4_L100000_2645	HG00621.2	HG00621#2#JAHBCC010000026.1	14845903	100000
hprc4_L100000_2646	HG00621.2	HG00621#2#JAHBCC010000066.1	30137403	100000
hprc4_L100000_2647	HG00621.2	HG00621#2#JAHBCC010000020.1	43020544	100000
hprc4_L100000_2648	HG00621.2	HG00621#2#JAHBCC010000030.1	6577436	100000
hprc4_L100000_2649	HG00621.2	HG00621#2#JAHBCC010000067.1	30027823	100000
hprc4_L100000_2650	HG00438.1	HG00438#1#JAHBCB010000067.1	11813130	100000
hprc4_L100000_2651	HG00438.1	HG00438#1#JAHBCB010000062.1	956875	100000
hprc4_L100000_2652	HG00438.1	HG00438#1#JAHBCB010000037.1	91970254	100000
hprc4_L100000_2653	HG00438.1	HG00438#1#JAHBCB010000030.1	10864628	100000
hprc4_L100000_2654	HG00438.1	HG00438#1#JAHBCB010000025.1	16293914	100000
hprc4_L100000_2655	HG00621.2	HG00621#2#JAHBCC010000009.1	22076414	100000
hprc4_L100000_2656	HG00438.2	HG00438#2#JAHBCA010000031.1	2376414	100000
hprc4_L100000_2657	HG00438.2	HG00438#2#JAHBCA010000002.1	79165652	100000
hprc4_L100000_2658	HG00438.2	HG00438#2#JAHBCA010000007.1	9510	100000
hprc4_L100000_2659	HG00438.1	HG00438#1#JAHBCB010000019.1	34186030	100000
hprc4_L100000_2660	HG00438.1	HG00438#1#JAHBCB010000077.1	3357403	100000
hprc4_L100000_2661	HG00621.2	HG00621#2#JAHBCC010000018.1	19316250	100000
hprc4_L100000_2662	HG00438.2	HG00438#2#JAHBCA010000042.1	27990545	100000
hprc4_L100000_2663	HG00621.1	HG00621#1#JAHBCD010000008.1	8346709	100000
hprc4_L100000_2664	HG00621.2	HG00621#2#JAHBCC010000076.1	4112636	100000
hprc4_L100000_2665	HG00621.1	HG00621#1#JAHBCD010000063.1	21524558	100000
hprc4_L100000_2666	HG00438.1	HG00438#1#JAHBCB010000001.1	18680492	100000
hprc4_L100000_2667	HG00621.1	HG00621#1#JAHBCD010000010.1	46494844	100000
hprc4_L100000_2668	HG00621.1	HG00621#1#JAHBCD010000016.1	20411908	100000
hprc4_L100000_2669	HG00438.1	HG00438#1#JAHBCB010000014.1	10985967	100000
hprc4_L100000_2670	HG00438.1	HG00438#1#JAHBCB010000019.1	18355260	100000
hprc4_L100000_2671	HG00438.2	HG00438#2#JAHBCA010000042.1	20636687	100000
hprc4_L100000_2672	HG00621.2	HG00621#2#JAHBCC010000070.1	7521778	100000
hprc4_L100000_2673	HG00621.2	HG00621#2#JAHBCC010000062.1	6930253	100000
hprc4_L100000_2674	HG00621.1	HG00621#1#JAHBCD010000019.1	43481615	100000
hprc4_L100000_2675	HG00438.2	HG00438#2#JAHBCA010000048.1	31295071	100000
hprc4_L100000_2676	HG00438.1	HG00438#1#JAHBCB010000057.1	36252441	100000
hprc4_L100000_2677	HG00438.1	HG00438#1#JAHBCB010000018.1	107672209	100000
hprc4_L100000_2678	HG00621.2	HG00621#2#JAHBCC010000017.1	2207575	100000
hprc4_L100000_2679	HG00438.1	HG00438#1#JAHBCB010000006.1	53561519	100000
hprc4_L100000_2680	HG00621.2	HG00621#2#JAHBCC010000044.1	2716948	100000
hprc4_L100000_2681	HG00438.2	HG00438#2#JAHBCA010000003.1	9249244	100000
hprc4_L100000_2682	HG00621.2	HG00621#2#JAHBCC010000008.1	73400750	100000
hprc4_L100000_2683	HG00621.2	HG00621#2#JAHBCC010000008.1	30974459	100000
hprc4_L100000_2684	HG00438.1	HG00438#1#JAHBCB010000019.1	90725798	100000
hprc4_L100000_2685	HG00621.2	HG00621#2#JAHBCC010000043.1	1345727	100000
hprc4_L100000_2686	HG00621.1	HG00621#1#JAHBCD010000020.1	12063051	100000
hprc4_L100000_2687	HG00621.2	HG00621#2#JAHBCC010000007.1	29183155	100000
hprc4_L100000_2688	HG00621.2	HG00621#2#JAHBCC010000051.1	11751719	100000
hprc4_L100000_2689	HG00438.1	HG00438#1#JAHBCB010000041.1	5202202	100000
hprc4_L100000_2690	HG00438.2	HG00438#2#JAHBCA010000046.1	53288472	100000
hprc4_L100000_2691	HG00438.2	HG00438#2#JAHBCA010000022.1	15820393	100000
hprc4_L100000_2692	HG00438.2	HG00438#2#JAHBCA010000042.1	47912595	100000
hprc4_L100000_2693	HG00621.1	HG00621#1#JAHBCD010000026.1	10777550	100000
hprc4_L100000_2694	HG00621.2	HG00621#2#JAHBCC010000014.1	101935731	100000
hprc4_L100000_2695	HG00438.1	HG00438#1#JAHBCB010000097.1	18816816	100000
hprc4_L100000_2696	HG00438.1	HG00438#1#JAHBCB010000067.1	12342010	100000
hprc4_L100000_2697	HG00438.1	HG00438#1#JAHBCB010000004.1	44740695	100000
hprc4_L100000_2698	HG00621.2	HG00621#2#JAHBCC010000006.1	104326402	100000
hprc4_L100000_2699	HG00621.1	HG00621#1#JAHBCD010000047.1	54734452	100000
hprc4_L100000_2700	HG00438.1	HG00438#1#JAHBCB010000066.1	3012587	100000
hprc4_L100000_2701	HG00621.2	HG00621#2#JAHBCC010000078.1	4351555	100000
hprc4_L100000_2702	HG00621.2	HG00621#2#JAHBCC010000064.1	8888137	100000
hprc4_L100000_2703	HG00621.1	HG00621#1#JAHBCD010000009.1	40300149	100000
hprc4_L100000_2704	HG00438.2	HG00438#2#JAHBCA010000010.1	91374638	100000
hprc4_L100000_2705	HG00621.1	HG00621#1#JAHBCD010000020.1	5101813	100000
hprc4_L100000_2706	HG00438.2	HG00438#2#JAHBCA010000046.1	82325761	100000
hprc4_L100000_2707	HG00438.2	HG00438#2#JAHBCA010000046.1	66251750	100000
hprc4_L100000_2708	HG00438.1	HG00438#1#JAHBCB010000044.1	28750494	100000
hprc4_L100000_2709	HG00438.1	HG00438#1#JAHBCB010000019.1	28230954	100000
hprc4_L100000_2710	HG00621.2	HG00621#2#JAHBCC010000045.1	53936633	100000
hprc4_L100000_2711	HG00438.2	HG00438#2#JAHBCA010000021.1	18087453	100000
hprc4_L100000_2712	HG00621.1	HG00621#1#JAHBCD010000041.1	48147324	100000
hprc4_L100000_2713	HG00621.2	HG00621#2#JAHBCC010000013.1	17092521	100000
hprc4_L100000_2714	HG00621.1	HG00621#1#JAHBCD010000011.1	38668336	100000
hprc4_L100000_2715	HG00621.2	HG00621#2#JAHBCC010000067.1	14719566	100000
hprc4_L100000_2716	HG00438.2	HG00438#2#JAHBCA010000053.1	49006062	100000
hprc4_L100000_2717	HG00438.1	HG00438#1#JAHBCB010000061.1	10995844	100000
hprc4_L100000_2718	HG00621.1	HG00621#1#JAHBCD010000064.1	24888956	100000
hprc4_L100000_2719	HG00621.2	HG00621#2#JAHBCC010000037.1	49253990	100000
hprc4_L100000_2720	HG00621.1	HG00621#1#JAHBCD010000033.1	46055871	100000
hprc4_L100000_2721	HG00438.1	HG00438#1#JAHBCB010000043.1	4039868	100000
hprc4_L100000_2722	HG00438.1	HG00438#1#JAHBCB010000071.1	4193183	100000
hprc4_L100000_2723	HG00621.1	HG00621#1#JAHBCD010000013.1	10030846	100000
hprc4_L100000_2724	HG00621.2	HG00621#2#JAHBCC010000076.1	14662851	100000
hprc4_L100000_2725	HG00438.2	HG00438#2#JAHBCA010000071.1	24797039	100000
hprc4_L100000_2726	HG00621.2	HG00621#2#JAHBCC010000051.1	35474541	100000
hprc4_L100000_2727	HG00621.2	HG00621#2#JAHBCC010000060.1	3363612	100000
hprc4_L100000_2728	HG00621.1	HG00621#1#JAHBCD010000019.1	4161580	100000
hprc4_L100000_2729	HG00438.1	HG00438#1#JAHBCB010000011.1	15090868	100000
hprc4_L100000_2730	HG00621.1	HG00621#1#JAHBCD010000050.1	43178588	100000
hprc4_L100000_2731	HG00438.2	HG00438#2#JAHBCA010000032.1	50145807	100000
hprc4_L100000_2732	HG00438.1	HG00438#1#JAHBCB010000078.1	3178911	100000
hprc4_L100000_2733	HG00438.2	HG00438#2#JAHBCA010000025.1	37967642	100000
hprc4_L100000_2734	HG00438.1	HG00438#1#JAHBCB010000015.1	80163980	100000
hprc4_L100000_2735	HG00621.2	HG00621#2#JAHBCC010000059.1	27586186	100000
hprc4_L100000_2736	HG00438.2	HG00438#2#JAHBCA010000040.1	28460637	100000
hprc4_L100000_2737	HG00438.1	HG00438#1#JAHBCB010000075.1	11290757	100000
hprc4_L100000_2738	HG00621.2	HG00621#2#JAHBCC010000049.1	25405149	100000
hprc4_L100000_2739	HG00621.2	HG00621#2#JAHBCC010000067.1	40239458	100000
hprc4_L100000_2740	HG00438.2	HG00438#2#JAHBCA010000019.1	16821518	100000
hprc4_L100000_2741	HG00438.2	HG00438#2#JAHBCA010000002.1	111432905	100000
hprc4_L100000_2742	HG00438.1	HG00438#1#JAHBCB010000008.1	38569306	100000
hprc4_L100000_2743	HG00621.2	HG00621#2#JAHBCC010000055.1	70761589	100000
hprc4_L100000_2744	HG00438.2	HG00438#2#JAHBCA010000020.1	19005073	100000
hprc4_L100000_2745	HG00438.1	HG00438#1#JAHBCB010000029.1	3463528	100000
hprc4_L100000_2746	HG00621.2	HG00621#2#JAHBCC010000032.1	2337233	100000
hprc4_L100000_2747	HG00438.1	HG00438#1#JAHBCB010000042.1	41408681	100000
hprc4_L100000_2748	HG00438.2	HG00438#2#JAHBCA010000058.1	12566234	100000
hprc4_L100000_2749	HG00621.1	HG00621#1#JAHBCD010000001.1	731788	100000
hprc4_L100000_2750	HG00621.1	HG00621#1#JAHBCD010000022.1	83655741	100000
hprc4_L100000_2751	HG00621.2	HG00621#2#JAHBCC010000066.1	24783509	100000
hprc4_L100000_2752	HG00621.1	HG00621#1#JAHBCD010000047.1	20259602	100000
hprc4_L100000_2753	HG00438.1	HG00438#1#JAHBCB010000037.1	69666261	100000
hprc4_L100000_2754	HG00438.2	HG00438#2#JAHBCA010000019.1	24702438	100000
hprc4_L100000_2755	HG00438.2	HG00438#2#JAHBCA010000037.1	9882704	100000
hprc4_L100000_2756	HG00621.2	HG00621#2#JAHBCC010000054.1	30828661	100000
hprc4_L100000_2757	HG00438.2	HG00438#2#JAHBCA010000036.1	20409241	100000
hprc4_L100000_2758	HG00438.2	HG00438#2#JAHBCA010000103.1	9924336	100000
hprc4_L100000_2759	HG00438.1	HG00438#1#JAHBCB010000018.1	94838261	100000
hprc4_L100000_2760	HG00438.2	HG00438#2#JAHBCA010000005.1	3382323	100000
hprc4_L100000_2761	HG00438.1	HG00438#1#JAHBCB010000041.1	61254927	100000
hprc4_L100000_2762	HG00438.2	HG00438#2#JAHBCA010000010.1	106861547	100000
hprc4_L100000_2763	HG00621.2	HG00621#2#JAHBCC010000028.1	53298298	100000
hprc4_L100000_2764	HG00621.2	HG00621#2#JAHBCC010000011.1	8080830	100000
hprc4_L100000_2765	HG00438.2	HG00438#2#JAHBCA010000035.1	66294503	100000
hprc4_L100000_2766	HG00438.2	HG00438#2#JAHBCA010000035.1	7512287	100000
hprc4_L100000_2767	HG00621.1	HG00621#1#JAHBCD010000078.1	12141841	100000
hprc4_L100000_2768	HG00438.1	HG00438#1#JAHBCB010000045.1	26198203	100000
hprc4_L100000_2769	HG00621.1	HG00621#1#JAHBCD010000027.1	2687683	100000
hprc4_L100000_2770	HG00621.1	HG00621#1#JAHBCD010000033.1	48576802	100000
hprc4_L100000_2771	HG00438.1	HG00438#1#JAHBCB010000010.1	7689327	100000
hprc4_L100000_2772	HG00621.1	HG00621#1#JAHBCD010000104.1	5963755	100000
hprc4_L100000_2773	HG00438.2	HG00438#2#JAHBCA010000010.1	74980038	100000
hprc4_L100000_2774	HG00621.1	HG00621#1#JAHBCD010000050.1	47618199	100000
hprc4_L100000_2775	HG00621.2	HG00621#2#JAHBCC010000022.1	81506526	100000
hprc4_L100000_2776	HG00438.2	HG00438#2#JAHBCA010000011.1	35246889	100000
hprc4_L100000_2777	HG00438.1	HG00438#1#JAHBCB010000029.1	6696062	100000
hprc4_L100000_2778	HG00621.1	HG00621#1#JAHBCD010000016.1	39414460	100000
hprc4_L100000_2779	HG00621.2	HG00621#2#JAHBCC010000039.1	10500976	100000
hprc4_L100000_2780	HG00438.2	HG00438#2#JAHBCA010000089.1	9246513	100000
hprc4_L100000_2781	HG00438.2	HG00438#2#JAHBCA010000041.1	409855	100000
hprc4_L100000_2782	HG00438.2	HG00438#2#JAHBCA010000073.1	23935917	100000
hprc4_L100000_2783	HG00621.2	HG00621#2#JAHBCC010000037.1	46691405	100000
hprc4_L100000_2784	HG00438.2	HG00438#2#JAHBCA010000066.1	8026851	100000
hprc4_L100000_2785	HG00438.2	HG00438#2#JAHBCA010000053.1	43044498	100000
hprc4_L100000_2786	HG00438.1	HG00438#1#JAHBCB010000061.1	1655254	100000
hprc4_L100000_2787	HG00438.1	HG00438#1#JAHBCB010000014.1	40827600	100000
hprc4_L100000_2788	HG00438.2	HG00438#2#JAHBCA010000010.1	40337400	100000
hprc4_L100000_2789	HG00438.2	HG00438#2#JAHBCA010000087.1	7849640	100000
hprc4_L100000_2790	HG00438.2	HG00438#2#JAHBCA010000073.1	1833813	100000
hprc4_L100000_2791	HG00438.1	HG00438#1#JAHBCB010000074.1	7306419	100000
hprc4_L100000_2792	HG00438.1	HG00438#1#JAHBCB010000051.1	10383461	100000
hprc4_L100000_2793	HG00621.1	HG00621#1#JAHBCD010000014.1	23947687	100000
hprc4_L100000_2794	HG00438.1	HG00438#1#JAHBCB010000003.1	51913958	100000
hprc4_L100000_2795	HG00621.1	HG00621#1#JAHBCD010000068.1	1004473	100000
hprc4_L100000_2796	HG00621.1	HG00621#1#JAHBCD010000062.1	1437201	100000
hprc4_L100000_2797	HG00621.1	HG00621#1#JAHBCD010000033.1	39124399	100000
hprc4_L100000_2798	HG00621.2	HG00621#2#JAHBCC010000045.1	33786760	100000
hprc4_L100000_2799	HG00621.2	HG00621#2#JAHBCC010000014.1	44821700	100000
hprc4_L100000_2800	HG00621.1	HG00621#1#JAHBCD010000034.1	46603283	100000
hprc4_L100000_2801	HG00438.2	HG00438#2#JAHBCA010000032.1	7672369	100000
hprc4_L100000_2802	HG00621.1	HG00621#1#JAHBCD010000031.1	32940086	100000
hprc4_L100000_2803	HG00438.1	HG00438#1#JAHBCB010000042.1	26408361	100000
hprc4_L100000_2804	HG00621.1	HG00621#1#JAHBCD010000037.1	22727721	100000
hprc4_L100000_2805	HG00621.1	HG00621#1#JAHBCD010000038.1	3951682	100000
hprc4_L100000_2806	HG00438.2	HG00438#2#JAHBCA010000089.1	28474320	100000
hprc4_L100000_2807	HG00621.2	HG00621#2#JAHBCC010000026.1	36787409	100000
hprc4_L100000_2808	HG00438.2	HG00438#2#JAHBCA010000028.1	9558750	100000
hprc4_L100000_2809	HG00621.2	HG00621#2#JAHBCC010000022.1	42492106	100000
hprc4_L100000_2810	HG00621.2	HG00621#2#JAHBCC010000022.1	19281925	100000
hprc4_L100000_2811	HG00621.2	HG00621#2#JAHBCC010000031.1	2177914	100000
hprc4_L100000_2812	HG00621.2	HG00621#2#JAHBCC010000011.1	2961466	100000
hprc4_L100000_2813	HG00438.2	HG00438#2#JAHBCA010000005.1	5948229	100000
hprc4_L100000_2814	HG00621.1	HG00621#1#JAHBCD010000001.1	6694541	100000
hprc4_L100000_2815	HG00438.2	HG00438#2#JAHBCA010000011.1	4010044	100000
hprc4_L100000_2816	HG00621.1	HG00621#1#JAHBCD010000007.1	9597251	100000
hprc4_L100000_2817	HG00438.1	HG00438#1#JAHBCB010000042.1	16777888	100000
hprc4_L100000_2818	HG00438.2	HG00438#2#JAHBCA010000035.1	10942066	100000
hprc4_L100000_2819	HG00438.1	HG00438#1#JAHBCB010000036.1	10445668	100000
hprc4_L100000_2820	HG00438.2	HG00438#2#JAHBCA010000026.1	7770127	100000
hprc4_L100000_2821	HG00438.2	HG00438#2#JAHBCA010000054.1	9857652	100000
hprc4_L100000_2822	HG00621.1	HG00621#1#JAHBCD010000020.1	1561835	100000
hprc4_L100000_2823	HG00438.2	HG00438#2#JAHBCA010000043.1	59378563	100000
hprc4_L100000_2824	HG00621.2	HG00621#2#JAHBCC010000015.1	27036796	100000
hprc4_L100000_2825	HG00438.2	HG00438#2#JAHBCA010000024.1	32068324	100000
hprc4_L100000_2826	HG00621.2	HG00621#2#JAHBCC010000066.1	55050648	100000
hprc4_L100000_2827	HG00438.2	HG00438#2#JAHBCA010000064.1	1967177	100000
hprc4_L100000_2828	HG00438.2	HG00438#2#JAHBCA010000004.1	57666584	100000
hprc4_L100000_2829	HG00438.2	HG00438#2#JAHBCA010000002.1	4367156	100000
hprc4_L100000_2830	HG00438.1	HG00438#1#JAHBCB010000004.1	34332753	100000
hprc4_L100000_2831	HG00621.1	HG00621#1#JAHBCD010000022.1	29534680	100000
hprc4_L100000_2832	HG00621.1	HG00621#1#JAHBCD010000066.1	23835730	100000
hprc4_L100000_2833	HG00621.1	HG00621#1#JAHBCD010000005.1	40106538	100000
hprc4_L100000_2834	HG00438.1	HG00438#1#JAHBCB010000050.1	4351098	100000
hprc4_L100000_2835	HG00438.1	HG00438#1#JAHBCB010000026.1	10067503	100000
hprc4_L100000_2836	HG00621.2	HG00621#2#JAHBCC010000005.1	1216816	100000
hprc4_L100000_2837	HG00438.1	HG00438#1#JAHBCB010000032.1	40876911	100000
hprc4_L100000_2838	HG00621.1	HG00621#1#JAHBCD010000055.1	5141696	100000
hprc4_L100000_2839	HG00621.1	HG00621#1#JAHBCD010000020.1	24073027	100000
hprc4_L100000_2840	HG00438.2	HG00438#2#JAHBCA010000066.1	3884151	100000
hprc4_L100000_2841	HG00621.2	HG00621#2#JAHBCC010000055.1	28227421	100000
hprc4_L100000_2842	HG00621.2	HG00621#2#JAHBCC010000045.1	31618677	100000
hprc4_L100000_2843	HG00438.1	HG00438#1#JAHBCB010000018.1	21290079	100000
hprc4_L100000_2844	HG00438.1	HG00438#1#JAHBCB010000057.1	8577068	100000
hprc4_L100000_2845	HG00621.2	HG00621#2#JAHBCC010000008.1	15930340	100000
hprc4_L100000_2846	HG00621.1	HG00621#1#JAHBCD010000092.1	3923376	100000
hprc4_L100000_2847	HG00621.2	HG00621#2#JAHBCC010000034.1	64579638	100000
hprc4_L100000_2848	HG00438.2	HG00438#2#JAHBCA010000035.1	29882799	100000
hprc4_L100000_2849	HG00438.1	HG00438#1#JAHBCB010000027.1	21668823	100000
hprc4_L100000_2850	HG00621.1	HG00621#1#JAHBCD010000016.1	23873019	100000
hprc4_L100000_2851	HG00438.2	HG00438#2#JAHBCA010000035.1	20384312	100000
hprc4_L100000_2852	HG00438.1	HG00438#1#JAHBCB010000011.1	37350760	100000
hprc4_L100000_2853	HG00621.2	HG00621#2#JAHBCC010000076.1	27645661	100000
hprc4_L100000_2854	HG00621.1	HG00621#1#JAHBCD010000033.1	52807836	100000
hprc4_L100000_2855	HG00438.2	HG00438#2#JAHBCA010000021.1	280	100000
hprc4_L100000_2856	HG00438.1	HG00438#1#JAHBCB010000033.1	18073413	100000
hprc4_L100000_2857	HG00438.2	HG00438#2#JAHBCA010000052.1	2135650	100000
hprc4_L100000_2858	HG00438.2	HG00438#2#JAHBCA010000025.1	15997237	100000
hprc4_L100000_2859	HG00438.2	HG00438#2#JAHBCA010000011.1	72623035	100000
hprc4_L100000_2860	HG00438.1	HG00438#1#JAHBCB010000018.1	43584571	100000
hprc4_L100000_2861	HG00621.2	HG00621#2#JAHBCC010000062.1	420494	100000
hprc4_L100000_2862	HG00438.1	HG00438#1#JAHBCB010000011.1	78095878	100000
hprc4_L100000_2863	HG00438.2	HG00438#2#JAHBCA010000011.1	88644342	100000
hprc4_L100000_2864	HG00438.2	HG00438#2#JAHBCA010000037.1	6894887	100000
hprc4_L100000_2865	HG00438.1	HG00438#1#JAHBCB010000046.1	24805127	100000
hprc4_L100000_2866	HG00438.2	HG00438#2#JAHBCA010000005.1	2310074	100000
hprc4_L100000_2867	HG00621.1	HG00621#1#JAHBCD010000020.1	1243078	100000
hprc4_L100000_2868	HG00438.1	HG00438#1#JAHBCB010000011.1	14293870	100000
hprc4_L100000_2869	HG00621.2	HG00621#2#JAHBCC010000006.1	76366702	100000
hprc4_L100000_2870	HG00621.2	HG00621#2#JAHBCC010000032.1	20798456	100000
hprc4_L100000_2871	HG00438.2	HG00438#2#JAHBCA010000002.1	86106627	100000
hprc4_L100000_2872	HG00438.1	HG00438#1#JAHBCB010000044.1	38617087	100000
hprc4_L100000_2873	HG00438.1	HG00438#1#JAHBCB010000098.1	3448368	100000
hprc4_L100000_2874	HG00621.1	HG00621#1#JAHBCD010000039.1	12641110	100000
hprc4_L100000_2875	HG00621.1	HG00621#1#JAHBCD010000001.1	13722287	100000
hprc4_L100000_2876	HG00621.1	HG00621#1#JAHBCD010000053.1	3392931	100000
hprc4_L100000_2877	HG00438.2	HG00438#2#JAHBCA010000046.1	34608432	100000
hprc4_L100000_2878	HG00438.2	HG00438#2#JAHBCA010000022.1	737303	100000
hprc4_L100000_2879	HG00438.1	HG00438#1#JAHBCB010000102.1	138542	100000
hprc4_L100000_2880	HG00438.1	HG00438#1#JAHBCB010000008.1	91296878	100000
hprc4_L100000_2881	HG00438.1	HG00438#1#JAHBCB010000030.1	25345168	100000
hprc4_L100000_2882	HG00438.2	HG00438#2#JAHBCA010000012.1	7264960	100000
hprc4_L100000_2883	HG00438.2	HG00438#2#JAHBCA010000017.1	21828391	100000
hprc4_L100000_2884	HG00438.2	HG00438#2#JAHBCA010000055.1	6997347	100000
hprc4_L100000_2885	HG00621.1	HG00621#1#JAHBCD010000002.1	2869841	100000
hprc4_L100000_2886	HG00621.1	HG00621#1#JAHBCD010000006.1	11888605	100000
hprc4_L100000_2887	HG00438.2	HG00438#2#JAHBCA010000035.1	43210082	100000
hprc4_L100000_2888	HG00438.2	HG00438#2#JAHBCA010000024.1	9607335	100000
hprc4_L100000_2889	HG00621.1	HG00621#1#JAHBCD010000021.1	67871606	100000
hprc4_L100000_2890	HG00621.1	HG00621#1#JAHBCD010000034.1	14601929	100000
hprc4_L100000_2891	HG00621.2	HG00621#2#JAHBCC010000022.1	10265613	100000
hprc4_L100000_2892	HG00621.1	HG00621#1#JAHBCD010000007.1	23307858	100000
hprc4_L100000_2893	HG00621.2	HG00621#2#JAHBCC010000027.1	1320286	100000
hprc4_L100000_2894	HG00438.1	HG00438#1#JAHBCB010000019.1	94718289	100000
hprc4_L100000_2895	HG00438.1	HG00438#1#JAHBCB010000035.1	2009613	100000
hprc4_L100000_2896	HG00621.1	HG00621#1#JAHBCD010000082.1	26022351	100000
hprc4_L100000_2897	HG00621.2	HG00621#2#JAHBCC010000015.1	9554075	100000
hprc4_L100000_2898	HG00438.2	HG00438#2#JAHBCA010000084.1	8968848	100000
hprc4_L100000_2899	HG00621.2	HG00621#2#JAHBCC010000006.1	30410933	100000
hprc4_L100000_2900	HG00621.1	HG00621#1#JAHBCD010000024.1	43523236	100000
hprc4_L100000_2901	HG00438.2	HG00438#2#JAHBCA010000016.1	58793652	100000
hprc4_L100000_2902	HG00438.2	HG00438#2#JAHBCA010000048.1	23733402	100000
hprc4_L100000_2903	HG00621.1	HG00621#1#JAHBCD010000026.1	14285120	100000
hprc4_L100000_2904	HG00438.2	HG00438#2#JAHBCA010000002.1	73523249	100000
hprc4_L100000_2905	HG00621.1	HG00621#1#JAHBCD010000082.1	6440378	100000
hprc4_L100000_2906	HG00621.2	HG00621#2#JAHBCC010000018.1	62262234	100000
hprc4_L100000_2907	HG00438.1	HG00438#1#JAHBCB010000045.1	68729501	100000
hprc4_L100000_2908	HG00621.1	HG00621#1#JAHBCD010000029.1	10438598	100000
hprc4_L100000_2909	HG00438.1	HG00438#1#JAHBCB010000015.1	5214069	100000
hprc4_L100000_2910	HG00438.1	HG00438#1#JAHBCB010000041.1	16461715	100000
hprc4_L100000_2911	HG00438.1	HG00438#1#JAHBCB010000005.1	30300312	100000
hprc4_L100000_2912	HG00621.1	HG00621#1#JAHBCD010000097.1	2534510	100000
hprc4_L100000_2913	HG00438.1	HG00438#1#JAHBCB010000050.1	25233947	100000
hprc4_L100000_2914	HG00621.2	HG00621#2#JAHBCC010000070.1	21620475	100000
hprc4_L100000_2915	HG00621.2	HG00621#2#JAHBCC010000017.1	6727672	100000
hprc4_L100000_2916	HG00438.2	HG00438#2#JAHBCA010000040.1	19875246	100000
hprc4_L100000_2917	HG00621.1	HG00621#1#JAHBCD010000019.1	27975697	100000
hprc4_L100000_2918	HG00621.1	HG00621#1#JAHBCD010000063.1	3605412	100000
hprc4_L100000_2919	HG00621.2	HG00621#2#JAHBCC010000022.1	9229756	100000
hprc4_L100000_2920	HG00621.2	HG00621#2#JAHBCC010000034.1	57786012	100000
hprc4_L100000_2921	HG00438.1	HG00438#1#JAHBCB010000028.1	220223	100000
hprc4_L100000_2922	HG00621.2	HG00621#2#JAHBCC010000070.1	5617562	100000
hprc4_L100000_2923	HG00438.2	HG00438#2#JAHBCA010000033.1	4350269	100000
hprc4_L100000_2924	HG00438.1	HG00438#1#JAHBCB010000072.1	8095667	100000
hprc4_L100000_2925	HG00621.1	HG00621#1#JAHBCD010000022.1	29066851	100000
hprc4_L100000_2926	HG00438.2	HG00438#2#JAHBCA010000037.1	20415420	100000
hprc4_L100000_2927	HG00438.1	HG00438#1#JAHBCB010000041.1	47303105	100000
hprc4_L100000_2928	HG00438.1	HG00438#1#JAHBCB010000025.1	27821286	100000
hprc4_L100000_2929	HG00438.2	HG00438#2#JAHBCA010000003.1	72319909	100000
hprc4_L100000_2930	HG00438.2	HG00438#2#JAHBCA010000040.1	32598378	100000
hprc4_L100000_2931	HG00621.2	HG00621#2#JAHBCC010000053.1	6962626	100000
hprc4_L100000_2932	HG00438.2	HG00438#2#JAHBCA010000010.1	80985202	100000
hprc4_L100000_2933	HG00438.1	HG00438#1#JAHBCB010000024.1	2635730	100000
hprc4_L100000_2934	HG00621.1	HG00621#1#JAHBCD010000022.1	79459599	100000
hprc4_L100000_2935	HG00621.2	HG00621#2#JAHBCC010000024.1	22942904	100000
hprc4_L100000_2936	HG00438.1	HG00438#1#JAHBCB010000024.1	11320314	100000
hprc4_L100000_2937	HG00438.2	HG00438#2#JAHBCA010000019.1	5905163	100000
hprc4_L100000_2938	HG00621.2	HG00621#2#JAHBCC010000018.1	43135592	100000
hprc4_L100000_2939	HG00438.1	HG00438#1#JAHBCB010000065.1	15229779	100000
hprc4_L100000_2940	HG00438.1	HG00438#1#JAHBCB010000015.1	37956428	100000
hprc4_L100000_2941	HG00621.2	HG00621#2#JAHBCC010000003.1	6439888	100000
hprc4_L100000_2942	HG00438.2	HG00438#2#JAHBCA010000022.1	23016033	100000
hprc4_L100000_2943	HG00438.1	HG00438#1#JAHBCB010000020.1	7057577	100000
hprc4_L100000_2944	HG00438.2	HG00438#2#JAHBCA010000020.1	55658608	100000
hprc4_L100000_2945	HG00621.1	HG00621#1#JAHBCD010000041.1	56425686	100000
hprc4_L100000_2946	HG00438.1	HG00438#1#JAHBCB010000061.1	7329544	100000
hprc4_L100000_2947	HG00621.1	HG00621#1#JAHBCD010000092.1	5434286	100000
hprc4_L100000_2948	HG00621.1	HG00621#1#JAHBCD010000009.1	17078770	100000
hprc4_L100000_2949	HG00438.2	HG00438#2#JAHBCA010000050.1	28529741	100000
hprc4_L100000_2950	HG00438.1	HG00438#1#JAHBCB010000004.1	49084656	100000
hprc4_L100000_2951	HG00621.2	HG00621#2#JAHBCC010000039.1	36562668	100000
hprc4_L100000_2952	HG00621.2	HG00621#2#JAHBCC010000037.1	31667	100000
hprc4_L100000_2953	HG00621.1	HG00621#1#JAHBCD010000018.1	798882	100000
hprc4_L100000_2954	HG00621.2	HG00621#2#JAHBCC010000049.1	14808250	100000
hprc4_L100000_2955	HG00438.2	HG00438#2#JAHBCA010000005.1	66791800	100000
hprc4_L100000_2956	HG00621.2	HG00621#2#JAHBCC010000006.1	31453514	100000
hprc4_L100000_2957	HG00621.2	HG00621#2#JAHBCC010000004.1	30555662	100000
hprc4_L100000_2958	HG00621.1	HG00621#1#JAHBCD010000020.1	5066457	100000
hprc4_L100000_2959	HG00621.2	HG00621#2#JAHBCC010000028.1	66430245	100000
hprc4_L100000_2960	HG00621.2	HG00621#2#JAHBCC010000076.1	13728553	100000
hprc4_L100000_2961	HG00621.1	HG00621#1#JAHBCD010000032.1	35590242	100000
hprc4_L100000_2962	HG00438.1	HG00438#1#JAHBCB010000042.1	11629630	100000
hprc4_L100000_2963	HG00438.2	HG00438#2#JAHBCA010000002.1	93808840	100000
hprc4_L100000_2964	HG00621.2	HG00621#2#JAHBCC010000054.1	14380084	100000
hprc4_L100000_2965	HG00438.1	HG00438#1#JAHBCB010000018.1	102757656	100000
hprc4_L100000_2966	HG00438.1	HG00438#1#JAHBCB010000045.1	47667798	100000
hprc4_L100000_2967	HG00621.1	HG00621#1#JAHBCD010000042.1	7019353	100000
hprc4_L100000_2968	HG00621.2	HG00621#2#JAHBCC010000051.1	5670129	100000
hprc4_L100000_2969	HG00621.2	HG00621#2#JAHBCC010000054.1	6549483	100000
hprc4_L100000_2970	HG00621.1	HG00621#1#JAHBCD010000047.1	55286892	100000
hprc4_L100000_2971	HG00438.2	HG00438#2#JAHBCA010000010.1	6957612	100000
hprc4_L100000_2972	HG00438.1	HG00438#1#JAHBCB010000037.1	24504597	100000
hprc4_L100000_2973	HG00438.1	HG00438#1#JAHBCB010000057.1	27163016	100000
hprc4_L100000_2974	HG00438.1	HG00438#1#JAHBCB010000088.1	3920651	100000
hprc4_L100000_2975	HG00621.2	HG00621#2#JAHBCC010000025.1	4696879	100000
hprc4_L100000_2976	HG00621.1	HG00621#1#JAHBCD010000013.1	19373540	100000
hprc4_L100000_2977	HG00621.2	HG00621#2#JAHBCC010000001.1	4290867	100000
hprc4_L100000_2978	HG00621.1	HG00621#1#JAHBCD010000020.1	622579	100000
hprc4_L100000_2979	HG00621.1	HG00621#1#JAHBCD010000063.1	36919407	100000
hprc4_L100000_2980	HG00438.2	HG00438#2#JAHBCA010000063.1	18780754	100000
hprc4_L100000_2981	HG00438.1	HG00438#1#JAHBCB010000037.1	15285898	100000
hprc4_L100000_2982	HG00621.2	HG00621#2#JAHBCC010000006.1	25516098	100000
hprc4_L100000_2983	HG00438.2	HG00438#2#JAHBCA010000015.1	1717135	100000
hprc4_L100000_2984	HG00621.1	HG00621#1#JAHBCD010000019.1	20664513	100000
hprc4_L100000_2985	HG00621.1	HG00621#1#JAHBCD010000110.1	1971339	100000
hprc4_L100000_2986	HG00438.1	HG00438#1#JAHBCB010000019.1	10879079	100000
hprc4_L100000_2987	HG00438.2	HG00438#2#JAHBCA010000060.1	4425669	100000
hprc4_L100000_2988	HG00621.1	HG00621#1#JAHBCD010000017.1	34473347	100000
hprc4_L100000_2989	HG00438.1	HG00438#1#JAHBCB010000013.1	2703901	100000
hprc4_L100000_2990	HG00438.1	HG00438#1#JAHBCB010000066.1	20491498	100000
hprc4_L100000_2991	HG00438.2	HG00438#2#JAHBCA010000043.1	33568000	100000
hprc4_L100000_2992	HG00621.1	HG00621#1#JAHBCD010000005.1	73600822	100000
hprc4_L100000_2993	HG00621.2	HG00621#2#JAHBCC010000004.1	4129530	100000
hprc4_L100000_2994	HG00438.2	HG00438#2#JAHBCA010000020.1	23252770	100000
hprc4_L100000_2995	HG00438.2	HG00438#2#JAHBCA010000020.1	44359099	100000
hprc4_L100000_2996	HG00438.2	HG00438#2#JAHBCA010000011.1	48256673	100000
hprc4_L100000_2997	HG00621.1	HG00621#1#JAHBCD010000008.1	39363618	100000
hprc4_L100000_2998	HG00438.1	HG00438#1#JAHBCB010000001.1	6870601	100000
hprc4_L100000_2999	HG00438.2	HG00438#2#JAHBCA010000046.1	86626876	100000
hprc4_L100000_3000	HG00438.2	HG00438#2#JAHBCA010000011.1	46905384	100000
hprc4_L100000_3001	HG00438.2	HG00438#2#JAHBCA010000007.1	920377	100000
hprc4_L100000_3002	HG00438.2	HG00438#2#JAHBCA010000001.1	50575539	100000
hprc4_L100000_3003	HG00621.2	HG00621#2#JAHBCC010000014.1	19734186	100000
hprc4_L100000_3004	HG00438.2	HG00438#2#JAHBCA010000020.1	6663158	100000
hprc4_L100000_3005	HG00621.1	HG00621#1#JAHBCD010000047.1	27094953	100000
hprc4_L100000_3006	HG00621.2	HG00621#2#JAHBCC010000028.1	78332588	100000
hprc4_L100000_3007	HG00621.2	HG00621#2#JAHBCC010000025.1	6163567	100000
hprc4_L100000_3008	HG00621.1	HG00621#1#JAHBCD010000041.1	37040952	100000
hprc4_L100000_3009	HG00621.1	HG00621#1#JAHBCD010000024.1	15228648	100000
hprc4_L100000_3010	HG00621.1	HG00621#1#JAHBCD010000002.1	80465082	100000
hprc4_L100000_3011	HG00621.1	HG00621#1#JAHBCD010000010.1	69672791	100000
hprc4_L100000_3012	HG00438.2	HG00438#2#JAHBCA010000087.1	9244242	100000
hprc4_L100000_3013	HG00438.1	HG00438#1#JAHBCB010000011.1	58639882	100000
hprc4_L100000_3014	HG00621.1	HG00621#1#JAHBCD010000031.1	15567889	100000
hprc4_L100000_3015	HG00438.2	HG00438#2#JAHBCA010000066.1	12913188	100000
hprc4_L100000_3016	HG00438.2	HG00438#2#JAHBCA010000008.1	24870754	100000
hprc4_L100000_3017	HG00621.1	HG00621#1#JAHBCD010000084.1	11852073	100000
hprc4_L100000_3018	HG00621.2	HG00621#2#JAHBCC010000067.1	35812895	100000
hprc4_L100000_3019	HG00438.1	HG00438#1#JAHBCB010000024.1	31568428	100000
hprc4_L100000_3020	HG00438.2	HG00438#2#JAHBCA010000017.1	20569593	100000
hprc4_L100000_3021	HG00438.2	HG00438#2#JAHBCA010000037.1	15986794	100000
hprc4_L100000_3022	HG00438.1	HG00438#1#JAHBCB010000045.1	53726268	100000
hprc4_L100000_3023	HG00438.1	HG00438#1#JAHBCB010000045.1	18484132	100000
hprc4_L100000_3024	HG00438.2	HG00438#2#JAHBCA010000063.1	13791898	100000
hprc4_L100000_3025	HG00438.2	HG00438#2#JAHBCA010000001.1	27823513	100000
hprc4_L100000_3026	HG00621.2	HG00621#2#JAHBCC010000019.1	25552313	100000
hprc4_L100000_3027	HG00438.1	HG00438#1#JAHBCB010000065.1	5415393	100000
hprc4_L100000_3028	HG00438.1	HG00438#1#JAHBCB010000003.1	57066496	100000
hprc4_L100000_3029	HG00438.1	HG00438#1#JAHBCB010000009.1	6581242	100000
hprc4_L100000_3030	HG00621.2	HG00621#2#JAHBCC010000056.1	17136449	100000
hprc4_L100000_3031	HG00438.2	HG00438#2#JAHBCA010000046.1	62210334	100000
hprc4_L100000_3032	HG00621.1	HG00621#1#JAHBCD010000002.1	41231661	100000
hprc4_L100000_3033	HG00621.1	HG00621#1#JAHBCD010000009.1	21722816	100000
hprc4_L100000_3034	HG00621.2	HG00621#2#JAHBCC010000065.1	4386301	100000
hprc4_L100000_3035	HG00621.2	HG00621#2#JAHBCC010000022.1	97150701	100000
hprc4_L100000_3036	HG00621.1	HG00621#1#JAHBCD010000029.1	34182854	100000
hprc4_L100000_3037	HG00621.2	HG00621#2#JAHBCC010000033.1	81053477	100000
hprc4_L100000_3038	HG00438.2	HG00438#2#JAHBCA010000031.1	13527713	100000
hprc4_L100000_3039	HG00438.2	HG00438#2#JAHBCA010000043.1	42813433	100000
hprc4_L100000_3040	HG00621.2	HG00621#2#JAHBCC010000016.1	11637547	100000
hprc4_L100000_3041	HG00438.2	HG00438#2#JAHBCA010000045.1	989759	100000
hprc4_L100000_3042	HG00438.1	HG00438#1#JAHBCB010000037.1	81789556	100000
hprc4_L100000_3043	HG00621.2	HG00621#2#JAHBCC010000060.1	41164977	100000
hprc4_L100000_3044	HG00438.2	HG00438#2#JAHBCA010000069.1	7118870	100000
hprc4_L100000_3045	HG00621.1	HG00621#1#JAHBCD010000005.1	12107414	100000
hprc4_L100000_3046	HG00438.1	HG00438#1#JAHBCB010000031.1	16152533	100000
hprc4_L100000_3047	HG00621.2	HG00621#2#JAHBCC010000026.1	15914849	100000
hprc4_L100000_3048	HG00438.2	HG00438#2#JAHBCA010000021.1	11781196	100000
hprc4_L100000_3049	HG00621.1	HG00621#1#JAHBCD010000002.1	35266733	100000
hprc4_L100000_3050	HG00621.2	HG00621#2#JAHBCC010000017.1	3383842	100000
hprc4_L100000_3051	HG00621.1	HG00621#1#JAHBCD010000005.1	7317641	100000
hprc4_L100000_3052	HG00621.1	HG00621#1#JAHBCD010000009.1	59693686	100000
hprc4_L100000_3053	HG00438.1	HG00438#1#JAHBCB010000025.1	7594703	100000
hprc4_L100000_3054	HG00438.2	HG00438#2#JAHBCA010000073.1	11962062	100000
hprc4_L100000_3055	HG00621.1	HG00621#1#JAHBCD010000041.1	6525857	100000
hprc4_L100000_3056	HG00621.1	HG00621#1#JAHBCD010000010.1	31247841	100000
hprc4_L100000_3057	HG00621.1	HG00621#1#JAHBCD010000098.1	8163079	100000
hprc4_L100000_3058	HG00621.1	HG00621#1#JAHBCD010000048.1	31723763	100000
hprc4_L100000_3059	HG00438.1	HG00438#1#JAHBCB010000002.1	27634523	100000
hprc4_L100000_3060	HG00621.2	HG00621#2#JAHBCC010000067.1	26876883	100000
hprc4_L100000_3061	HG00621.2	HG00621#2#JAHBCC010000071.1	1013252	100000
hprc4_L100000_3062	HG00438.2	HG00438#2#JAHBCA010000070.1	6741789	100000
hprc4_L100000_3063	HG00621.2	HG00621#2#JAHBCC010000045.1	13688988	100000
hprc4_L100000_3064	HG00438.1	HG00438#1#JAHBCB010000045.1	53095628	100000
hprc4_L100000_3065	HG00621.1	HG00621#1#JAHBCD010000065.1	4109772	100000
hprc4_L100000_3066	HG00438.2	HG00438#2#JAHBCA010000017.1	18067317	100000
hprc4_L100000_3067	HG00621.2	HG00621#2#JAHBCC010000033.1	100206737	100000
hprc4_L100000_3068	HG00621.2	HG00621#2#JAHBCC010000078.1	5628368	100000
hprc4_L100000_3069	HG00438.2	HG00438#2#JAHBCA010000014.1	1104719	100000
hprc4_L100000_3070	HG00438.1	HG00438#1#JAHBCB010000087.1	2398244	100000
hprc4_L100000_3071	HG00621.2	HG00621#2#JAHBCC010000054.1	6326180	100000
hprc4_L100000_3072	HG00438.1	HG00438#1#JAHBCB010000107.1	169176	100000
hprc4_L100000_3073	HG00621.2	HG00621#2#JAHBCC010000160.1	565996	100000
hprc4_L100000_3074	HG00438.2	HG00438#2#JAHBCA010000010.1	5001269	100000
hprc4_L100000_3075	HG00438.1	HG00438#1#JAHBCB010000068.1	16520154	100000
hprc4_L100000_3076	HG00438.1	HG00438#1#JAHBCB010000074.1	1568366	100000
hprc4_L100000_3077	HG00438.2	HG00438#2#JAHBCA010000033.1	59011183	100000
hprc4_L100000_3078	HG00621.1	HG00621#1#JAHBCD010000044.1	504307	100000
hprc4_L100000_3079	HG00621.1	HG00621#1#JAHBCD010000029.1	3168200	100000
hprc4_L100000_3080	HG00438.2	HG00438#2#JAHBCA010000032.1	7837663	100000
hprc4_L100000_3081	HG00621.1	HG00621#1#JAHBCD010000076.1	2737361	100000
hprc4_L100000_3082	HG00438.2	HG00438#2#JAHBCA010000050.1	26240491	100000
hprc4_L100000_3083	HG00621.2	HG00621#2#JAHBCC010000028.1	5804871	100000
hprc4_L100000_3084	HG00621.2	HG00621#2#JAHBCC010000060.1	15653530	100000
hprc4_L100000_3085	HG00438.1	HG00438#1#JAHBCB010000094.1	5858187	100000
hprc4_L100000_3086	HG00438.2	HG00438#2#JAHBCA010000026.1	12363760	100000
hprc4_L100000_3087	HG00438.2	HG00438#2#JAHBCA010000031.1	3960762	100000
hprc4_L100000_3088	HG00438.1	HG00438#1#JAHBCB010000024.1	63498043	100000
hprc4_L100000_3089	HG00621.1	HG00621#1#JAHBCD010000002.1	32429675	100000
hprc4_L100000_3090	HG00621.2	HG00621#2#JAHBCC010000024.1	73971052	100000
hprc4_L100000_3091	HG00438.1	HG00438#1#JAHBCB010000003.1	49273309	100000
hprc4_L100000_3092	HG00621.1	HG00621#1#JAHBCD010000010.1	42754328	100000
hprc4_L100000_3093	HG00621.1	HG00621#1#JAHBCD010000007.1	14150498	100000
hprc4_L100000_3094	HG00438.1	HG00438#1#JAHBCB010000024.1	59885772	100000
hprc4_L100000_3095	HG00621.1	HG00621#1#JAHBCD010000019.1	40222006	100000
hprc4_L100000_3096	HG00438.1	HG00438#1#JAHBCB010000021.1	38258158	100000
hprc4_L100000_3097	HG00621.2	HG00621#2#JAHBCC010000022.1	102925897	100000
hprc4_L100000_3098	HG00621.2	HG00621#2#JAHBCC010000019.1	7997437	100000
hprc4_L100000_3099	HG00621.1	HG00621#1#JAHBCD010000102.1	544896	100000
hprc4_L100000_3100	HG00621.2	HG00621#2#JAHBCC010000076.1	42579314	100000
hprc4_L100000_3101	HG00438.2	HG00438#2#JAHBCA010000052.1	15872417	100000
hprc4_L100000_3102	HG00621.2	HG00621#2#JAHBCC010000037.1	36960771	100000
hprc4_L100000_3103	HG00621.2	HG00621#2#JAHBCC010000064.1	16194054	100000
hprc4_L100000_3104	HG00621.2	HG00621#2#JAHBCC010000033.1	55613137	100000
hprc4_L100000_3105	HG00621.2	HG00621#2#JAHBCC010000022.1	62635584	100000
hprc4_L100000_3106	HG00621.1	HG00621#1#JAHBCD010000009.1	32998637	100000
hprc4_L100000_3107	HG00621.2	HG00621#2#JAHBCC010000086.1	651528	100000
hprc4_L100000_3108	HG00621.1	HG00621#1#JAHBCD010000021.1	10903420	100000
hprc4_L100000_3109	HG00621.1	HG00621#1#JAHBCD010000005.1	11672122	100000
hprc4_L100000_3110	HG00621.2	HG00621#2#JAHBCC010000060.1	13903545	100000
hprc4_L100000_3111	HG00438.2	HG00438#2#JAHBCA010000114.1	5127750	100000
hprc4_L100000_3112	HG00438.2	HG00438#2#JAHBCA010000005.1	13646867	100000
hprc4_L100000_3113	HG00621.2	HG00621#2#JAHBCC010000041.1	23098871	100000
hprc4_L100000_3114	HG00621.1	HG00621#1#JAHBCD010000016.1	31168021	100000
hprc4_L100000_3115	HG00438.1	HG00438#1#JAHBCB010000005.1	7476961	100000
hprc4_L100000_3116	HG00621.1	HG00621#1#JAHBCD010000063.1	13728281	100000
hprc4_L100000_3117	HG00438.1	HG00438#1#JAHBCB010000090.1	1994752	100000
hprc4_L100000_3118	HG00438.1	HG00438#1#JAHBCB010000008.1	6851335	100000
hprc4_L100000_3119	HG00438.1	HG00438#1#JAHBCB010000018.1	44985410	100000
hprc4_L100000_3120	HG00621.1	HG00621#1#JAHBCD010000020.1	23392046	100000
hprc4_L100000_3121	HG00438.1	HG00438#1#JAHBCB010000051.1	6525847	100000
hprc4_L100000_3122	HG00621.1	HG00621#1#JAHBCD010000027.1	29045848	100000
hprc4_L100000_3123	HG00438.2	HG00438#2#JAHBCA010000003.1	79104608	100000
hprc4_L100000_3124	HG00438.1	HG00438#1#JAHBCB010000038.1	7017861	100000
hprc4_L100000_3125	HG00438.2	HG00438#2#JAHBCA010000003.1	18890889	100000
hprc4_L100000_3126	HG00621.1	HG00621#1#JAHBCD010000022.1	38137164	100000
hprc4_L100000_3127	HG00621.1	HG00621#1#JAHBCD010000014.1	48693515	100000
hprc4_L100000_3128	HG00438.2	HG00438#2#JAHBCA010000004.1	31992514	100000
hprc4_L100000_3129	HG00438.2	HG00438#2#JAHBCA010000019.1	50799539	100000
hprc4_L100000_3130	HG00621.1	HG00621#1#JAHBCD010000100.1	80320	100000
hprc4_L100000_3131	HG00438.2	HG00438#2#JAHBCA010000055.1	5592103	100000
hprc4_L100000_3132	HG00438.1	HG00438#1#JAHBCB010000046.1	5386383	100000
hprc4_L100000_3133	HG00438.1	HG00438#1#JAHBCB010000085.1	27319472	100000
hprc4_L100000_3134	HG00621.2	HG00621#2#JAHBCC010000032.1	11026332	100000
hprc4_L100000_3135	HG00438.1	HG00438#1#JAHBCB010000003.1	40285470	100000
hprc4_L100000_3136	HG00438.2	HG00438#2#JAHBCA010000040.1	23242716	100000
hprc4_L100000_3137	HG00438.1	HG00438#1#JAHBCB010000015.1	31115821	100000
hprc4_L100000_3138	HG00438.1	HG00438#1#JAHBCB010000049.1	6810565	100000
hprc4_L100000_3139	HG00621.2	HG00621#2#JAHBCC010000053.1	26821907	100000
hprc4_L100000_3140	HG00438.1	HG00438#1#JAHBCB010000011.1	63641230	100000
hprc4_L100000_3141	HG00621.1	HG00621#1#JAHBCD010000039.1	9313852	100000
hprc4_L100000_3142	HG00621.1	HG00621#1#JAHBCD010000019.1	29807757	100000
hprc4_L100000_3143	HG00438.2	HG00438#2#JAHBCA010000002.1	78419008	100000
hprc4_L100000_3144	HG00438.1	HG00438#1#JAHBCB010000046.1	28051821	100000
hprc4_L100000_3145	HG00621.2	HG00621#2#JAHBCC010000063.1	834570	100000
hprc4_L100000_3146	HG00438.2	HG00438#2#JAHBCA010000025.1	2587584	100000
hprc4_L100000_3147	HG00621.1	HG00621#1#JAHBCD010000006.1	12946074	100000
hprc4_L100000_3148	HG00621.1	HG00621#1#JAHBCD010000013.1	12960954	100000
hprc4_L100000_3149	HG00438.1	HG00438#1#JAHBCB010000162.1	693511	100000
hprc4_L100000_3150	HG00438.1	HG00438#1#JAHBCB010000050.1	5052979	100000
hprc4_L100000_3151	HG00621.1	HG00621#1#JAHBCD010000110.1	636102	100000
hprc4_L100000_3152	HG00438.2	HG00438#2#JAHBCA010000005.1	105088046	100000
hprc4_L100000_3153	HG00438.2	HG00438#2#JAHBCA010000066.1	2624159	100000
hprc4_L100000_3154	HG00621.1	HG00621#1#JAHBCD010000031.1	42783700	100000
hprc4_L100000_3155	HG00621.1	HG00621#1#JAHBCD010000001.1	86947402	100000
hprc4_L100000_3156	HG00621.1	HG00621#1#JAHBCD010000025.1	25523520	100000
hprc4_L100000_3157	HG00621.1	HG00621#1#JAHBCD010000024.1	22267386	100000
hprc4_L100000_3158	HG00621.1	HG00621#1#JAHBCD010000029.1	26622883	100000
hprc4_L100000_3159	HG00621.2	HG00621#2#JAHBCC010000018.1	1986516	100000
hprc4_L100000_3160	HG00438.2	HG00438#2#JAHBCA010000055.1	22977838	100000
hprc4_L100000_3161	HG00438.2	HG00438#2#JAHBCA010000024.1	20047661	100000
hprc4_L100000_3162	HG00621.2	HG00621#2#JAHBCC010000084.1	15277450	100000
hprc4_L100000_3163	HG00438.2	HG00438#2#JAHBCA010000005.1	27430078	100000
hprc4_L100000_3164	HG00621.1	HG00621#1#JAHBCD010000009.1	74487660	100000
hprc4_L100000_3165	HG00621.1	HG00621#1#JAHBCD010000029.1	13709983	100000
hprc4_L100000_3166	HG00621.2	HG00621#2#JAHBCC010000104.1	9191104	100000
hprc4_L100000_3167	HG00438.2	HG00438#2#JAHBCA010000015.1	1582309	100000
hprc4_L100000_3168	HG00621.1	HG00621#1#JAHBCD010000017.1	10041083	100000
hprc4_L100000_3169	HG00621.1	HG00621#1#JAHBCD010000024.1	39795234	100000
hprc4_L100000_3170	HG00438.2	HG00438#2#JAHBCA010000043.1	793704	100000
hprc4_L100000_3171	HG00621.2	HG00621#2#JAHBCC010000016.1	54263	100000
hprc4_L100000_3172	HG00621.1	HG00621#1#JAHBCD010000022.1	56594936	100000
hprc4_L100000_3173	HG00621.1	HG00621#1#JAHBCD010000002.1	48287273	100000
hprc4_L100000_3174	HG00621.2	HG00621#2#JAHBCC010000022.1	51274633	100000
hprc4_L100000_3175	HG00438.1	HG00438#1#JAHBCB010000065.1	2639644	100000
hprc4_L100000_3176	HG00438.2	HG00438#2#JAHBCA010000017.1	10842752	100000
hprc4_L100000_3177	HG00621.1	HG00621#1#JAHBCD010000079.1	3618905	100000
hprc4_L100000_3178	HG00621.1	HG00621#1#JAHBCD010000002.1	45773283	100000
hprc4_L100000_3179	HG00438.2	HG00438#2#JAHBCA010000076.1	9703775	100000
hprc4_L100000_3180	HG00621.2	HG00621#2#JAHBCC010000038.1	1621030	100000
hprc4_L100000_3181	HG00438.1	HG00438#1#JAHBCB010000041.1	28581681	100000
hprc4_L100000_3182	HG00621.1	HG00621#1#JAHBCD010000010.1	81277278	100000
hprc4_L100000_3183	HG00438.1	HG00438#1#JAHBCB010000045.1	43454288	100000
hprc4_L100000_3184	HG00438.2	HG00438#2#JAHBCA010000016.1	12293512	100000
hprc4_L100000_3185	HG00621.2	HG00621#2#JAHBCC010000045.1	9023213	100000
hprc4_L100000_3186	HG00621.1	HG00621#1#JAHBCD010000009.1	68179366	100000
hprc4_L100000_3187	HG00621.2	HG00621#2#JAHBCC010000018.1	57018497	100000
hprc4_L100000_3188	HG00621.1	HG00621#1#JAHBCD010000010.1	101645010	100000
hprc4_L100000_3189	HG00621.2	HG00621#2#JAHBCC010000049.1	1434845	100000
hprc4_L100000_3190	HG00438.2	HG00438#2#JAHBCA010000023.1	24808157	100000
hprc4_L100000_3191	HG00438.2	HG00438#2#JAHBCA010000055.1	28978320	100000
hprc4_L100000_3192	HG00621.2	HG00621#2#JAHBCC010000070.1	21364548	100000
hprc4_L100000_3193	HG00438.1	HG00438#1#JAHBCB010000017.1	23633493	100000
hprc4_L100000_3194	HG00621.1	HG00621#1#JAHBCD010000005.1	69820050	100000
hprc4_L100000_3195	HG00438.2	HG00438#2#JAHBCA010000055.1	31385164	100000
hprc4_L100000_3196	HG00621.1	HG00621#1#JAHBCD010000008.1	11144997	100000
hprc4_L100000_3197	HG00438.2	HG00438#2#JAHBCA010000042.1	8208672	100000
hprc4_L100000_3198	HG00621.2	HG00621#2#JAHBCC010000006.1	76592650	100000
hprc4_L100000_3199	HG00438.2	HG00438#2#JAHBCA010000045.1	15061695	100000
hprc4_L100000_3200	HG00438.1	HG00438#1#JAHBCB010000045.1	25732024	100000
hprc4_L100000_3201	HG00438.2	HG00438#2#JAHBCA010000099.1	1931538	100000
hprc4_L100000_3202	HG00621.2	HG00621#2#JAHBCC010000060.1	40373989	100000
hprc4_L100000_3203	HG00438.2	HG00438#2#JAHBCA010000019.1	8214847	100000
hprc4_L100000_3204	HG00621.2	HG00621#2#JAHBCC010000020.1	51673614	100000
hprc4_L100000_3205	HG00621.2	HG00621#2#JAHBCC010000022.1	91751950	100000
hprc4_L100000_3206	HG00621.1	HG00621#1#JAHBCD010000015.1	3543941	100000
hprc4_L100000_3207	HG00621.1	HG00621#1#JAHBCD010000039.1	13271749	100000
hprc4_L100000_3208	HG00621.2	HG00621#2#JAHBCC010000007.1	37431672	100000
hprc4_L100000_3209	HG00438.1	HG00438#1#JAHBCB010000022.1	30332741	100000
hprc4_L100000_3210	HG00438.2	HG00438#2#JAHBCA010000032.1	13553176	100000
hprc4_L100000_3211	HG00621.2	HG00621#2#JAHBCC010000008.1	79951817	100000
hprc4_L100000_3212	HG00621.2	HG00621#2#JAHBCC010000018.1	51438699	100000
hprc4_L100000_3213	HG00621.2	HG00621#2#JAHBCC010000022.1	41274315	100000
hprc4_L100000_3214	HG00438.2	HG00438#2#JAHBCA010000004.1	63209347	100000
hprc4_L100000_3215	HG00621.1	HG00621#1#JAHBCD010000033.1	4237841	100000
hprc4_L100000_3216	HG00621.1	HG00621#1#JAHBCD010000007.1	33425367	100000
hprc4_L100000_3217	HG00438.2	HG00438#2#JAHBCA010000019.1	12359985	100000
hprc4_L100000_3218	HG00621.2	HG00621#2#JAHBCC010000031.1	8332285	100000
hprc4_L100000_3219	HG00438.1	HG00438#1#JAHBCB010000116.1	567712	100000
hprc4_L100000_3220	HG00438.2	HG00438#2#JAHBCA010000040.1	44129555	100000
hprc4_L100000_3221	HG00438.1	HG00438#1#JAHBCB010000068.1	1235142	100000
hprc4_L100000_3222	HG00438.1	HG00438#1#JAHBCB010000011.1	43936205	100000
hprc4_L100000_3223	HG00621.2	HG00621#2#JAHBCC010000029.1	554062	100000
hprc4_L100000_3224	HG00438.1	HG00438#1#JAHBCB010000039.1	206902	100000
hprc4_L100000_3225	HG00621.2	HG00621#2#JAHBCC010000055.1	15098410	100000
hprc4_L100000_3226	HG00438.1	HG00438#1#JAHBCB010000031.1	7774705	100000
hprc4_L100000_3227	HG00621.1	HG00621#1#JAHBCD010000015.1	10535828	100000
hprc4_L100000_3228	HG00438.1	HG00438#1#JAHBCB010000016.1	53572899	100000
hprc4_L100000_3229	HG00621.2	HG00621#2#JAHBCC010000019.1	36988904	100000
hprc4_L100000_3230	HG00621.1	HG00621#1#JAHBCD010000010.1	10837091	100000
hprc4_L100000_3231	HG00438.2	HG00438#2#JAHBCA010000053.1	46484439	100000
hprc4_L100000_3232	HG00438.1	HG00438#1#JAHBCB010000045.1	70483859	100000
hprc4_L100000_3233	HG00621.2	HG00621#2#JAHBCC010000058.1	16801784	100000
hprc4_L100000_3234	HG00438.2	HG00438#2#JAHBCA010000002.1	32526892	100000
hprc4_L100000_3235	HG00621.2	HG00621#2#JAHBCC010000018.1	12988103	100000
hprc4_L100000_3236	HG00621.2	HG00621#2#JAHBCC010000084.1	15423112	100000
hprc4_L100000_3237	HG00621.1	HG00621#1#JAHBCD010000016.1	45995914	100000
hprc4_L100000_3238	HG00621.1	HG00621#1#JAHBCD010000041.1	62313275	100000
hprc4_L100000_3239	HG00621.1	HG00621#1#JAHBCD010000118.1	454475	100000
hprc4_L100000_3240	HG00438.2	HG00438#2#JAHBCA010000016.1	79810352	100000
hprc4_L100000_3241	HG00438.2	HG00438#2#JAHBCA010000042.1	27342251	100000
hprc4_L100000_3242	HG00621.2	HG00621#2#JAHBCC010000055.1	31281964	100000
hprc4_L100000_3243	HG00621.1	HG00621#1#JAHBCD010000109.1	16714718	100000
hprc4_L100000_3244	HG00621.2	HG00621#2#JAHBCC010000033.1	44824695	100000
hprc4_L100000_3245	HG00438.2	HG00438#2#JAHBCA010000032.1	47193043	100000
hprc4_L100000_3246	HG00621.2	HG00621#2#JAHBCC010000087.1	18074518	100000
hprc4_L100000_3247	HG00438.1	HG00438#1#JAHBCB010000041.1	36830083	100000
hprc4_L100000_3248	HG00621.2	HG00621#2#JAHBCC010000040.1	13451019	100000
hprc4_L100000_3249	HG00438.2	HG00438#2#JAHBCA010000042.1	2410568	100000
hprc4_L100000_3250	HG00621.2	HG00621#2#JAHBCC010000009.1	17230367	100000
hprc4_L100000_3251	HG00438.2	HG00438#2#JAHBCA010000006.1	1253598	100000
hprc4_L100000_3252	HG00621.1	HG00621#1#JAHBCD010000023.1	13055179	100000
hprc4_L100000_3253	HG00438.1	HG00438#1#JAHBCB010000029.1	11889140	100000
hprc4_L100000_3254	HG00438.1	HG00438#1#JAHBCB010000068.1	183100	100000
hprc4_L100000_3255	HG00438.2	HG00438#2#JAHBCA010000044.1	11472270	100000
hprc4_L100000_3256	HG00438.2	HG00438#2#JAHBCA010000073.1	12683422	100000
hprc4_L100000_3257	HG00438.2	HG00438#2#JAHBCA010000043.1	19699943	100000
hprc4_L100000_3258	HG00438.2	HG00438#2#JAHBCA010000055.1	34510968	100000
hprc4_L100000_3259	HG00438.2	HG00438#2#JAHBCA010000043.1	24407704	100000
hprc4_L100000_3260	HG00438.2	HG00438#2#JAHBCA010000048.1	24090467	100000
hprc4_L100000_3261	HG00438.1	HG00438#1#JAHBCB010000038.1	6411311	100000
hprc4_L100000_3262	HG00621.2	HG00621#2#JAHBCC010000084.1	747749	100000
hprc4_L100000_3263	HG00621.1	HG00621#1#JAHBCD010000025.1	35153891	100000
hprc4_L100000_3264	HG00621.2	HG00621#2#JAHBCC010000066.1	17816596	100000
hprc4_L100000_3265	HG00621.1	HG00621#1#JAHBCD010000045.1	1327958	100000
hprc4_L100000_3266	HG00621.1	HG00621#1#JAHBCD010000025.1	26483922	100000
hprc4_L100000_3267	HG00438.2	HG00438#2#JAHBCA010000015.1	7096002	100000
hprc4_L100000_3268	HG00438.1	HG00438#1#JAHBCB010000057.1	8073945	100000
hprc4_L100000_3269	HG00438.2	HG00438#2#JAHBCA010000016.1	14413889	100000
hprc4_L100000_3270	HG00621.1	HG00621#1#JAHBCD010000010.1	52086062	100000
hprc4_L100000_3271	HG00621.1	HG00621#1#JAHBCD010000026.1	36126659	100000
hprc4_L100000_3272	HG00621.2	HG00621#2#JAHBCC010000048.1	38135	100000
hprc4_L100000_3273	HG00438.2	HG00438#2#JAHBCA010000030.1	9785796	100000
hprc4_L100000_3274	HG00621.2	HG00621#2#JAHBCC010000076.1	16773627	100000
hprc4_L100000_3275	HG00621.1	HG00621#1#JAHBCD010000041.1	41469837	100000
hprc4_L100000_3276	HG00438.2	HG00438#2#JAHBCA010000003.1	5463647	100000
hprc4_L100000_3277	HG00621.2	HG00621#2#JAHBCC010000060.1	21607988	100000
hprc4_L100000_3278	HG00438.1	HG00438#1#JAHBCB010000009.1	15846124	100000
hprc4_L100000_3279	HG00438.1	HG00438#1#JAHBCB010000072.1	1140640	100000
hprc4_L100000_3280	HG00438.1	HG00438#1#JAHBCB010000097.1	14844799	100000
hprc4_L100000_3281	HG00438.2	HG00438#2#JAHBCA010000015.1	17766856	100000
hprc4_L100000_3282	HG00621.2	HG00621#2#JAHBCC010000059.1	24228026	100000
hprc4_L100000_3283	HG00438.1	HG00438#1#JAHBCB010000058.1	13546382	100000
hprc4_L100000_3284	HG00438.1	HG00438#1#JAHBCB010000011.1	47243335	100000
hprc4_L100000_3285	HG00621.2	HG00621#2#JAHBCC010000018.1	71048287	100000
hprc4_L100000_3286	HG00621.1	HG00621#1#JAHBCD010000070.1	14202232	100000
hprc4_L100000_3287	HG00621.1	HG00621#1#JAHBCD010000081.1	14305991	100000
hprc4_L100000_3288	HG00621.2	HG00621#2#JAHBCC010000038.1	5309944	100000
hprc4_L100000_3289	HG00438.2	HG00438#2#JAHBCA010000042.1	28915883	100000
hprc4_L100000_3290	HG00621.1	HG00621#1#JAHBCD010000067.1	5115898	100000
hprc4_L100000_3291	HG00621.2	HG00621#2#JAHBCC010000008.1	17883672	100000
hprc4_L100000_3292	HG00438.2	HG00438#2#JAHBCA010000048.1	17906684	100000
hprc4_L100000_3293	HG00621.1	HG00621#1#JAHBCD010000032.1	9988672	100000
hprc4_L100000_3294	HG00621.1	HG00621#1#JAHBCD010000027.1	24914968	100000
hprc4_L100000_3295	HG00438.2	HG00438#2#JAHBCA010000040.1	14667679	100000
hprc4_L100000_3296	HG00438.1	HG00438#1#JAHBCB010000024.1	7769613	100000
hprc4_L100000_3297	HG00438.2	HG00438#2#JAHBCA010000016.1	40420617	100000
hprc4_L100000_3298	HG00438.2	HG00438#2#JAHBCA010000088.1	8297875	100000
hprc4_L100000_3299	HG00438.2	HG00438#2#JAHBCA010000073.1	1468414	100000
hprc4_L100000_3300	HG00621.2	HG00621#2#JAHBCC010000095.1	2184608	100000
hprc4_L100000_3301	HG00438.2	HG00438#2#JAHBCA010000018.1	10629682	100000
hprc4_L100000_3302	HG00438.1	HG00438#1#JAHBCB010000019.1	91687119	100000
hprc4_L100000_3303	HG00438.1	HG00438#1#JAHBCB010000057.1	42955287	100000
hprc4_L100000_3304	HG00438.1	HG00438#1#JAHBCB010000092.1	6522876	100000
hprc4_L100000_3305	HG00438.1	HG00438#1#JAHBCB010000020.1	3019419	100000
hprc4_L100000_3306	HG00621.1	HG00621#1#JAHBCD010000047.1	40718457	100000
hprc4_L100000_3307	HG00621.2	HG00621#2#JAHBCC010000065.1	20665186	100000
hprc4_L100000_3308	HG00438.1	HG00438#1#JAHBCB010000015.1	79608249	100000
hprc4_L100000_3309	HG00621.1	HG00621#1#JAHBCD010000005.1	57689113	100000
hprc4_L100000_3310	HG00621.2	HG00621#2#JAHBCC010000007.1	7156184	100000
hprc4_L100000_3311	HG00621.1	HG00621#1#JAHBCD010000021.1	17545734	100000
hprc4_L100000_3312	HG00438.1	HG00438#1#JAHBCB010000041.1	5982504	100000
hprc4_L100000_3313	HG00621.1	HG00621#1#JAHBCD010000016.1	42662744	100000
hprc4_L100000_3314	HG00621.1	HG00621#1#JAHBCD010000023.1	4718673	100000
hprc4_L100000_3315	HG00621.1	HG00621#1#JAHBCD010000050.1	41290867	100000
hprc4_L100000_3316	HG00621.2	HG00621#2#JAHBCC010000084.1	6727988	100000
hprc4_L100000_3317	HG00621.2	HG00621#2#JAHBCC010000045.1	60011236	100000
hprc4_L100000_3318	HG00621.1	HG00621#1#JAHBCD010000021.1	47515929	100000
hprc4_L100000_3319	HG00621.1	HG00621#1#JAHBCD010000006.1	16891877	100000
hprc4_L100000_3320	HG00438.2	HG00438#2#JAHBCA010000002.1	126419499	100000
hprc4_L100000_3321	HG00438.1	HG00438#1#JAHBCB010000041.1	51158642	100000
hprc4_L100000_3322	HG00438.1	HG00438#1#JAHBCB010000012.1	18212099	100000
hprc4_L100000_3323	HG00621.2	HG00621#2#JAHBCC010000026.1	14025228	100000
hprc4_L100000_3324	HG00438.1	HG00438#1#JAHBCB010000149.1	158128	100000
hprc4_L100000_3325	HG00438.2	HG00438#2#JAHBCA010000015.1	17782957	100000
hprc4_L100000_3326	HG00438.2	HG00438#2#JAHBCA010000004.1	21378260	100000
hprc4_L100000_3327	HG00438.1	HG00438#1#JAHBCB010000024.1	21190690	100000
hprc4_L100000_3328	HG00438.2	HG00438#2#JAHBCA010000032.1	20370250	100000
hprc4_L100000_3329	HG00621.1	HG00621#1#JAHBCD010000052.1	24926021	100000
hprc4_L100000_3330	HG00438.2	HG00438#2#JAHBCA010000003.1	28253309	100000
hprc4_L100000_3331	HG00621.2	HG00621#2#JAHBCC010000037.1	8917132	100000
hprc4_L100000_3332	HG00621.1	HG00621#1#JAHBCD010000021.1	18151178	100000
hprc4_L100000_3333	HG00438.2	HG00438#2#JAHBCA010000057.1	565607	100000
hprc4_L100000_3334	HG00621.1	HG00621#1#JAHBCD010000010.1	19197622	100000
hprc4_L100000_3335	HG00438.2	HG00438#2#JAHBCA010000053.1	30840016	100000
hprc4_L100000_3336	HG00621.2	HG00621#2#JAHBCC010000026.1	25140719	100000
hprc4_L100000_3337	HG00438.2	HG00438#2#JAHBCA010000011.1	23879608	100000
hprc4_L100000_3338	HG00438.1	HG00438#1#JAHBCB010000022.1	35767890	100000
hprc4_L100000_3339	HG00438.1	HG00438#1#JAHBCB010000033.1	1324116	100000
hprc4_L100000_3340	HG00438.1	HG00438#1#JAHBCB010000074.1	24318632	100000
hprc4_L100000_3341	HG00438.2	HG00438#2#JAHBCA010000004.1	56121098	100000
hprc4_L100000_3342	HG00438.2	HG00438#2#JAHBCA010000005.1	85259635	100000
hprc4_L100000_3343	HG00438.1	HG00438#1#JAHBCB010000025.1	24635529	100000
hprc4_L100000_3344	HG00621.2	HG00621#2#JAHBCC010000014.1	6550661	100000
hprc4_L100000_3345	HG00438.1	HG00438#1#JAHBCB010000051.1	14023882	100000
hprc4_L100000_3346	HG00621.1	HG00621#1#JAHBCD010000005.1	20635413	100000
hprc4_L100000_3347	HG00621.1	HG00621#1#JAHBCD010000037.1	7569102	100000
hprc4_L100000_3348	HG00621.1	HG00621#1#JAHBCD010000072.1	2390730	100000
hprc4_L100000_3349	HG00438.1	HG00438#1#JAHBCB010000045.1	26738286	100000
hprc4_L100000_3350	HG00438.1	HG00438#1#JAHBCB010000102.1	566138	100000
hprc4_L100000_3351	HG00621.2	HG00621#2#JAHBCC010000008.1	1232812	100000
hprc4_L100000_3352	HG00621.1	HG00621#1#JAHBCD010000016.1	37853273	100000
hprc4_L100000_3353	HG00621.1	HG00621#1#JAHBCD010000022.1	77394885	100000
hprc4_L100000_3354	HG00438.2	HG00438#2#JAHBCA010000035.1	80170387	100000
hprc4_L100000_3355	HG00438.2	HG00438#2#JAHBCA010000036.1	24335744	100000
hprc4_L100000_3356	HG00438.1	HG00438#1#JAHBCB010000018.1	73886789	100000
hprc4_L100000_3357	HG00438.1	HG00438#1#JAHBCB010000024.1	73307008	100000
hprc4_L100000_3358	HG00438.1	HG00438#1#JAHBCB010000076.1	10785110	100000
hprc4_L100000_3359	HG00621.2	HG00621#2#JAHBCC010000022.1	26978233	100000
hprc4_L100000_3360	HG00438.2	HG00438#2#JAHBCA010000008.1	26120918	100000
hprc4_L100000_3361	HG00438.1	HG00438#1#JAHBCB010000040.1	13794594	100000
hprc4_L100000_3362	HG00621.1	HG00621#1#JAHBCD010000084.1	1397486	100000
hprc4_L100000_3363	HG00621.1	HG00621#1#JAHBCD010000002.1	26256988	100000
hprc4_L100000_3364	HG00438.1	HG00438#1#JAHBCB010000037.1	3837318	100000
hprc4_L100000_3365	HG00621.1	HG00621#1#JAHBCD010000009.1	13356343	100000
hprc4_L100000_3366	HG00621.1	HG00621#1#JAHBCD010000042.1	12045740	100000
hprc4_L100000_3367	HG00438.1	HG00438#1#JAHBCB010000015.1	52185713	100000
hprc4_L100000_3368	HG00621.2	HG00621#2#JAHBCC010000033.1	94468818	100000
hprc4_L100000_3369	HG00621.2	HG00621#2#JAHBCC010000087.1	41996	100000
hprc4_L100000_3370	HG00438.2	HG00438#2#JAHBCA010000083.1	147036	100000
hprc4_L100000_3371	HG00438.1	HG00438#1#JAHBCB010000085.1	714310	100000
hprc4_L100000_3372	HG00621.1	HG00621#1#JAHBCD010000029.1	1290082	100000
hprc4_L100000_3373	HG00621.1	HG00621#1#JAHBCD010000004.1	4543922	100000
hprc4_L100000_3374	HG00621.1	HG00621#1#JAHBCD010000069.1	12702122	100000
hprc4_L100000_3375	HG00621.1	HG00621#1#JAHBCD010000005.1	2439625	100000
hprc4_L100000_3376	HG00438.2	HG00438#2#JAHBCA010000046.1	45968303	100000
hprc4_L100000_3377	HG00438.2	HG00438#2#JAHBCA010000004.1	70616405	100000
hprc4_L100000_3378	HG00438.1	HG00438#1#JAHBCB010000055.1	5002635	100000
hprc4_L100000_3379	HG00621.2	HG00621#2#JAHBCC010000011.1	15686064	100000
hprc4_L100000_3380	HG00621.1	HG00621#1#JAHBCD010000057.1	649187	100000
hprc4_L100000_3381	HG00621.1	HG00621#1#JAHBCD010000055.1	36810159	100000
hprc4_L100000_3382	HG00438.2	HG00438#2#JAHBCA010000040.1	53265676	100000
hprc4_L100000_3383	HG00438.2	HG00438#2#JAHBCA010000014.1	38134934	100000
hprc4_L100000_3384	HG00438.2	HG00438#2#JAHBCA010000002.1	51538722	100000
hprc4_L100000_3385	HG00438.2	HG00438#2#JAHBCA010000035.1	67601216	100000
hprc4_L100000_3386	HG00621.2	HG00621#2#JAHBCC010000014.1	88665899	100000
hprc4_L100000_3387	HG00621.1	HG00621#1#JAHBCD010000033.1	51097427	100000
hprc4_L100000_3388	HG00438.2	HG00438#2#JAHBCA010000048.1	27736353	100000
hprc4_L100000_3389	HG00621.1	HG00621#1#JAHBCD010000007.1	5584280	100000
hprc4_L100000_3390	HG00438.2	HG00438#2#JAHBCA010000016.1	27955717	100000
hprc4_L100000_3391	HG00438.1	HG00438#1#JAHBCB010000097.1	34556383	100000
hprc4_L100000_3392	HG00621.2	HG00621#2#JAHBCC010000039.1	85226290	100000
hprc4_L100000_3393	HG00621.2	HG00621#2#JAHBCC010000017.1	19640726	100000
hprc4_L100000_3394	HG00438.2	HG00438#2#JAHBCA010000036.1	21968146	100000
hprc4_L100000_3395	HG00438.2	HG00438#2#JAHBCA010000045.1	6926028	100000
hprc4_L100000_3396	HG00621.2	HG00621#2#JAHBCC010000070.1	9816230	100000
hprc4_L100000_3397	HG00438.1	HG00438#1#JAHBCB010000075.1	6656490	100000
hprc4_L100000_3398	HG00438.1	HG00438#1#JAHBCB010000051.1	13469905	100000
hprc4_L100000_3399	HG00621.2	HG00621#2#JAHBCC010000014.1	92702539	100000
hprc4_L100000_3400	HG00438.1	HG00438#1#JAHBCB010000078.1	9117712	100000
hprc4_L100000_3401	HG00621.1	HG00621#1#JAHBCD010000108.1	834303	100000
hprc4_L100000_3402	HG00621.1	HG00621#1#JAHBCD010000021.1	16101251	100000
hprc4_L100000_3403	HG00438.1	HG00438#1#JAHBCB010000092.1	1306530	100000
hprc4_L100000_3404	HG00621.2	HG00621#2#JAHBCC010000066.1	24621169	100000
hprc4_L100000_3405	HG00621.1	HG00621#1#JAHBCD010000055.1	19862324	100000
hprc4_L100000_3406	HG00621.1	HG00621#1#JAHBCD010000010.1	13876511	100000
hprc4_L100000_3407	HG00438.1	HG00438#1#JAHBCB010000016.1	84984147	100000
hprc4_L100000_3408	HG00621.1	HG00621#1#JAHBCD010000021.1	15160724	100000
hprc4_L100000_3409	HG00438.2	HG00438#2#JAHBCA010000033.1	50676575	100000
hprc4_L100000_3410	HG00621.2	HG00621#2#JAHBCC010000003.1	9958468	100000
hprc4_L100000_3411	HG00621.1	HG00621#1#JAHBCD010000063.1	31158623	100000
hprc4_L100000_3412	HG00438.1	HG00438#1#JAHBCB010000061.1	11699774	100000
hprc4_L100000_3413	HG00438.2	HG00438#2#JAHBCA010000004.1	20682484	100000
hprc4_L100000_3414	HG00621.2	HG00621#2#JAHBCC010000064.1	1684088	100000
hprc4_L100000_3415	HG00438.1	HG00438#1#JAHBCB010000027.1	5849132	100000
hprc4_L100000_3416	HG00438.1	HG00438#1#JAHBCB010000088.1	476209	100000
hprc4_L100000_3417	HG00438.1	HG00438#1#JAHBCB010000005.1	20558010	100000
hprc4_L100000_3418	HG00621.2	HG00621#2#JAHBCC010000009.1	21687956	100000
hprc4_L100000_3419	HG00438.2	HG00438#2#JAHBCA010000008.1	61575663	100000
hprc4_L100000_3420	HG00438.1	HG00438#1#JAHBCB010000027.1	32533247	100000
hprc4_L100000_3421	HG00438.2	HG00438#2#JAHBCA010000002.1	131286777	100000
hprc4_L100000_3422	HG00438.1	HG00438#1#JAHBCB010000040.1	12837042	100000
hprc4_L100000_3423	HG00621.1	HG00621#1#JAHBCD010000003.1	4301246	100000
hprc4_L100000_3424	HG00438.1	HG00438#1#JAHBCB010000018.1	38854450	100000
hprc4_L100000_3425	HG00438.2	HG00438#2#JAHBCA010000002.1	67136457	100000
hprc4_L100000_3426	HG00438.1	HG00438#1#JAHBCB010000027.1	19999029	100000
hprc4_L100000_3427	HG00621.1	HG00621#1#JAHBCD010000030.1	11753747	100000
hprc4_L100000_3428	HG00621.2	HG00621#2#JAHBCC010000024.1	37447995	100000
hprc4_L100000_3429	HG00438.2	HG00438#2#JAHBCA010000046.1	29421697	100000
hprc4_L100000_3430	HG00438.2	HG00438#2#JAHBCA010000037.1	9566338	100000
hprc4_L100000_3431	HG00621.1	HG00621#1#JAHBCD010000019.1	37004064	100000
hprc4_L100000_3432	HG00438.1	HG00438#1#JAHBCB010000068.1	18112608	100000
hprc4_L100000_3433	HG00621.1	HG00621#1#JAHBCD010000110.1	8949370	100000
hprc4_L100000_3434	HG00621.1	HG00621#1#JAHBCD010000060.1	6539376	100000
hprc4_L100000_3435	HG00621.2	HG00621#2#JAHBCC010000009.1	20782812	100000
hprc4_L100000_3436	HG00438.1	HG00438#1#JAHBCB010000018.1	73934923	100000
hprc4_L100000_3437	HG00438.2	HG00438#2#JAHBCA010000040.1	49659091	100000
hprc4_L100000_3438	HG00438.1	HG00438#1#JAHBCB010000047.1	19564050	100000
hprc4_L100000_3439	HG00621.1	HG00621#1#JAHBCD010000029.1	8379076	100000
hprc4_L100000_3440	HG00621.1	HG00621#1#JAHBCD010000055.1	30151592	100000
hprc4_L100000_3441	HG00621.1	HG00621#1#JAHBCD010000041.1	29536356	100000
hprc4_L100000_3442	HG00621.1	HG00621#1#JAHBCD010000082.1	17235565	100000
hprc4_L100000_3443	HG00438.1	HG00438#1#JAHBCB010000011.1	73288215	100000
hprc4_L100000_3444	HG00621.2	HG00621#2#JAHBCC010000018.1	1991063	100000
hprc4_L100000_3445	HG00621.1	HG00621#1#JAHBCD010000042.1	16089154	100000
hprc4_L100000_3446	HG00621.1	HG00621#1#JAHBCD010000005.1	25704451	100000
hprc4_L100000_3447	HG00621.1	HG00621#1#JAHBCD010000005.1	4910176	100000
hprc4_L100000_3448	HG00438.2	HG00438#2#JAHBCA010000027.1	1696285	100000
hprc4_L100000_3449	HG00438.1	HG00438#1#JAHBCB010000037.1	45521252	100000
hprc4_L100000_3450	HG00438.2	HG00438#2#JAHBCA010000036.1	38324782	100000
hprc4_L100000_3451	HG00621.2	HG00621#2#JAHBCC010000015.1	26542760	100000
hprc4_L100000_3452	HG00621.2	HG00621#2#JAHBCC010000041.1	29473683	100000
hprc4_L100000_3453	HG00438.2	HG00438#2#JAHBCA010000005.1	83874693	100000
hprc4_L100000_3454	HG00438.2	HG00438#2#JAHBCA010000011.1	98988080	100000
hprc4_L100000_3455	HG00438.2	HG00438#2#JAHBCA010000048.1	4891020	100000
hprc4_L100000_3456	HG00438.2	HG00438#2#JAHBCA010000005.1	16167372	100000
hprc4_L100000_3457	HG00621.2	HG00621#2#JAHBCC010000018.1	20181327	100000
hprc4_L100000_3458	HG00621.1	HG00621#1#JAHBCD010000019.1	13110058	100000
hprc4_L100000_3459	HG00438.1	HG00438#1#JAHBCB010000074.1	28846697	100000
hprc4_L100000_3460	HG00621.2	HG00621#2#JAHBCC010000038.1	8523397	100000
hprc4_L100000_3461	HG00621.2	HG00621#2#JAHBCC010000023.1	28994399	100000
hprc4_L100000_3462	HG00621.1	HG00621#1#JAHBCD010000022.1	70987407	100000
hprc4_L100000_3463	HG00621.2	HG00621#2#JAHBCC010000033.1	40609754	100000
hprc4_L100000_3464	HG00438.1	HG00438#1#JAHBCB010000044.1	28066583	100000
hprc4_L100000_3465	HG00438.2	HG00438#2#JAHBCA010000012.1	65884721	100000
hprc4_L100000_3466	HG00438.2	HG00438#2#JAHBCA010000005.1	63061307	100000
hprc4_L100000_3467	HG00621.1	HG00621#1#JAHBCD010000005.1	62129653	100000
hprc4_L100000_3468	HG00438.2	HG00438#2#JAHBCA010000026.1	6142320	100000
hprc4_L100000_3469	HG00438.1	HG00438#1#JAHBCB010000017.1	13925432	100000
hprc4_L100000_3470	HG00438.1	HG00438#1#JAHBCB010000031.1	9161934	100000
hprc4_L100000_3471	HG00438.2	HG00438#2#JAHBCA010000048.1	22987106	100000
hprc4_L100000_3472	HG00438.1	HG00438#1#JAHBCB010000050.1	18400955	100000
hprc4_L100000_3473	HG00438.2	HG00438#2#JAHBCA010000050.1	3204157	100000
hprc4_L100000_3474	HG00621.1	HG00621#1#JAHBCD010000047.1	40808915	100000
hprc4_L100000_3475	HG00621.1	HG00621#1#JAHBCD010000033.1	44727700	100000
hprc4_L100000_3476	HG00438.1	HG00438#1#JAHBCB010000011.1	74437880	100000
hprc4_L100000_3477	HG00621.1	HG00621#1#JAHBCD010000104.1	12578373	100000
hprc4_L100000_3478	HG00438.2	HG00438#2#JAHBCA010000002.1	11220344	100000
hprc4_L100000_3479	HG00621.2	HG00621#2#JAHBCC010000022.1	52725263	100000
hprc4_L100000_3480	HG00621.2	HG00621#2#JAHBCC010000026.1	30555206	100000
hprc4_L100000_3481	HG00621.1	HG00621#1#JAHBCD010000024.1	51646271	100000
hprc4_L100000_3482	HG00621.1	HG00621#1#JAHBCD010000063.1	19878833	100000
hprc4_L100000_3483	HG00438.1	HG00438#1#JAHBCB010000049.1	8033752	100000
hprc4_L100000_3484	HG00438.1	HG00438#1#JAHBCB010000033.1	18549402	100000
hprc4_L100000_3485	HG00438.2	HG00438#2#JAHBCA010000019.1	33651460	100000
hprc4_L100000_3486	HG00621.1	HG00621#1#JAHBCD010000006.1	21938321	100000
hprc4_L100000_3487	HG00621.1	HG00621#1#JAHBCD010000031.1	41435177	100000
hprc4_L100000_3488	HG00621.1	HG00621#1#JAHBCD010000047.1	58140873	100000
hprc4_L100000_3489	HG00438.2	HG00438#2#JAHBCA010000024.1	21714503	100000
hprc4_L100000_3490	HG00621.1	HG00621#1#JAHBCD010000102.1	10499849	100000
hprc4_L100000_3491	HG00438.2	HG00438#2#JAHBCA010000040.1	3987902	100000
hprc4_L100000_3492	HG00621.2	HG00621#2#JAHBCC010000061.1	1598468	100000
hprc4_L100000_3493	HG00621.1	HG00621#1#JAHBCD010000009.1	51621947	100000
hprc4_L100000_3494	HG00621.2	HG00621#2#JAHBCC010000009.1	26002198	100000
hprc4_L100000_3495	HG00621.1	HG00621#1#JAHBCD010000038.1	4070174	100000
hprc4_L100000_3496	HG00621.1	HG00621#1#JAHBCD010000041.1	7582590	100000
hprc4_L100000_3497	HG00621.1	HG00621#1#JAHBCD010000041.1	48832573	100000
hprc4_L100000_3498	HG00438.2	HG00438#2#JAHBCA010000010.1	50922762	100000
hprc4_L100000_3499	HG00438.2	HG00438#2#JAHBCA010000025.1	2696189	100000
hprc4_L100000_3500	HG00438.2	HG00438#2#JAHBCA010000103.1	12233651	100000
hprc4_L100000_3501	HG00621.2	HG00621#2#JAHBCC010000055.1	82035218	100000
hprc4_L100000_3502	HG00438.1	HG00438#1#JAHBCB010000019.1	69930218	100000
hprc4_L100000_3503	HG00621.2	HG00621#2#JAHBCC010000033.1	76888971	100000
hprc4_L100000_3504	HG00438.1	HG00438#1#JAHBCB010000008.1	76874698	100000
hprc4_L100000_3505	HG00438.2	HG00438#2#JAHBCA010000082.1	6724214	100000
hprc4_L100000_3506	HG00621.1	HG00621#1#JAHBCD010000022.1	57797300	100000
hprc4_L100000_3507	HG00621.1	HG00621#1#JAHBCD010000080.1	5258264	100000
hprc4_L100000_3508	HG00438.2	HG00438#2#JAHBCA010000059.1	9414766	100000
hprc4_L100000_3509	HG00438.2	HG00438#2#JAHBCA010000045.1	5709845	100000
hprc4_L100000_3510	HG00438.2	HG00438#2#JAHBCA010000030.1	743486	100000
hprc4_L100000_3511	HG00621.2	HG00621#2#JAHBCC010000009.1	8694600	100000
hprc4_L100000_3512	HG00438.2	HG00438#2#JAHBCA010000013.1	380005	100000
hprc4_L100000_3513	HG00621.2	HG00621#2#JAHBCC010000037.1	9326150	100000
hprc4_L100000_3514	HG00438.1	HG00438#1#JAHBCB010000013.1	6793620	100000
hprc4_L100000_3515	HG00438.1	HG00438#1#JAHBCB010000011.1	76401235	100000
hprc4_L100000_3516	HG00438.1	HG00438#1#JAHBCB010000024.1	62209458	100000
hprc4_L100000_3517	HG00438.2	HG00438#2#JAHBCA010000040.1	41784558	100000
hprc4_L100000_3518	HG00438.2	HG00438#2#JAHBCA010000018.1	11370662	100000
hprc4_L100000_3519	HG00621.1	HG00621#1#JAHBCD010000009.1	81799381	100000
hprc4_L100000_3520	HG00621.2	HG00621#2#JAHBCC010000003.1	20248509	100000
hprc4_L100000_3521	HG00438.1	HG00438#1#JAHBCB010000001.1	17529481	100000
hprc4_L100000_3522	HG00438.1	HG00438#1#JAHBCB010000076.1	9101583	100000
hprc4_L100000_3523	HG00438.2	HG00438#2#JAHBCA010000002.1	35501014	100000
hprc4_L100000_3524	HG00621.1	HG00621#1#JAHBCD010000009.1	43500725	100000
hprc4_L100000_3525	HG00621.1	HG00621#1#JAHBCD010000065.1	8844770	100000
hprc4_L100000_3526	HG00438.2	HG00438#2#JAHBCA010000017.1	23154069	100000
hprc4_L100000_3527	HG00621.1	HG00621#1#JAHBCD010000022.1	60595786	100000
hprc4_L100000_3528	HG00438.2	HG00438#2#JAHBCA010000089.1	14389666	100000
hprc4_L100000_3529	HG00621.1	HG00621#1#JAHBCD010000010.1	89216417	100000
hprc4_L100000_3530	HG00438.1	HG00438#1#JAHBCB010000012.1	3347159	100000
hprc4_L100000_3531	HG00621.1	HG00621#1#JAHBCD010000028.1	30307713	100000
hprc4_L100000_3532	HG00438.2	HG00438#2#JAHBCA010000048.1	28973637	100000
hprc4_L100000_3533	HG00438.1	HG00438#1#JAHBCB010000001.1	14893818	100000
hprc4_L100000_3534	HG00621.1	HG00621#1#JAHBCD010000030.1	15318707	100000
hprc4_L100000_3535	HG00438.1	HG00438#1#JAHBCB010000097.1	34760414	100000
hprc4_L100000_3536	HG00621.2	HG00621#2#JAHBCC010000064.1	17159677	100000
hprc4_L100000_3537	HG00621.1	HG00621#1#JAHBCD010000053.1	10744173	100000
hprc4_L100000_3538	HG00621.1	HG00621#1#JAHBCD010000047.1	20158700	100000
hprc4_L100000_3539	HG00621.1	HG00621#1#JAHBCD010000014.1	40040582	100000
hprc4_L100000_3540	HG00621.2	HG00621#2#JAHBCC010000014.1	9130473	100000
hprc4_L100000_3541	HG00621.1	HG00621#1#JAHBCD010000024.1	66804857	100000
hprc4_L100000_3542	HG00621.1	HG00621#1#JAHBCD010000033.1	28901532	100000
hprc4_L100000_3543	HG00438.2	HG00438#2#JAHBCA010000021.1	5719602	100000
hprc4_L100000_3544	HG00621.2	HG00621#2#JAHBCC010000012.1	2541651	100000
hprc4_L100000_3545	HG00621.1	HG00621#1#JAHBCD010000001.1	148295	100000
hprc4_L100000_3546	HG00438.1	HG00438#1#JAHBCB010000041.1	32358541	100000
hprc4_L100000_3547	HG00621.2	HG00621#2#JAHBCC010000055.1	91197716	100000
hprc4_L100000_3548	HG00438.1	HG00438#1#JAHBCB010000068.1	10455708	100000
hprc4_L100000_3549	HG00438.1	HG00438#1#JAHBCB010000049.1	140663	100000
hprc4_L100000_3550	HG00621.1	HG00621#1#JAHBCD010000001.1	47901588	100000
hprc4_L100000_3551	HG00621.1	HG00621#1#JAHBCD010000022.1	3432891	100000
hprc4_L100000_3552	HG00438.2	HG00438#2#JAHBCA010000072.1	2314590	100000
hprc4_L100000_3553	HG00621.1	HG00621#1#JAHBCD010000024.1	4092724	100000
hprc4_L100000_3554	HG00438.2	HG00438#2#JAHBCA010000008.1	16543280	100000
hprc4_L100000_3555	HG00438.2	HG00438#2#JAHBCA010000010.1	1333510	100000
hprc4_L100000_3556	HG00621.2	HG00621#2#JAHBCC010000056.1	12861579	100000
hprc4_L100000_3557	HG00438.2	HG00438#2#JAHBCA010000002.1	28312553	100000
hprc4_L100000_3558	HG00438.1	HG00438#1#JAHBCB010000003.1	77027721	100000
hprc4_L100000_3559	HG00621.1	HG00621#1#JAHBCD010000001.1	96456832	100000
hprc4_L100000_3560	HG00438.1	HG00438#1#JAHBCB010000032.1	4385832	100000
hprc4_L100000_3561	HG00438.2	HG00438#2#JAHBCA010000033.1	49358545	100000
hprc4_L100000_3562	HG00621.2	HG00621#2#JAHBCC010000026.1	37374442	100000
hprc4_L100000_3563	HG00621.1	HG00621#1#JAHBCD010000014.1	38348137	100000
hprc4_L100000_3564	HG00438.1	HG00438#1#JAHBCB010000016.1	55215457	100000
hprc4_L100000_3565	HG00438.2	HG00438#2#JAHBCA010000046.1	76395356	100000
hprc4_L100000_3566	HG00621.2	HG00621#2#JAHBCC010000029.1	5744444	100000
hprc4_L100000_3567	HG00438.1	HG00438#1#JAHBCB010000035.1	3174320	100000
hprc4_L100000_3568	HG00621.2	HG00621#2#JAHBCC010000021.1	14523378	100000
hprc4_L100000_3569	HG00438.2	HG00438#2#JAHBCA010000040.1	39278077	100000
hprc4_L100000_3570	HG00438.2	HG00438#2#JAHBCA010000105.1	731632	100000
hprc4_L100000_3571	HG00621.1	HG00621#1#JAHBCD010000019.1	6909587	100000
hprc4_L100000_3572	HG00621.1	HG00621#1#JAHBCD010000100.1	8125335	100000
hprc4_L100000_3573	HG00621.2	HG00621#2#JAHBCC010000075.1	4268431	100000
hprc4_L100000_3574	HG00621.2	HG00621#2#JAHBCC010000028.1	40790314	100000
hprc4_L100000_3575	HG00438.2	HG00438#2#JAHBCA010000016.1	17407220	100000
hprc4_L100000_3576	HG00438.2	HG00438#2#JAHBCA010000005.1	60779235	100000
hprc4_L100000_3577	HG00438.1	HG00438#1#JAHBCB010000119.1	6324655	100000
hprc4_L100000_3578	HG00621.1	HG00621#1#JAHBCD010000010.1	75308485	100000
hprc4_L100000_3579	HG00438.1	HG00438#1#JAHBCB010000054.1	2075174	100000
hprc4_L100000_3580	HG00438.2	HG00438#2#JAHBCA010000043.1	3863629	100000
hprc4_L100000_3581	HG00621.1	HG00621#1#JAHBCD010000001.1	47486524	100000
hprc4_L100000_3582	HG00621.2	HG00621#2#JAHBCC010000051.1	1907664	100000
hprc4_L100000_3583	HG00621.1	HG00621#1#JAHBCD010000047.1	84515723	100000
hprc4_L100000_3584	HG00438.2	HG00438#2#JAHBCA010000016.1	29347248	100000
hprc4_L100000_3585	HG00438.2	HG00438#2#JAHBCA010000017.1	6859332	100000
hprc4_L100000_3586	HG00621.2	HG00621#2#JAHBCC010000048.1	34657234	100000
hprc4_L100000_3587	HG00438.2	HG00438#2#JAHBCA010000030.1	13436107	100000
hprc4_L100000_3588	HG00438.1	HG00438#1#JAHBCB010000003.1	64351612	100000
hprc4_L100000_3589	HG00438.2	HG00438#2#JAHBCA010000011.1	66358338	100000
hprc4_L100000_3590	HG00621.1	HG00621#1#JAHBCD010000042.1	9415443	100000
hprc4_L100000_3591	HG00621.2	HG00621#2#JAHBCC010000033.1	59619694	100000
hprc4_L100000_3592	HG00438.1	HG00438#1#JAHBCB010000037.1	2253452	100000
hprc4_L100000_3593	HG00438.2	HG00438#2#JAHBCA010000011.1	46555281	100000
hprc4_L100000_3594	HG00438.1	HG00438#1#JAHBCB010000092.1	9390946	100000
hprc4_L100000_3595	HG00621.2	HG00621#2#JAHBCC010000039.1	90149669	100000
hprc4_L100000_3596	HG00621.2	HG00621#2#JAHBCC010000066.1	22748696	100000
hprc4_L100000_3597	HG00438.2	HG00438#2#JAHBCA010000018.1	23314670	100000
hprc4_L100000_3598	HG00621.2	HG00621#2#JAHBCC010000020.1	25679902	100000
hprc4_L100000_3599	HG00438.2	HG00438#2#JAHBCA010000024.1	21850268	100000
hprc4_L100000_3600	HG00438.1	HG00438#1#JAHBCB010000003.1	116189940	100000
hprc4_L100000_3601	HG00621.1	HG00621#1#JAHBCD010000002.1	61527412	100000
hprc4_L100000_3602	HG00621.1	HG00621#1#JAHBCD010000051.1	2470962	100000
hprc4_L100000_3603	HG00621.2	HG00621#2#JAHBCC010000019.1	7126391	100000
hprc4_L100000_3604	HG00621.1	HG00621#1#JAHBCD010000010.1	44099132	100000
hprc4_L100000_3605	HG00621.1	HG00621#1#JAHBCD010000109.1	19806663	100000
hprc4_L100000_3606	HG00621.2	HG00621#2#JAHBCC010000023.1	22167500	100000
hprc4_L100000_3607	HG00621.2	HG00621#2#JAHBCC010000009.1	12718906	100000
hprc4_L100000_3608	HG00621.1	HG00621#1#JAHBCD010000019.1	19612251	100000
hprc4_L100000_3609	HG00621.2	HG00621#2#JAHBCC010000030.1	1597164	100000
hprc4_L100000_3610	HG00438.2	HG00438#2#JAHBCA010000019.1	34157583	100000
hprc4_L100000_3611	HG00438.2	HG00438#2#JAHBCA010000004.1	1875689	100000
hprc4_L100000_3612	HG00621.1	HG00621#1#JAHBCD010000001.1	50215704	100000
hprc4_L100000_3613	HG00621.1	HG00621#1#JAHBCD010000047.1	9330744	100000
hprc4_L100000_3614	HG00438.2	HG00438#2#JAHBCA010000032.1	45888117	100000
hprc4_L100000_3615	HG00438.2	HG00438#2#JAHBCA010000082.1	12655117	100000
hprc4_L100000_3616	HG00621.1	HG00621#1#JAHBCD010000043.1	1292027	100000
hprc4_L100000_3617	HG00621.2	HG00621#2#JAHBCC010000049.1	193944	100000
hprc4_L100000_3618	HG00621.2	HG00621#2#JAHBCC010000054.1	35150396	100000
hprc4_L100000_3619	HG00621.1	HG00621#1#JAHBCD010000014.1	10384898	100000
hprc4_L100000_3620	HG00438.1	HG00438#1#JAHBCB010000026.1	3842350	100000
hprc4_L100000_3621	HG00621.2	HG00621#2#JAHBCC010000037.1	4715531	100000
hprc4_L100000_3622	HG00438.1	HG00438#1#JAHBCB010000037.1	4558980	100000
hprc4_L100000_3623	HG00621.2	HG00621#2#JAHBCC010000005.1	12517010	100000
hprc4_L100000_3624	HG00438.1	HG00438#1#JAHBCB010000068.1	20841178	100000
hprc4_L100000_3625	HG00621.2	HG00621#2#JAHBCC010000003.1	20773743	100000
hprc4_L100000_3626	HG00621.2	HG00621#2#JAHBCC010000033.1	78211935	100000
hprc4_L100000_3627	HG00621.2	HG00621#2#JAHBCC010000054.1	29041887	100000
hprc4_L100000_3628	HG00438.2	HG00438#2#JAHBCA010000033.1	41288723	100000
hprc4_L100000_3629	HG00621.2	HG00621#2#JAHBCC010000051.1	20169061	100000
hprc4_L100000_3630	HG00438.2	HG00438#2#JAHBCA010000042.1	97533	100000
hprc4_L100000_3631	HG00438.2	HG00438#2#JAHBCA010000041.1	4798732	100000
hprc4_L100000_3632	HG00621.1	HG00621#1#JAHBCD010000109.1	16893401	100000
hprc4_L100000_3633	HG00438.1	HG00438#1#JAHBCB010000003.1	23528905	100000
hprc4_L100000_3634	HG00438.2	HG00438#2#JAHBCA010000050.1	15651932	100000
hprc4_L100000_3635	HG00438.2	HG00438#2#JAHBCA010000018.1	17670087	100000
hprc4_L100000_3636	HG00438.2	HG00438#2#JAHBCA010000002.1	96471282	100000
hprc4_L100000_3637	HG00438.1	HG00438#1#JAHBCB010000018.1	109107179	100000
hprc4_L100000_3638	HG00621.2	HG00621#2#JAHBCC010000024.1	39331333	100000
hprc4_L100000_3639	HG00438.2	HG00438#2#JAHBCA010000012.1	61414643	100000
hprc4_L100000_3640	HG00438.2	HG00438#2#JAHBCA010000052.1	29989987	100000
hprc4_L100000_3641	HG00438.1	HG00438#1#JAHBCB010000022.1	22867925	100000
hprc4_L100000_3642	HG00621.1	HG00621#1#JAHBCD010000047.1	73947314	100000
hprc4_L100000_3643	HG00621.1	HG00621#1#JAHBCD010000010.1	82156118	100000
hprc4_L100000_3644	HG00621.1	HG00621#1#JAHBCD010000110.1	10674283	100000
hprc4_L100000_3645	HG00621.2	HG00621#2#JAHBCC010000034.1	18044250	100000
hprc4_L100000_3646	HG00621.1	HG00621#1#JAHBCD010000063.1	39420405	100000
hprc4_L100000_3647	HG00438.2	HG00438#2#JAHBCA010000049.1	7189150	100000
hprc4_L100000_3648	HG00621.1	HG00621#1#JAHBCD010000002.1	1927062	100000
hprc4_L100000_3649	HG00438.2	HG00438#2#JAHBCA010000011.1	15029620	100000
hprc4_L100000_3650	HG00438.1	HG00438#1#JAHBCB010000031.1	11453183	100000
hprc4_L100000_3651	HG00621.2	HG00621#2#JAHBCC010000005.1	49273943	100000
hprc4_L100000_3652	HG00438.1	HG00438#1#JAHBCB010000024.1	24071401	100000
hprc4_L100000_3653	HG00621.1	HG00621#1#JAHBCD010000027.1	5531521	100000
hprc4_L100000_3654	HG00438.2	HG00438#2#JAHBCA010000016.1	21132790	100000
hprc4_L100000_3655	HG00438.2	HG00438#2#JAHBCA010000016.1	41551953	100000
hprc4_L100000_3656	HG00438.2	HG00438#2#JAHBCA010000044.1	8311591	100000
hprc4_L100000_3657	HG00438.2	HG00438#2#JAHBCA010000012.1	77639048	100000
hprc4_L100000_3658	HG00438.2	HG00438#2#JAHBCA010000055.1	8178204	100000
hprc4_L100000_3659	HG00621.2	HG00621#2#JAHBCC010000060.1	13960878	100000
hprc4_L100000_3660	HG00438.1	HG00438#1#JAHBCB010000022.1	23026375	100000
hprc4_L100000_3661	HG00621.2	HG00621#2#JAHBCC010000030.1	12093298	100000
hprc4_L100000_3662	HG00438.2	HG00438#2#JAHBCA010000029.1	816005	100000
hprc4_L100000_3663	HG00438.2	HG00438#2#JAHBCA010000142.1	4235926	100000
hprc4_L100000_3664	HG00621.2	HG00621#2#JAHBCC010000007.1	16505404	100000
hprc4_L100000_3665	HG00438.1	HG00438#1#JAHBCB010000107.1	3718067	100000
hprc4_L100000_3666	HG00621.2	HG00621#2#JAHBCC010000051.1	38160832	100000
hprc4_L100000_3667	HG00621.2	HG00621#2#JAHBCC010000036.1	4425509	100000
hprc4_L100000_3668	HG00438.1	HG00438#1#JAHBCB010000023.1	17771801	100000
hprc4_L100000_3669	HG00438.1	HG00438#1#JAHBCB010000119.1	6064868	100000
hprc4_L100000_3670	HG00621.2	HG00621#2#JAHBCC010000022.1	68243090	100000
hprc4_L100000_3671	HG00621.2	HG00621#2#JAHBCC010000006.1	75230538	100000
hprc4_L100000_3672	HG00438.2	HG00438#2#JAHBCA010000016.1	66987525	100000
hprc4_L100000_3673	HG00438.1	HG00438#1#JAHBCB010000041.1	19206333	100000
hprc4_L100000_3674	HG00621.2	HG00621#2#JAHBCC010000034.1	56311869	100000
hprc4_L100000_3675	HG00621.2	HG00621#2#JAHBCC010000016.1	11759021	100000
hprc4_L100000_3676	HG00621.2	HG00621#2#JAHBCC010000007.1	22641098	100000
hprc4_L100000_3677	HG00438.2	HG00438#2#JAHBCA010000035.1	69136692	100000
hprc4_L100000_3678	HG00438.2	HG00438#2#JAHBCA010000036.1	27393544	100000
hprc4_L100000_3679	HG00621.2	HG00621#2#JAHBCC010000029.1	7007336	100000
hprc4_L100000_3680	HG00438.1	HG00438#1#JAHBCB010000118.1	1862834	100000
hprc4_L100000_3681	HG00621.1	HG00621#1#JAHBCD010000055.1	6201911	100000
hprc4_L100000_3682	HG00621.1	HG00621#1#JAHBCD010000032.1	40301879	100000
hprc4_L100000_3683	HG00621.1	HG00621#1#JAHBCD010000009.1	8306176	100000
hprc4_L100000_3684	HG00621.2	HG00621#2#JAHBCC010000018.1	20944564	100000
hprc4_L100000_3685	HG00438.2	HG00438#2#JAHBCA010000082.1	12352420	100000
hprc4_L100000_3686	HG00438.1	HG00438#1#JAHBCB010000014.1	38878613	100000
hprc4_L100000_3687	HG00438.2	HG00438#2#JAHBCA010000008.1	84803156	100000
hprc4_L100000_3688	HG00621.1	HG00621#1#JAHBCD010000009.1	74787639	100000
hprc4_L100000_3689	HG00621.1	HG00621#1#JAHBCD010000033.1	55433743	100000
hprc4_L100000_3690	HG00621.2	HG00621#2#JAHBCC010000074.1	4789926	100000
hprc4_L100000_3691	HG00438.1	HG00438#1#JAHBCB010000075.1	18406934	100000
hprc4_L100000_3692	HG00438.2	HG00438#2#JAHBCA010000081.1	3471244	100000
hprc4_L100000_3693	HG00438.2	HG00438#2#JAHBCA010000003.1	56700470	100000
hprc4_L100000_3694	HG00438.1	HG00438#1#JAHBCB010000019.1	40673309	100000
hprc4_L100000_3695	HG00621.1	HG00621#1#JAHBCD010000009.1	29921616	100000
hprc4_L100000_3696	HG00621.1	HG00621#1#JAHBCD010000020.1	22550709	100000
hprc4_L100000_3697	HG00621.1	HG00621#1#JAHBCD010000022.1	19551944	100000
hprc4_L100000_3698	HG00621.1	HG00621#1#JAHBCD010000021.1	5228518	100000
hprc4_L100000_3699	HG00621.2	HG00621#2#JAHBCC010000078.1	29204506	100000
hprc4_L100000_3700	HG00438.2	HG00438#2#JAHBCA010000073.1	22638908	100000
hprc4_L100000_3701	HG00438.2	HG00438#2#JAHBCA010000012.1	23171850	100000
hprc4_L100000_3702	HG00621.1	HG00621#1#JAHBCD010000026.1	28222284	100000
hprc4_L100000_3703	HG00621.2	HG00621#2#JAHBCC010000031.1	18727430	100000
hprc4_L100000_3704	HG00438.1	HG00438#1#JAHBCB010000005.1	10459487	100000
hprc4_L100000_3705	HG00621.2	HG00621#2#JAHBCC010000076.1	6824188	100000
hprc4_L100000_3706	HG00621.2	HG00621#2#JAHBCC010000034.1	22586539	100000
hprc4_L100000_3707	HG00621.2	HG00621#2#JAHBCC010000078.1	27216167	100000
hprc4_L100000_3708	HG00621.1	HG00621#1#JAHBCD010000041.1	15135793	100000
hprc4_L100000_3709	HG00438.1	HG00438#1#JAHBCB010000016.1	52665055	100000
hprc4_L100000_3710	HG00621.1	HG00621#1#JAHBCD010000033.1	53525959	100000
hprc4_L100000_3711	HG00621.1	HG00621#1#JAHBCD010000002.1	61296860	100000
hprc4_L100000_3712	HG00438.2	HG00438#2#JAHBCA010000080.1	8160036	100000
hprc4_L100000_3713	HG00438.1	HG00438#1#JAHBCB010000024.1	35504806	100000
hprc4_L100000_3714	HG00621.2	HG00621#2#JAHBCC010000007.1	29634585	100000
hprc4_L100000_3715	HG00438.2	HG00438#2#JAHBCA010000023.1	22463202	100000
hprc4_L100000_3716	HG00621.2	HG00621#2#JAHBCC010000018.1	19270278	100000
hprc4_L100000_3717	HG00438.2	HG00438#2#JAHBCA010000020.1	25529603	100000
hprc4_L100000_3718	HG00438.2	HG00438#2#JAHBCA010000065.1	761792	100000
hprc4_L100000_3719	HG00621.1	HG00621#1#JAHBCD010000029.1	40649814	100000
hprc4_L100000_3720	HG00621.1	HG00621#1#JAHBCD010000028.1	26385475	100000
hprc4_L100000_3721	HG00438.2	HG00438#2#JAHBCA010000010.1	24669117	100000
hprc4_L100000_3722	HG00621.1	HG00621#1#JAHBCD010000052.1	20516163	100000
hprc4_L100000_3723	HG00438.1	HG00438#1#JAHBCB010000140.1	2836673	100000
hprc4_L100000_3724	HG00438.2	HG00438#2#JAHBCA010000012.1	10664170	100000
hprc4_L100000_3725	HG00621.2	HG00621#2#JAHBCC010000012.1	133977	100000
hprc4_L100000_3726	HG00438.2	HG00438#2#JAHBCA010000037.1	23302930	100000
hprc4_L100000_3727	HG00621.2	HG00621#2#JAHBCC010000036.1	7526665	100000
hprc4_L100000_3728	HG00438.2	HG00438#2#JAHBCA010000005.1	29956845	100000
hprc4_L100000_3729	HG00621.2	HG00621#2#JAHBCC010000049.1	3511962	100000
hprc4_L100000_3730	HG00621.2	HG00621#2#JAHBCC010000037.1	20468843	100000
hprc4_L100000_3731	HG00438.1	HG00438#1#JAHBCB010000068.1	10646365	100000
hprc4_L100000_3732	HG00438.2	HG00438#2#JAHBCA010000005.1	40549687	100000
hprc4_L100000_3733	HG00438.1	HG00438#1#JAHBCB010000016.1	55764361	100000
hprc4_L100000_3734	HG00621.1	HG00621#1#JAHBCD010000042.1	1008084	100000
hprc4_L100000_3735	HG00438.2	HG00438#2#JAHBCA010000044.1	16930307	100000
hprc4_L100000_3736	HG00438.1	HG00438#1#JAHBCB010000062.1	9420888	100000
hprc4_L100000_3737	HG00438.1	HG00438#1#JAHBCB010000053.1	8596138	100000
hprc4_L100000_3738	HG00621.1	HG00621#1#JAHBCD010000001.1	64531926	100000
hprc4_L100000_3739	HG00621.1	HG00621#1#JAHBCD010000010.1	59867220	100000
hprc4_L100000_3740	HG00438.1	HG00438#1#JAHBCB010000055.1	7957908	100000
hprc4_L100000_3741	HG00438.2	HG00438#2#JAHBCA010000069.1	3378548	100000
hprc4_L100000_3742	HG00438.1	HG00438#1#JAHBCB010000019.1	11841263	100000
hprc4_L100000_3743	HG00621.1	HG00621#1#JAHBCD010000007.1	3072542	100000
hprc4_L100000_3744	HG00621.2	HG00621#2#JAHBCC010000007.1	16592578	100000
hprc4_L100000_3745	HG00438.1	HG00438#1#JAHBCB010000022.1	41063967	100000
hprc4_L100000_3746	HG00621.2	HG00621#2#JAHBCC010000014.1	101556525	100000
hprc4_L100000_3747	HG00438.1	HG00438#1#JAHBCB010000052.1	3978520	100000
hprc4_L100000_3748	HG00621.1	HG00621#1#JAHBCD010000027.1	23909416	100000
hprc4_L100000_3749	HG00438.1	HG00438#1#JAHBCB010000041.1	30296194	100000
hprc4_L100000_3750	HG00621.1	HG00621#1#JAHBCD010000104.1	5145857	100000
hprc4_L100000_3751	HG00621.1	HG00621#1#JAHBCD010000031.1	34459185	100000
hprc4_L100000_3752	HG00438.1	HG00438#1#JAHBCB010000027.1	6131575	100000
hprc4_L100000_3753	HG00438.1	HG00438#1#JAHBCB010000061.1	10244655	100000
hprc4_L100000_3754	HG00621.2	HG00621#2#JAHBCC010000072.1	5492121	100000
hprc4_L100000_3755	HG00621.2	HG00621#2#JAHBCC010000026.1	13936498	100000
hprc4_L100000_3756	HG00438.1	HG00438#1#JAHBCB010000037.1	45305810	100000
hprc4_L100000_3757	HG00621.2	HG00621#2#JAHBCC010000024.1	21076104	100000
hprc4_L100000_3758	HG00438.2	HG00438#2#JAHBCA010000057.1	34900647	100000
hprc4_L100000_3759	HG00438.1	HG00438#1#JAHBCB010000068.1	7919675	100000
hprc4_L100000_3760	HG00621.2	HG00621#2#JAHBCC010000114.1	197790	100000
hprc4_L100000_3761	HG00621.2	HG00621#2#JAHBCC010000056.1	8467574	100000
hprc4_L100000_3762	HG00438.1	HG00438#1#JAHBCB010000085.1	11567858	100000
hprc4_L100000_3763	HG00438.1	HG00438#1#JAHBCB010000021.1	44916979	100000
hprc4_L100000_3764	HG00621.1	HG00621#1#JAHBCD010000014.1	30633185	100000
hprc4_L100000_3765	HG00621.1	HG00621#1#JAHBCD010000017.1	41496760	100000
hprc4_L100000_3766	HG00621.1	HG00621#1#JAHBCD010000084.1	2801893	100000
hprc4_L100000_3767	HG00438.2	HG00438#2#JAHBCA010000004.1	70295566	100000
hprc4_L100000_3768	HG00438.2	HG00438#2#JAHBCA010000018.1	2786101	100000
hprc4_L100000_3769	HG00621.1	HG00621#1#JAHBCD010000026.1	14089651	100000
hprc4_L100000_3770	HG00621.1	HG00621#1#JAHBCD010000016.1	74603510	100000
hprc4_L100000_3771	HG00438.1	HG00438#1#JAHBCB010000046.1	574589	100000
hprc4_L100000_3772	HG00621.2	HG00621#2#JAHBCC010000033.1	32177268	100000
hprc4_L100000_3773	HG00438.2	HG00438#2#JAHBCA010000089.1	17423671	100000
hprc4_L100000_3774	HG00438.1	HG00438#1#JAHBCB010000016.1	9234228	100000
hprc4_L100000_3775	HG00438.2	HG00438#2#JAHBCA010000081.1	4809275	100000
hprc4_L100000_3776	HG00438.2	HG00438#2#JAHBCA010000044.1	17021081	100000
hprc4_L100000_3777	HG00621.2	HG00621#2#JAHBCC010000033.1	11921078	100000
hprc4_L100000_3778	HG00438.2	HG00438#2#JAHBCA010000037.1	14641982	100000
hprc4_L100000_3779	HG00621.1	HG00621#1#JAHBCD010000042.1	40207	100000
hprc4_L100000_3780	HG00438.1	HG00438#1#JAHBCB010000048.1	23234494	100000
hprc4_L100000_3781	HG00438.1	HG00438#1#JAHBCB010000022.1	66279124	100000
hprc4_L100000_3782	HG00621.1	HG00621#1#JAHBCD010000032.1	12283897	100000
hprc4_L100000_3783	HG00438.2	HG00438#2#JAHBCA010000032.1	51846161	100000
hprc4_L100000_3784	HG00621.2	HG00621#2#JAHBCC010000042.1	3614884	100000
hprc4_L100000_3785	HG00438.1	HG00438#1#JAHBCB010000001.1	23344513	100000
hprc4_L100000_3786	HG00438.1	HG00438#1#JAHBCB010000024.1	19567004	100000
hprc4_L100000_3787	HG00438.1	HG00438#1#JAHBCB010000065.1	15193088	100000
hprc4_L100000_3788	HG00438.2	HG00438#2#JAHBCA010000032.1	54081250	100000
hprc4_L100000_3789	HG00621.2	HG00621#2#JAHBCC010000073.1	11569198	100000
hprc4_L100000_3790	HG00621.1	HG00621#1#JAHBCD010000047.1	57140002	100000
hprc4_L100000_3791	HG00438.2	HG00438#2#JAHBCA010000016.1	38420598	100000
hprc4_L100000_3792	HG00621.1	HG00621#1#JAHBCD010000063.1	17628232	100000
hprc4_L100000_3793	HG00438.1	HG00438#1#JAHBCB010000068.1	20246381	100000
hprc4_L100000_3794	HG00438.1	HG00438#1#JAHBCB010000097.1	45645033	100000
hprc4_L100000_3795	HG00438.2	HG00438#2#JAHBCA010000042.1	24839533	100000
hprc4_L100000_3796	HG00438.1	HG00438#1#JAHBCB010000003.1	81575692	100000
hprc4_L100000_3797	HG00438.2	HG00438#2#JAHBCA010000048.1	13367599	100000
hprc4_L100000_3798	HG00438.1	HG00438#1#JAHBCB010000037.1	4084291	100000
hprc4_L100000_3799	HG00621.2	HG00621#2#JAHBCC010000067.1	30372756	100000
hprc4_L100000_3800	HG00621.1	HG00621#1#JAHBCD010000031.1	50370356	100000
hprc4_L100000_3801	HG00621.1	HG00621#1#JAHBCD010000037.1	6519562	100000
hprc4_L100000_3802	HG00438.2	HG00438#2#JAHBCA010000042.1	3689248	100000
hprc4_L100000_3803	HG00438.2	HG00438#2#JAHBCA010000088.1	4783433	100000
hprc4_L100000_3804	HG00621.1	HG00621#1#JAHBCD010000034.1	30408513	100000
hprc4_L100000_3805	HG00438.2	HG00438#2#JAHBCA010000048.1	20756046	100000
hprc4_L100000_3806	HG00621.1	HG00621#1#JAHBCD010000005.1	51728135	100000
hprc4_L100000_3807	HG00621.2	HG00621#2#JAHBCC010000046.1	1219204	100000
hprc4_L100000_3808	HG00438.1	HG00438#1#JAHBCB010000068.1	8214550	100000
hprc4_L100000_3809	HG00438.2	HG00438#2#JAHBCA010000049.1	3415537	100000
hprc4_L100000_3810	HG00621.2	HG00621#2#JAHBCC010000048.1	32910521	100000
hprc4_L100000_3811	HG00621.1	HG00621#1#JAHBCD010000009.1	79769729	100000
hprc4_L100000_3812	HG00438.2	HG00438#2#JAHBCA010000016.1	39126760	100000
hprc4_L100000_3813	HG00438.2	HG00438#2#JAHBCA010000016.1	11300795	100000
hprc4_L100000_3814	HG00438.1	HG00438#1#JAHBCB010000023.1	12900686	100000
hprc4_L100000_3815	HG00621.2	HG00621#2#JAHBCC010000011.1	16215590	100000
hprc4_L100000_3816	HG00438.1	HG00438#1#JAHBCB010000084.1	8867337	100000
hprc4_L100000_3817	HG00621.1	HG00621#1#JAHBCD010000025.1	7905055	100000
hprc4_L100000_3818	HG00438.2	HG00438#2#JAHBCA010000052.1	28031376	100000
hprc4_L100000_3819	HG00621.2	HG00621#2#JAHBCC010000065.1	22761513	100000
hprc4_L100000_3820	HG00438.1	HG00438#1#JAHBCB010000092.1	16843203	100000
hprc4_L100000_3821	HG00621.2	HG00621#2#JAHBCC010000017.1	4113047	100000
hprc4_L100000_3822	HG00438.1	HG00438#1#JAHBCB010000008.1	27361927	100000
hprc4_L100000_3823	HG00438.2	HG00438#2#JAHBCA010000106.1	1270413	100000
hprc4_L100000_3824	HG00621.1	HG00621#1#JAHBCD010000002.1	12092419	100000
hprc4_L100000_3825	HG00438.1	HG00438#1#JAHBCB010000048.1	27389882	100000
hprc4_L100000_3826	HG00438.2	HG00438#2#JAHBCA010000035.1	53704378	100000
hprc4_L100000_3827	HG00438.1	HG00438#1#JAHBCB010000097.1	29509197	100000
hprc4_L100000_3828	HG00621.1	HG00621#1#JAHBCD010000044.1	1983612	100000
hprc4_L100000_3829	HG00438.1	HG00438#1#JAHBCB010000037.1	33936565	100000
hprc4_L100000_3830	HG00621.2	HG00621#2#JAHBCC010000070.1	5899834	100000
hprc4_L100000_3831	HG00621.1	HG00621#1#JAHBCD010000012.1	3375615	100000
hprc4_L100000_3832	HG00621.2	HG00621#2#JAHBCC010000004.1	41493775	100000
hprc4_L100000_3833	HG00621.2	HG00621#2#JAHBCC010000039.1	83261102	100000
hprc4_L100000_3834	HG00438.2	HG00438#2#JAHBCA010000128.1	2312347	100000
hprc4_L100000_3835	HG00438.2	HG00438#2#JAHBCA010000003.1	42564896	100000
hprc4_L100000_3836	HG00621.1	HG00621#1#JAHBCD010000001.1	61400514	100000
hprc4_L100000_3837	HG00621.1	HG00621#1#JAHBCD010000034.1	45631295	100000
hprc4_L100000_3838	HG00621.1	HG00621#1#JAHBCD010000050.1	22202131	100000
hprc4_L100000_3839	HG00438.1	HG00438#1#JAHBCB010000026.1	2864542	100000
hprc4_L100000_3840	HG00438.1	HG00438#1#JAHBCB010000003.1	21629437	100000
hprc4_L100000_3841	HG00438.1	HG00438#1#JAHBCB010000028.1	15626849	100000
hprc4_L100000_3842	HG00621.2	HG00621#2#JAHBCC010000078.1	19999503	100000
hprc4_L100000_3843	HG00621.2	HG00621#2#JAHBCC010000078.1	14730364	100000
hprc4_L100000_3844	HG00621.1	HG00621#1#JAHBCD010000017.1	22901251	100000
hprc4_L100000_3845	HG00621.1	HG00621#1#JAHBCD010000047.1	84784150	100000
hprc4_L100000_3846	HG00621.1	HG00621#1#JAHBCD010000064.1	31632063	100000
hprc4_L100000_3847	HG00621.2	HG00621#2#JAHBCC010000065.1	3889261	100000
hprc4_L100000_3848	HG00621.2	HG00621#2#JAHBCC010000019.1	25102553	100000
hprc4_L100000_3849	HG00438.2	HG00438#2#JAHBCA010000071.1	11014669	100000
hprc4_L100000_3850	HG00438.2	HG00438#2#JAHBCA010000011.1	63553600	100000
hprc4_L100000_3851	HG00621.1	HG00621#1#JAHBCD010000001.1	10219482	100000
hprc4_L100000_3852	HG00438.2	HG00438#2#JAHBCA010000040.1	10545155	100000
hprc4_L100000_3853	HG00438.1	HG00438#1#JAHBCB010000072.1	8313365	100000
hprc4_L100000_3854	HG00438.2	HG00438#2#JAHBCA010000043.1	35655446	100000
hprc4_L100000_3855	HG00438.2	HG00438#2#JAHBCA010000024.1	28957718	100000
hprc4_L100000_3856	HG00438.1	HG00438#1#JAHBCB010000020.1	6756231	100000
hprc4_L100000_3857	HG00438.1	HG00438#1#JAHBCB010000036.1	14172925	100000
hprc4_L100000_3858	HG00621.1	HG00621#1#JAHBCD010000035.1	18929404	100000
hprc4_L100000_3859	HG00438.1	HG00438#1#JAHBCB010000014.1	23654491	100000
hprc4_L100000_3860	HG00438.1	HG00438#1#JAHBCB010000046.1	11581308	100000
hprc4_L100000_3861	HG00621.1	HG00621#1#JAHBCD010000064.1	29365434	100000
hprc4_L100000_3862	HG00438.1	HG00438#1#JAHBCB010000037.1	42427334	100000
hprc4_L100000_3863	HG00438.2	HG00438#2#JAHBCA010000067.1	6809349	100000
hprc4_L100000_3864	HG00621.1	HG00621#1#JAHBCD010000005.1	85356483	100000
hprc4_L100000_3865	HG00438.2	HG00438#2#JAHBCA010000044.1	16427198	100000
hprc4_L100000_3866	HG00621.2	HG00621#2#JAHBCC010000009.1	25952538	100000
hprc4_L100000_3867	HG00621.1	HG00621#1#JAHBCD010000033.1	12513790	100000
hprc4_L100000_3868	HG00621.1	HG00621#1#JAHBCD010000025.1	20227130	100000
hprc4_L100000_3869	HG00438.1	HG00438#1#JAHBCB010000018.1	75172983	100000
hprc4_L100000_3870	HG00621.2	HG00621#2#JAHBCC010000098.1	592159	100000
hprc4_L100000_3871	HG00438.2	HG00438#2#JAHBCA010000048.1	14936896	100000
hprc4_L100000_3872	HG00621.2	HG00621#2#JAHBCC010000065.1	26989761	100000
hprc4_L100000_3873	HG00438.2	HG00438#2#JAHBCA010000002.1	92999114	100000
hprc4_L100000_3874	HG00621.1	HG00621#1#JAHBCD010000115.1	431587	100000
hprc4_L100000_3875	HG00438.2	HG00438#2#JAHBCA010000004.1	19257104	100000
hprc4_L100000_3876	HG00621.2	HG00621#2#JAHBCC010000062.1	19595752	100000
hprc4_L100000_3877	HG00438.1	HG00438#1#JAHBCB010000074.1	2079689	100000
hprc4_L100000_3878	HG00438.2	HG00438#2#JAHBCA010000052.1	1282306	100000
hprc4_L100000_3879	HG00621.2	HG00621#2#JAHBCC010000039.1	1615122	100000
hprc4_L100000_3880	HG00621.2	HG00621#2#JAHBCC010000030.1	3873251	100000
hprc4_L100000_3881	HG00621.2	HG00621#2#JAHBCC010000028.1	64787474	100000
hprc4_L100000_3882	HG00621.1	HG00621#1#JAHBCD010000063.1	33688445	100000
hprc4_L100000_3883	HG00438.2	HG00438#2#JAHBCA010000043.1	61955540	100000
hprc4_L100000_3884	HG00621.2	HG00621#2#JAHBCC010000080.1	454184	100000
hprc4_L100000_3885	HG00621.1	HG00621#1#JAHBCD010000001.1	93560550	100000
hprc4_L100000_3886	HG00621.1	HG00621#1#JAHBCD010000028.1	13902368	100000
hprc4_L100000_3887	HG00621.1	HG00621#1#JAHBCD010000035.1	7500573	100000
hprc4_L100000_3888	HG00438.2	HG00438#2#JAHBCA010000008.1	47029466	100000
hprc4_L100000_3889	HG00621.2	HG00621#2#JAHBCC010000049.1	12266597	100000
hprc4_L100000_3890	HG00621.1	HG00621#1#JAHBCD010000009.1	3475022	100000
hprc4_L100000_3891	HG00438.1	HG00438#1#JAHBCB010000067.1	1188252	100000
hprc4_L100000_3892	HG00438.1	HG00438#1#JAHBCB010000003.1	72007892	100000
hprc4_L100000_3893	HG00621.2	HG00621#2#JAHBCC010000028.1	33094809	100000
hprc4_L100000_3894	HG00621.1	HG00621#1#JAHBCD010000011.1	21869482	100000
hprc4_L100000_3895	HG00438.1	HG00438#1#JAHBCB010000020.1	30593255	100000
hprc4_L100000_3896	HG00621.2	HG00621#2#JAHBCC010000072.1	5068576	100000
hprc4_L100000_3897	HG00438.1	HG00438#1#JAHBCB010000029.1	12919055	100000
hprc4_L100000_3898	HG00438.2	HG00438#2#JAHBCA010000091.1	1305746	100000
hprc4_L100000_3899	HG00621.2	HG00621#2#JAHBCC010000056.1	568668	100000
hprc4_L100000_3900	HG00621.1	HG00621#1#JAHBCD010000025.1	26905154	100000
hprc4_L100000_3901	HG00438.1	HG00438#1#JAHBCB010000084.1	7176992	100000
hprc4_L100000_3902	HG00621.1	HG00621#1#JAHBCD010000062.1	37657272	100000
hprc4_L100000_3903	HG00438.1	HG00438#1#JAHBCB010000020.1	28620794	100000
hprc4_L100000_3904	HG00438.2	HG00438#2#JAHBCA010000021.1	3849230	100000
hprc4_L100000_3905	HG00438.1	HG00438#1#JAHBCB010000057.1	53344728	100000
hprc4_L100000_3906	HG00438.1	HG00438#1#JAHBCB010000020.1	8051071	100000
hprc4_L100000_3907	HG00621.2	HG00621#2#JAHBCC010000037.1	28658594	100000
hprc4_L100000_3908	HG00621.2	HG00621#2#JAHBCC010000031.1	2774185	100000
hprc4_L100000_3909	HG00438.1	HG00438#1#JAHBCB010000092.1	1745060	100000
hprc4_L100000_3910	HG00438.2	HG00438#2#JAHBCA010000014.1	25440506	100000
hprc4_L100000_3911	HG00438.2	HG00438#2#JAHBCA010000071.1	25116845	100000
hprc4_L100000_3912	HG00621.2	HG00621#2#JAHBCC010000026.1	26648241	100000
hprc4_L100000_3913	HG00621.2	HG00621#2#JAHBCC010000022.1	45710144	100000
hprc4_L100000_3914	HG00438.2	HG00438#2#JAHBCA010000046.1	16248115	100000
hprc4_L100000_3915	HG00621.2	HG00621#2#JAHBCC010000001.1	18273292	100000
hprc4_L100000_3916	HG00621.2	HG00621#2#JAHBCC010000053.1	4911449	100000
hprc4_L100000_3917	HG00438.2	HG00438#2#JAHBCA010000010.1	77645952	100000
hprc4_L100000_3918	HG00621.2	HG00621#2#JAHBCC010000039.1	70052442	100000
hprc4_L100000_3919	HG00621.2	HG00621#2#JAHBCC010000019.1	19319980	100000
hprc4_L100000_3920	HG00438.2	HG00438#2#JAHBCA010000022.1	40464696	100000
hprc4_L100000_3921	HG00438.2	HG00438#2#JAHBCA010000017.1	2790100	100000
hprc4_L100000_3922	HG00621.2	HG00621#2#JAHBCC010000063.1	2219133	100000
hprc4_L100000_3923	HG00438.2	HG00438#2#JAHBCA010000035.1	78181124	100000
hprc4_L100000_3924	HG00621.1	HG00621#1#JAHBCD010000025.1	24786837	100000
hprc4_L100000_3925	HG00621.1	HG00621#1#JAHBCD010000133.1	83515	100000
hprc4_L100000_3926	HG00438.1	HG00438#1#JAHBCB010000002.1	48811738	100000
hprc4_L100000_3927	HG00438.2	HG00438#2#JAHBCA010000086.1	1496290	100000
hprc4_L100000_3928	HG00438.1	HG00438#1#JAHBCB010000014.1	16257099	100000
hprc4_L100000_3929	HG00438.1	HG00438#1#JAHBCB010000083.1	4000564	100000
hprc4_L100000_3930	HG00438.2	HG00438#2#JAHBCA010000076.1	7120830	100000
hprc4_L100000_3931	HG00438.2	HG00438#2#JAHBCA010000036.1	7598487	100000
hprc4_L100000_3932	HG00438.2	HG00438#2#JAHBCA010000033.1	22493368	100000
hprc4_L100000_3933	HG00438.1	HG00438#1#JAHBCB010000041.1	19081799	100000
hprc4_L100000_3934	HG00621.2	HG00621#2#JAHBCC010000078.1	28307856	100000
hprc4_L100000_3935	HG00621.2	HG00621#2#JAHBCC010000007.1	13628383	100000
hprc4_L100000_3936	HG00621.2	HG00621#2#JAHBCC010000063.1	7004663	100000
hprc4_L100000_3937	HG00621.1	HG00621#1#JAHBCD010000110.1	12603528	100000
hprc4_L100000_3938	HG00621.2	HG00621#2#JAHBCC010000019.1	20148676	100000
hprc4_L100000_3939	HG00621.2	HG00621#2#JAHBCC010000019.1	47667047	100000
hprc4_L100000_3940	HG00438.1	HG00438#1#JAHBCB010000057.1	1767260	100000
hprc4_L100000_3941	HG00438.1	HG00438#1#JAHBCB010000031.1	13758050	100000
hprc4_L100000_3942	HG00621.1	HG00621#1#JAHBCD010000008.1	19303864	100000
hprc4_L100000_3943	HG00438.1	HG00438#1#JAHBCB010000010.1	26489627	100000
hprc4_L100000_3944	HG00621.2	HG00621#2#JAHBCC010000001.1	16354717	100000
hprc4_L100000_3945	HG00621.1	HG00621#1#JAHBCD010000098.1	2394743	100000
hprc4_L100000_3946	HG00621.2	HG00621#2#JAHBCC010000022.1	39464798	100000
hprc4_L100000_3947	HG00621.2	HG00621#2#JAHBCC010000020.1	77373275	100000
hprc4_L100000_3948	HG00621.1	HG00621#1#JAHBCD010000024.1	72820722	100000
hprc4_L100000_3949	HG00621.2	HG00621#2#JAHBCC010000014.1	68661395	100000
hprc4_L100000_3950	HG00438.2	HG00438#2#JAHBCA010000025.1	19187907	100000
hprc4_L100000_3951	HG00438.1	HG00438#1#JAHBCB010000033.1	19227933	100000
hprc4_L100000_3952	HG00438.2	HG00438#2#JAHBCA010000001.1	4909962	100000
hprc4_L100000_3953	HG00621.1	HG00621#1#JAHBCD010000002.1	57897826	100000
hprc4_L100000_3954	HG00621.1	HG00621#1#JAHBCD010000022.1	69491637	100000
hprc4_L100000_3955	HG00438.2	HG00438#2#JAHBCA010000041.1	14544609	100000
hprc4_L100000_3956	HG00621.2	HG00621#2#JAHBCC010000068.1	1558444	100000
hprc4_L100000_3957	HG00438.1	HG00438#1#JAHBCB010000012.1	10072154	100000
hprc4_L100000_3958	HG00438.2	HG00438#2#JAHBCA010000002.1	127791770	100000
hprc4_L100000_3959	HG00621.2	HG00621#2#JAHBCC010000037.1	32002809	100000
hprc4_L100000_3960	HG00621.1	HG00621#1#JAHBCD010000069.1	4161822	100000
hprc4_L100000_3961	HG00438.1	HG00438#1#JAHBCB010000015.1	546648	100000
hprc4_L100000_3962	HG00438.1	HG00438#1#JAHBCB010000033.1	6190084	100000
hprc4_L100000_3963	HG00438.2	HG00438#2#JAHBCA010000084.1	4702479	100000
hprc4_L100000_3964	HG00621.2	HG00621#2#JAHBCC010000059.1	5023585	100000
hprc4_L100000_3965	HG00621.2	HG00621#2#JAHBCC010000082.1	7852776	100000
hprc4_L100000_3966	HG00621.1	HG00621#1#JAHBCD010000052.1	38488589	100000
hprc4_L100000_3967	HG00438.1	HG00438#1#JAHBCB010000089.1	6548559	100000
hprc4_L100000_3968	HG00438.2	HG00438#2#JAHBCA010000003.1	23058382	100000
hprc4_L100000_3969	HG00621.2	HG00621#2#JAHBCC010000055.1	12456777	100000
hprc4_L100000_3970	HG00438.2	HG00438#2#JAHBCA010000035.1	75885380	100000
hprc4_L100000_3971	HG00621.2	HG00621#2#JAHBCC010000033.1	63257311	100000
hprc4_L100000_3972	HG00438.1	HG00438#1#JAHBCB010000029.1	12353495	100000
hprc4_L100000_3973	HG00621.2	HG00621#2#JAHBCC010000072.1	1298329	100000
hprc4_L100000_3974	HG00438.1	HG00438#1#JAHBCB010000022.1	22728766	100000
hprc4_L100000_3975	HG00438.1	HG00438#1#JAHBCB010000079.1	1892231	100000
hprc4_L100000_3976	HG00438.1	HG00438#1#JAHBCB010000097.1	11280948	100000
hprc4_L100000_3977	HG00621.1	HG00621#1#JAHBCD010000063.1	37847846	100000
hprc4_L100000_3978	HG00438.2	HG00438#2#JAHBCA010000057.1	15961394	100000
hprc4_L100000_3979	HG00621.2	HG00621#2#JAHBCC010000006.1	68871029	100000
hprc4_L100000_3980	HG00621.2	HG00621#2#JAHBCC010000034.1	63604965	100000
hprc4_L100000_3981	HG00438.2	HG00438#2#JAHBCA010000011.1	66847019	100000
hprc4_L100000_3982	HG00438.1	HG00438#1#JAHBCB010000021.1	32043897	100000
hprc4_L100000_3983	HG00438.1	HG00438#1#JAHBCB010000040.1	23940686	100000
hprc4_L100000_3984	HG00438.1	HG00438#1#JAHBCB010000036.1	19912335	100000
hprc4_L100000_3985	HG00621.2	HG00621#2#JAHBCC010000022.1	6715707	100000
hprc4_L100000_3986	HG00621.1	HG00621#1#JAHBCD010000009.1	67651976	100000
hprc4_L100000_3987	HG00621.1	HG00621#1#JAHBCD010000015.1	9862998	100000
hprc4_L100000_3988	HG00438.1	HG00438#1#JAHBCB010000003.1	24889838	100000
hprc4_L100000_3989	HG00438.2	HG00438#2#JAHBCA010000002.1	11760868	100000
hprc4_L100000_3990	HG00438.1	HG00438#1#JAHBCB010000031.1	5650313	100000
hprc4_L100000_3991	HG00621.1	HG00621#1#JAHBCD010000123.1	837822	100000
hprc4_L100000_3992	HG00438.1	HG00438#1#JAHBCB010000038.1	14050765	100000
hprc4_L100000_3993	HG00438.2	HG00438#2#JAHBCA010000011.1	10513381	100000
hprc4_L100000_3994	HG00438.1	HG00438#1#JAHBCB010000045.1	38665150	100000
hprc4_L100000_3995	HG00438.2	HG00438#2#JAHBCA010000035.1	29198899	100000
hprc4_L100000_3996	HG00438.2	HG00438#2#JAHBCA010000035.1	75256875	100000
hprc4_L100000_3997	HG00438.2	HG00438#2#JAHBCA010000040.1	49895629	100000
hprc4_L100000_3998	HG00438.2	HG00438#2#JAHBCA010000114.1	304953	100000
hprc4_L100000_3999	HG00621.2	HG00621#2#JAHBCC010000001.1	27172865	100000
hprc4_L100000_4000	HG00621.1	HG00621#1#JAHBCD010000106.1	142120	100000
hprc4_L100000_4001	HG00438.1	HG00438#1#JAHBCB010000015.1	43269357	100000
hprc4_L100000_4002	HG00621.1	HG00621#1#JAHBCD010000078.1	12636621	100000
hprc4_L100000_4003	HG00621.2	HG00621#2#JAHBCC010000021.1	15096357	100000
hprc4_L100000_4004	HG00438.1	HG00438#1#JAHBCB010000017.1	27608203	100000
hprc4_L100000_4005	HG00621.1	HG00621#1#JAHBCD010000098.1	936650	100000
hprc4_L100000_4006	HG00621.1	HG00621#1#JAHBCD010000078.1	30546	100000
hprc4_L100000_4007	HG00621.2	HG00621#2#JAHBCC010000085.1	5320600	100000
hprc4_L100000_4008	HG00438.2	HG00438#2#JAHBCA010000052.1	54306574	100000
hprc4_L100000_4009	HG00621.2	HG00621#2#JAHBCC010000001.1	3928552	100000
hprc4_L100000_4010	HG00621.2	HG00621#2#JAHBCC010000067.1	11770130	100000
hprc4_L100000_4011	HG00438.2	HG00438#2#JAHBCA010000001.1	27889381	100000
hprc4_L100000_4012	HG00438.1	HG00438#1#JAHBCB010000032.1	48234524	100000
hprc4_L100000_4013	HG00438.2	HG00438#2#JAHBCA010000060.1	5946779	100000
hprc4_L100000_4014	HG00621.2	HG00621#2#JAHBCC010000051.1	37421781	100000
hprc4_L100000_4015	HG00438.2	HG00438#2#JAHBCA010000002.1	114624137	100000
hprc4_L100000_4016	HG00438.2	HG00438#2#JAHBCA010000006.1	15488884	100000
hprc4_L100000_4017	HG00621.1	HG00621#1#JAHBCD010000063.1	6155462	100000
hprc4_L100000_4018	HG00438.2	HG00438#2#JAHBCA010000008.1	58408002	100000
hprc4_L100000_4019	HG00438.1	HG00438#1#JAHBCB010000124.1	228189	100000
hprc4_L100000_4020	HG00438.2	HG00438#2#JAHBCA010000089.1	3987460	100000
hprc4_L100000_4021	HG00621.2	HG00621#2#JAHBCC010000022.1	23767507	100000
hprc4_L100000_4022	HG00621.1	HG00621#1#JAHBCD010000031.1	4910926	100000
hprc4_L100000_4023	HG00621.1	HG00621#1#JAHBCD010000064.1	7763047	100000
hprc4_L100000_4024	HG00621.1	HG00621#1#JAHBCD010000064.1	56020846	100000
hprc4_L100000_4025	HG00438.1	HG00438#1#JAHBCB010000041.1	34238418	100000
hprc4_L100000_4026	HG00621.1	HG00621#1#JAHBCD010000064.1	58003654	100000
hprc4_L100000_4027	HG00438.1	HG00438#1#JAHBCB010000037.1	39029719	100000
hprc4_L100000_4028	HG00438.2	HG00438#2#JAHBCA010000103.1	6038868	100000
hprc4_L100000_4029	HG00621.2	HG00621#2#JAHBCC010000022.1	16709811	100000
hprc4_L100000_4030	HG00621.1	HG00621#1#JAHBCD010000042.1	5575691	100000
hprc4_L100000_4031	HG00621.2	HG00621#2#JAHBCC010000047.1	3062504	100000
hprc4_L100000_4032	HG00438.2	HG00438#2#JAHBCA010000057.1	8491053	100000
hprc4_L100000_4033	HG00621.1	HG00621#1#JAHBCD010000082.1	1767826	100000
hprc4_L100000_4034	HG00438.1	HG00438#1#JAHBCB010000025.1	26345301	100000
hprc4_L100000_4035	HG00438.1	HG00438#1#JAHBCB010000006.1	49073517	100000
hprc4_L100000_4036	HG00621.1	HG00621#1#JAHBCD010000034.1	46824607	100000
hprc4_L100000_4037	HG00621.2	HG00621#2#JAHBCC010000018.1	82145350	100000
hprc4_L100000_4038	HG00438.2	HG00438#2#JAHBCA010000043.1	62287928	100000
hprc4_L100000_4039	HG00621.2	HG00621#2#JAHBCC010000018.1	14456856	100000
hprc4_L100000_4040	HG00621.2	HG00621#2#JAHBCC010000067.1	3509260	100000
hprc4_L100000_4041	HG00621.2	HG00621#2#JAHBCC010000013.1	18368905	100000
hprc4_L100000_4042	HG00438.2	HG00438#2#JAHBCA010000049.1	2883172	100000
hprc4_L100000_4043	HG00438.1	HG00438#1#JAHBCB010000045.1	64050480	100000
hprc4_L100000_4044	HG00438.2	HG00438#2#JAHBCA010000066.1	17509455	100000
hprc4_L100000_4045	HG00438.1	HG00438#1#JAHBCB010000057.1	41183522	100000
hprc4_L100000_4046	HG00621.1	HG00621#1#JAHBCD010000041.1	27997749	100000
hprc4_L100000_4047	HG00621.1	HG00621#1#JAHBCD010000062.1	32011385	100000
hprc4_L100000_4048	HG00621.2	HG00621#2#JAHBCC010000051.1	20529451	100000
hprc4_L100000_4049	HG00621.2	HG00621#2#JAHBCC010000033.1	44037537	100000
hprc4_L100000_4050	HG00621.2	HG00621#2#JAHBCC010000014.1	102768617	100000
hprc4_L100000_4051	HG00438.2	HG00438#2#JAHBCA010000081.1	2632606	100000
hprc4_L100000_4052	HG00621.2	HG00621#2#JAHBCC010000055.1	50855282	100000
hprc4_L100000_4053	HG00621.2	HG00621#2#JAHBCC010000084.1	15965921	100000
hprc4_L100000_4054	HG00438.1	HG00438#1#JAHBCB010000023.1	976134	100000
hprc4_L100000_4055	HG00621.2	HG00621#2#JAHBCC010000078.1	9475029	100000
hprc4_L100000_4056	HG00438.1	HG00438#1#JAHBCB010000071.1	12307480	100000
hprc4_L100000_4057	HG00621.1	HG00621#1#JAHBCD010000070.1	7580913	100000
hprc4_L100000_4058	HG00621.1	HG00621#1#JAHBCD010000042.1	4557808	100000
hprc4_L100000_4059	HG00621.1	HG00621#1#JAHBCD010000022.1	75531325	100000
hprc4_L100000_4060	HG00621.1	HG00621#1#JAHBCD010000022.1	41675877	100000
hprc4_L100000_4061	HG00438.2	HG00438#2#JAHBCA010000066.1	1802392	100000
hprc4_L100000_4062	HG00621.2	HG00621#2#JAHBCC010000045.1	23405542	100000
hprc4_L100000_4063	HG00438.2	HG00438#2#JAHBCA010000016.1	52507274	100000
hprc4_L100000_4064	HG00438.2	HG00438#2#JAHBCA010000012.1	72154580	100000
hprc4_L100000_4065	HG00438.1	HG00438#1#JAHBCB010000085.1	27008486	100000
hprc4_L100000_4066	HG00621.1	HG00621#1#JAHBCD010000066.1	15131414	100000
hprc4_L100000_4067	HG00438.1	HG00438#1#JAHBCB010000031.1	10952109	100000
hprc4_L100000_4068	HG00438.2	HG00438#2#JAHBCA010000002.1	120120458	100000
hprc4_L100000_4069	HG00438.1	HG00438#1#JAHBCB010000044.1	29390429	100000
hprc4_L100000_4070	HG00621.1	HG00621#1#JAHBCD010000010.1	82230922	100000
hprc4_L100000_4071	HG00621.1	HG00621#1#JAHBCD010000032.1	45973683	100000
hprc4_L100000_4072	HG00621.1	HG00621#1#JAHBCD010000026.1	20541064	100000
hprc4_L100000_4073	HG00438.1	HG00438#1#JAHBCB010000018.1	82440328	100000
hprc4_L100000_4074	HG00621.2	HG00621#2#JAHBCC010000076.1	357058	100000
hprc4_L100000_4075	HG00438.1	HG00438#1#JAHBCB010000040.1	7121489	100000
hprc4_L100000_4076	HG00438.1	HG00438#1#JAHBCB010000037.1	26383596	100000
hprc4_L100000_4077	HG00621.1	HG00621#1#JAHBCD010000017.1	3177267	100000
hprc4_L100000_4078	HG00621.1	HG00621#1#JAHBCD010000029.1	5223012	100000
hprc4_L100000_4079	HG00621.1	HG00621#1#JAHBCD010000095.1	678403	100000
hprc4_L100000_4080	HG00621.2	HG00621#2#JAHBCC010000104.1	4286950	100000
hprc4_L100000_4081	HG00438.2	HG00438#2#JAHBCA010000066.1	7969773	100000
hprc4_L100000_4082	HG00438.2	HG00438#2#JAHBCA010000036.1	15241858	100000
hprc4_L100000_4083	HG00438.2	HG00438#2#JAHBCA010000001.1	23425679	100000
hprc4_L100000_4084	HG00621.1	HG00621#1#JAHBCD010000005.1	47068917	100000
hprc4_L100000_4085	HG00621.1	HG00621#1#JAHBCD010000050.1	5201375	100000
hprc4_L100000_4086	HG00438.2	HG00438#2#JAHBCA010000044.1	340908	100000
hprc4_L100000_4087	HG00438.1	HG00438#1#JAHBCB010000023.1	889601	100000
hprc4_L100000_4088	HG00438.1	HG00438#1#JAHBCB010000030.1	1392587	100000
hprc4_L100000_4089	HG00438.2	HG00438#2#JAHBCA010000101.1	1787244	100000
hprc4_L100000_4090	HG00621.2	HG00621#2#JAHBCC010000024.1	71104311	100000
hprc4_L100000_4091	HG00438.1	HG00438#1#JAHBCB010000044.1	44347703	100000
hprc4_L100000_4092	HG00438.1	HG00438#1#JAHBCB010000057.1	19002459	100000
hprc4_L100000_4093	HG00621.2	HG00621#2#JAHBCC010000039.1	47325499	100000
hprc4_L100000_4094	HG00438.2	HG00438#2#JAHBCA010000043.1	48765607	100000
hprc4_L100000_4095	HG00438.1	HG00438#1#JAHBCB010000119.1	3002699	100000
hprc4_L100000_4096	HG00438.1	HG00438#1#JAHBCB010000085.1	27629497	100000
hprc4_L100000_4097	HG00438.1	HG00438#1#JAHBCB010000041.1	2943969	100000
hprc4_L100000_4098	HG00621.1	HG00621#1#JAHBCD010000003.1	6614042	100000
hprc4_L100000_4099	HG00438.2	HG00438#2#JAHBCA010000022.1	40983989	100000
hprc4_L100000_4100	HG00438.1	HG00438#1#JAHBCB010000008.1	66285133	100000
hprc4_L100000_4101	HG00438.2	HG00438#2#JAHBCA010000025.1	23201389	100000
hprc4_L100000_4102	HG00621.2	HG00621#2#JAHBCC010000003.1	12859827	100000
hprc4_L100000_4103	HG00438.2	HG00438#2#JAHBCA010000082.1	9366601	100000
hprc4_L100000_4104	HG00621.1	HG00621#1#JAHBCD010000064.1	26927009	100000
hprc4_L100000_4105	HG00621.1	HG00621#1#JAHBCD010000031.1	35212149	100000
hprc4_L100000_4106	HG00621.1	HG00621#1#JAHBCD010000006.1	14744772	100000
hprc4_L100000_4107	HG00438.2	HG00438#2#JAHBCA010000035.1	73912754	100000
hprc4_L100000_4108	HG00621.1	HG00621#1#JAHBCD010000033.1	22329442	100000
hprc4_L100000_4109	HG00621.2	HG00621#2#JAHBCC010000014.1	19511418	100000
hprc4_L100000_4110	HG00621.1	HG00621#1#JAHBCD010000014.1	52307682	100000
hprc4_L100000_4111	HG00438.2	HG00438#2#JAHBCA010000076.1	13791402	100000
hprc4_L100000_4112	HG00438.2	HG00438#2#JAHBCA010000176.1	7519	100000
hprc4_L100000_4113	HG00621.2	HG00621#2#JAHBCC010000013.1	4482795	100000
hprc4_L100000_4114	HG00438.1	HG00438#1#JAHBCB010000041.1	16476391	100000
hprc4_L100000_4115	HG00438.2	HG00438#2#JAHBCA010000043.1	30348666	100000
hprc4_L100000_4116	HG00438.1	HG00438#1#JAHBCB010000021.1	14738216	100000
hprc4_L100000_4117	HG00621.1	HG00621#1#JAHBCD010000033.1	1634493	100000
hprc4_L100000_4118	HG00621.2	HG00621#2#JAHBCC010000049.1	29849792	100000
hprc4_L100000_4119	HG00438.2	HG00438#2#JAHBCA010000050.1	24303114	100000
hprc4_L100000_4120	HG00621.1	HG00621#1#JAHBCD010000020.1	19396192	100000
hprc4_L100000_4121	HG00438.2	HG00438#2#JAHBCA010000043.1	20556454	100000
hprc4_L100000_4122	HG00621.1	HG00621#1#JAHBCD010000029.1	737799	100000
hprc4_L100000_4123	HG00438.2	HG00438#2#JAHBCA010000002.1	73041694	100000
hprc4_L100000_4124	HG00438.1	HG00438#1#JAHBCB010000014.1	26390861	100000
hprc4_L100000_4125	HG00438.2	HG00438#2#JAHBCA010000030.1	20891034	100000
hprc4_L100000_4126	HG00621.2	HG00621#2#JAHBCC010000022.1	28010096	100000
hprc4_L100000_4127	HG00621.2	HG00621#2#JAHBCC010000066.1	51477896	100000
hprc4_L100000_4128	HG00438.1	HG00438#1#JAHBCB010000018.1	64736836	100000
hprc4_L100000_4129	HG00621.1	HG00621#1#JAHBCD010000020.1	46143474	100000
hprc4_L100000_4130	HG00621.2	HG00621#2#JAHBCC010000073.1	14189682	100000
hprc4_L100000_4131	HG00438.2	HG00438#2#JAHBCA010000028.1	4690993	100000
hprc4_L100000_4132	HG00438.1	HG00438#1#JAHBCB010000018.1	97100416	100000
hprc4_L100000_4133	HG00438.2	HG00438#2#JAHBCA010000030.1	7409679	100000
hprc4_L100000_4134	HG00621.1	HG00621#1#JAHBCD010000021.1	56000520	100000
hprc4_L100000_4135	HG00438.1	HG00438#1#JAHBCB010000002.1	8698662	100000
hprc4_L100000_4136	HG00438.1	HG00438#1#JAHBCB010000048.1	22954043	100000
hprc4_L100000_4137	HG00438.2	HG00438#2#JAHBCA010000128.1	1127748	100000
hprc4_L100000_4138	HG00438.2	HG00438#2#JAHBCA010000084.1	7436288	100000
hprc4_L100000_4139	HG00621.2	HG00621#2#JAHBCC010000020.1	84333834	100000
hprc4_L100000_4140	HG00621.2	HG00621#2#JAHBCC010000124.1	41116	100000
hprc4_L100000_4141	HG00438.1	HG00438#1#JAHBCB010000042.1	34870351	100000
hprc4_L100000_4142	HG00621.1	HG00621#1#JAHBCD010000002.1	25534671	100000
hprc4_L100000_4143	HG00438.1	HG00438#1#JAHBCB010000019.1	86429942	100000
hprc4_L100000_4144	HG00438.1	HG00438#1#JAHBCB010000031.1	26869518	100000
hprc4_L100000_4145	HG00438.1	HG00438#1#JAHBCB010000057.1	16498226	100000
hprc4_L100000_4146	HG00621.1	HG00621#1#JAHBCD010000062.1	10830213	100000
hprc4_L100000_4147	HG00621.2	HG00621#2#JAHBCC010000005.1	33605514	100000
hprc4_L100000_4148	HG00621.1	HG00621#1#JAHBCD010000017.1	25518291	100000
hprc4_L100000_4149	HG00438.1	HG00438#1#JAHBCB010000092.1	15559246	100000
hprc4_L100000_4150	HG00438.2	HG00438#2#JAHBCA010000002.1	44563362	100000
hprc4_L100000_4151	HG00621.2	HG00621#2#JAHBCC010000008.1	15139604	100000
hprc4_L100000_4152	HG00438.1	HG00438#1#JAHBCB010000015.1	79307079	100000
hprc4_L100000_4153	HG00438.1	HG00438#1#JAHBCB010000018.1	132755694	100000
hprc4_L100000_4154	HG00438.1	HG00438#1#JAHBCB010000018.1	35390851	100000
hprc4_L100000_4155	HG00621.1	HG00621#1#JAHBCD010000001.1	53747577	100000
hprc4_L100000_4156	HG00438.1	HG00438#1#JAHBCB010000071.1	4829667	100000
hprc4_L100000_4157	HG00438.1	HG00438#1#JAHBCB010000014.1	10453043	100000
hprc4_L100000_4158	HG00438.1	HG00438#1#JAHBCB010000049.1	19558463	100000
hprc4_L100000_4159	HG00438.2	HG00438#2#JAHBCA010000072.1	8320523	100000
hprc4_L100000_4160	HG00621.2	HG00621#2#JAHBCC010000011.1	12188465	100000
hprc4_L100000_4161	HG00438.2	HG00438#2#JAHBCA010000011.1	51254595	100000
hprc4_L100000_4162	HG00621.2	HG00621#2#JAHBCC010000066.1	57900067	100000
hprc4_L100000_4163	HG00438.1	HG00438#1#JAHBCB010000107.1	1730678	100000
hprc4_L100000_4164	HG00438.2	HG00438#2#JAHBCA010000072.1	10682248	100000
hprc4_L100000_4165	HG00621.2	HG00621#2#JAHBCC010000055.1	83649082	100000
hprc4_L100000_4166	HG00621.1	HG00621#1#JAHBCD010000008.1	1473197	100000
hprc4_L100000_4167	HG00438.2	HG00438#2#JAHBCA010000006.1	18191593	100000
hprc4_L100000_4168	HG00438.1	HG00438#1#JAHBCB010000053.1	15627339	100000
hprc4_L100000_4169	HG00438.2	HG00438#2#JAHBCA010000003.1	70412737	100000
hprc4_L100000_4170	HG00621.1	HG00621#1#JAHBCD010000066.1	15582880	100000
hprc4_L100000_4171	HG00621.2	HG00621#2#JAHBCC010000018.1	65630085	100000
hprc4_L100000_4172	HG00621.2	HG00621#2#JAHBCC010000070.1	3718502	100000
hprc4_L100000_4173	HG00621.2	HG00621#2#JAHBCC010000006.1	123492620	100000
hprc4_L100000_4174	HG00438.2	HG00438#2#JAHBCA010000002.1	67259541	100000
hprc4_L100000_4175	HG00438.2	HG00438#2#JAHBCA010000024.1	24569786	100000
hprc4_L100000_4176	HG00621.2	HG00621#2#JAHBCC010000022.1	12656294	100000
hprc4_L100000_4177	HG00438.1	HG00438#1#JAHBCB010000036.1	4814589	100000
hprc4_L100000_4178	HG00621.1	HG00621#1#JAHBCD010000008.1	31522809	100000
hprc4_L100000_4179	HG00438.2	HG00438#2#JAHBCA010000010.1	14612667	100000
hprc4_L100000_4180	HG00438.1	HG00438#1#JAHBCB010000058.1	21795866	100000
hprc4_L100000_4181	HG00438.1	HG00438#1#JAHBCB010000037.1	79302640	100000
hprc4_L100000_4182	HG00438.2	HG00438#2#JAHBCA010000024.1	25675760	100000
hprc4_L100000_4183	HG00621.1	HG00621#1#JAHBCD010000034.1	40334841	100000
hprc4_L100000_4184	HG00438.1	HG00438#1#JAHBCB010000030.1	8104355	100000
hprc4_L100000_4185	HG00621.1	HG00621#1#JAHBCD010000041.1	82770803	100000
hprc4_L100000_4186	HG00438.1	HG00438#1#JAHBCB010000048.1	5981746	100000
hprc4_L100000_4187	HG00621.1	HG00621#1#JAHBCD010000037.1	38751976	100000
hprc4_L100000_4188	HG00621.1	HG00621#1#JAHBCD010000029.1	13315349	100000
hprc4_L100000_4189	HG00438.1	HG00438#1#JAHBCB010000020.1	10680585	100000
hprc4_L100000_4190	HG00438.2	HG00438#2#JAHBCA010000097.1	1851754	100000
hprc4_L100000_4191	HG00621.2	HG00621#2#JAHBCC010000009.1	1996972	100000
hprc4_L100000_4192	HG00621.1	HG00621#1#JAHBCD010000041.1	52590754	100000
hprc4_L100000_4193	HG00438.2	HG00438#2#JAHBCA010000031.1	17363159	100000
hprc4_L100000_4194	HG00621.2	HG00621#2#JAHBCC010000013.1	22426762	100000
hprc4_L100000_4195	HG00621.1	HG00621#1#JAHBCD010000020.1	12437117	100000
hprc4_L100000_4196	HG00621.1	HG00621#1#JAHBCD010000047.1	13388481	100000
hprc4_L100000_4197	HG00438.1	HG00438#1#JAHBCB010000076.1	10461378	100000
hprc4_L100000_4198	HG00438.1	HG00438#1#JAHBCB010000034.1	4381993	100000
hprc4_L100000_4199	HG00438.1	HG00438#1#JAHBCB010000015.1	24885447	100000
hprc4_L100000_4200	HG00438.2	HG00438#2#JAHBCA010000012.1	5699882	100000
hprc4_L100000_4201	HG00438.2	HG00438#2#JAHBCA010000050.1	19222271	100000
hprc4_L100000_4202	HG00621.1	HG00621#1#JAHBCD010000067.1	4405725	100000
hprc4_L100000_4203	HG00438.2	HG00438#2#JAHBCA010000019.1	11557756	100000
hprc4_L100000_4204	HG00621.1	HG00621#1#JAHBCD010000044.1	2573603	100000
hprc4_L100000_4205	HG00621.2	HG00621#2#JAHBCC010000067.1	37482390	100000
hprc4_L100000_4206	HG00438.2	HG00438#2#JAHBCA010000018.1	14765490	100000
hprc4_L100000_4207	HG00621.1	HG00621#1#JAHBCD010000037.1	32417641	100000
hprc4_L100000_4208	HG00621.2	HG00621#2#JAHBCC010000019.1	48810469	100000
hprc4_L100000_4209	HG00438.2	HG00438#2#JAHBCA010000016.1	3212702	100000
hprc4_L100000_4210	HG00621.1	HG00621#1#JAHBCD010000023.1	14989136	100000
hprc4_L100000_4211	HG00438.1	HG00438#1#JAHBCB010000009.1	13682102	100000
hprc4_L100000_4212	HG00438.2	HG00438#2#JAHBCA010000010.1	51969679	100000
hprc4_L100000_4213	HG00438.1	HG00438#1#JAHBCB010000088.1	2291698	100000
hprc4_L100000_4214	HG00621.1	HG00621#1#JAHBCD010000009.1	69906360	100000
hprc4_L100000_4215	HG00621.1	HG00621#1#JAHBCD010000037.1	34641456	100000
hprc4_L100000_4216	HG00438.2	HG00438#2#JAHBCA010000019.1	17723084	100000
hprc4_L100000_4217	HG00621.1	HG00621#1#JAHBCD010000021.1	6965285	100000
hprc4_L100000_4218	HG00621.2	HG00621#2#JAHBCC010000033.1	44500484	100000
hprc4_L100000_4219	HG00621.2	HG00621#2#JAHBCC010000053.1	22761261	100000
hprc4_L100000_4220	HG00438.1	HG00438#1#JAHBCB010000072.1	17291481	100000
hprc4_L100000_4221	HG00438.2	HG00438#2#JAHBCA010000073.1	2845517	100000
hprc4_L100000_4222	HG00621.1	HG00621#1#JAHBCD010000034.1	13794260	100000
hprc4_L100000_4223	HG00621.1	HG00621#1#JAHBCD010000038.1	696755	100000
hprc4_L100000_4224	HG00438.1	HG00438#1#JAHBCB010000102.1	2187608	100000
hprc4_L100000_4225	HG00621.1	HG00621#1#JAHBCD010000162.1	334265	100000
hprc4_L100000_4226	HG00438.1	HG00438#1#JAHBCB010000003.1	96569121	100000
hprc4_L100000_4227	HG00621.1	HG00621#1#JAHBCD010000045.1	9389880	100000
hprc4_L100000_4228	HG00438.1	HG00438#1#JAHBCB010000041.1	27883045	100000
hprc4_L100000_4229	HG00621.1	HG00621#1#JAHBCD010000102.1	12814012	100000
hprc4_L100000_4230	HG00621.2	HG00621#2#JAHBCC010000020.1	21174154	100000
hprc4_L100000_4231	HG00621.2	HG00621#2#JAHBCC010000055.1	63276409	100000
hprc4_L100000_4232	HG00438.2	HG00438#2#JAHBCA010000012.1	78721199	100000
hprc4_L100000_4233	HG00621.2	HG00621#2#JAHBCC010000056.1	8419197	100000
hprc4_L100000_4234	HG00621.1	HG00621#1#JAHBCD010000047.1	52388651	100000
hprc4_L100000_4235	HG00621.1	HG00621#1#JAHBCD010000064.1	41584795	100000
hprc4_L100000_4236	HG00438.1	HG00438#1#JAHBCB010000029.1	10028867	100000
hprc4_L100000_4237	HG00621.1	HG00621#1#JAHBCD010000032.1	8401365	100000
hprc4_L100000_4238	HG00438.1	HG00438#1#JAHBCB010000055.1	2197018	100000
hprc4_L100000_4239	HG00438.2	HG00438#2#JAHBCA010000064.1	1579892	100000
hprc4_L100000_4240	HG00621.2	HG00621#2#JAHBCC010000018.1	87203837	100000
hprc4_L100000_4241	HG00621.1	HG00621#1#JAHBCD010000011.1	3964804	100000
hprc4_L100000_4242	HG00621.1	HG00621#1#JAHBCD010000025.1	28094320	100000
hprc4_L100000_4243	HG00621.2	HG00621#2#JAHBCC010000055.1	35657829	100000
hprc4_L100000_4244	HG00621.2	HG00621#2#JAHBCC010000067.1	9785033	100000
hprc4_L100000_4245	HG00438.1	HG00438#1#JAHBCB010000050.1	4699764	100000
hprc4_L100000_4246	HG00621.1	HG00621#1#JAHBCD010000064.1	45411883	100000
hprc4_L100000_4247	HG00621.1	HG00621#1#JAHBCD010000082.1	12777083	100000
hprc4_L100000_4248	HG00621.2	HG00621#2#JAHBCC010000022.1	67248134	100000
hprc4_L100000_4249	HG00621.2	HG00621#2#JAHBCC010000006.1	71238463	100000
hprc4_L100000_4250	HG00438.2	HG00438#2#JAHBCA010000020.1	12996410	100000
hprc4_L100000_4251	HG00621.1	HG00621#1#JAHBCD010000046.1	8141348	100000
hprc4_L100000_4252	HG00621.2	HG00621#2#JAHBCC010000037.1	20825873	100000
hprc4_L100000_4253	HG00438.2	HG00438#2#JAHBCA010000020.1	33647604	100000
hprc4_L100000_4254	HG00621.1	HG00621#1#JAHBCD010000024.1	13618341	100000
hprc4_L100000_4255	HG00438.2	HG00438#2#JAHBCA010000002.1	53781323	100000
hprc4_L100000_4256	HG00621.2	HG00621#2#JAHBCC010000005.1	48217355	100000
hprc4_L100000_4257	HG00621.1	HG00621#1#JAHBCD010000041.1	62833276	100000
hprc4_L100000_4258	HG00621.2	HG00621#2#JAHBCC010000048.1	34203089	100000
hprc4_L100000_4259	HG00621.2	HG00621#2#JAHBCC010000022.1	101557693	100000
hprc4_L100000_4260	HG00621.2	HG00621#2#JAHBCC010000048.1	18864249	100000
hprc4_L100000_4261	HG00621.1	HG00621#1#JAHBCD010000041.1	58149186	100000
hprc4_L100000_4262	HG00438.2	HG00438#2#JAHBCA010000036.1	1429556	100000
hprc4_L100000_4263	HG00621.2	HG00621#2#JAHBCC010000022.1	74703419	100000
hprc4_L100000_4264	HG00621.1	HG00621#1#JAHBCD010000005.1	35486984	100000
hprc4_L100000_4265	HG00621.1	HG00621#1#JAHBCD010000031.1	30735108	100000
hprc4_L100000_4266	HG00621.1	HG00621#1#JAHBCD010000015.1	2715084	100000
hprc4_L100000_4267	HG00621.2	HG00621#2#JAHBCC010000072.1	26052582	100000
hprc4_L100000_4268	HG00438.1	HG00438#1#JAHBCB010000015.1	32855060	100000
hprc4_L100000_4269	HG00621.2	HG00621#2#JAHBCC010000055.1	4537913	100000
hprc4_L100000_4270	HG00438.1	HG00438#1#JAHBCB010000024.1	74586335	100000
hprc4_L100000_4271	HG00621.2	HG00621#2#JAHBCC010000018.1	20526030	100000
hprc4_L100000_4272	HG00438.2	HG00438#2#JAHBCA010000030.1	19109049	100000
hprc4_L100000_4273	HG00438.2	HG00438#2#JAHBCA010000012.1	36362069	100000
hprc4_L100000_4274	HG00621.2	HG00621#2#JAHBCC010000039.1	73500891	100000
hprc4_L100000_4275	HG00621.1	HG00621#1#JAHBCD010000048.1	26188024	100000
hprc4_L100000_4276	HG00438.2	HG00438#2#JAHBCA010000004.1	32337489	100000
hprc4_L100000_4277	HG00438.2	HG00438#2#JAHBCA010000005.1	89763324	100000
hprc4_L100000_4278	HG00621.1	HG00621#1#JAHBCD010000002.1	36291512	100000
hprc4_L100000_4279	HG00621.1	HG00621#1#JAHBCD010000011.1	14467243	100000
hprc4_L100000_4280	HG00621.1	HG00621#1#JAHBCD010000041.1	9197379	100000
hprc4_L100000_4281	HG00438.1	HG00438#1#JAHBCB010000018.1	14209960	100000
hprc4_L100000_4282	HG00621.2	HG00621#2#JAHBCC010000014.1	16996188	100000
hprc4_L100000_4283	HG00438.1	HG00438#1#JAHBCB010000050.1	560427	100000
hprc4_L100000_4284	HG00621.1	HG00621#1#JAHBCD010000034.1	28493714	100000
hprc4_L100000_4285	HG00621.1	HG00621#1#JAHBCD010000014.1	1628234	100000
hprc4_L100000_4286	HG00621.1	HG00621#1#JAHBCD010000016.1	82307584	100000
hprc4_L100000_4287	HG00438.1	HG00438#1#JAHBCB010000057.1	30061156	100000
hprc4_L100000_4288	HG00621.1	HG00621#1#JAHBCD010000011.1	48754754	100000
hprc4_L100000_4289	HG00621.2	HG00621#2#JAHBCC010000195.1	836	100000
hprc4_L100000_4290	HG00438.1	HG00438#1#JAHBCB010000015.1	20635149	100000
hprc4_L100000_4291	HG00621.1	HG00621#1#JAHBCD010000026.1	20552148	100000
hprc4_L100000_4292	HG00438.1	HG00438#1#JAHBCB010000004.1	20357864	100000
hprc4_L100000_4293	HG00438.2	HG00438#2#JAHBCA010000033.1	13846510	100000
hprc4_L100000_4294	HG00621.2	HG00621#2#JAHBCC010000006.1	137498915	100000
hprc4_L100000_4295	HG00438.2	HG00438#2#JAHBCA010000026.1	10488576	100000
hprc4_L100000_4296	HG00621.1	HG00621#1#JAHBCD010000025.1	15793036	100000
hprc4_L100000_4297	HG00438.1	HG00438#1#JAHBCB010000032.1	45529403	100000
hprc4_L100000_4298	HG00621.2	HG00621#2#JAHBCC010000060.1	38657268	100000
hprc4_L100000_4299	HG00621.2	HG00621#2#JAHBCC010000078.1	12777880	100000
hprc4_L100000_4300	HG00438.1	HG00438#1#JAHBCB010000061.1	1478296	100000
hprc4_L100000_4301	HG00438.1	HG00438#1#JAHBCB010000003.1	64037381	100000
hprc4_L100000_4302	HG00621.2	HG00621#2#JAHBCC010000060.1	30903385	100000
hprc4_L100000_4303	HG00621.2	HG00621#2#JAHBCC010000001.1	6118196	100000
hprc4_L100000_4304	HG00621.2	HG00621#2#JAHBCC010000076.1	18284365	100000
hprc4_L100000_4305	HG00438.1	HG00438#1#JAHBCB010000066.1	13483525	100000
hprc4_L100000_4306	HG00621.1	HG00621#1#JAHBCD010000099.1	86221	100000
hprc4_L100000_4307	HG00438.1	HG00438#1#JAHBCB010000015.1	17053264	100000
hprc4_L100000_4308	HG00438.2	HG00438#2#JAHBCA010000068.1	1229294	100000
hprc4_L100000_4309	HG00438.2	HG00438#2#JAHBCA010000011.1	66073487	100000
hprc4_L100000_4310	HG00621.2	HG00621#2#JAHBCC010000033.1	33642845	100000
hprc4_L100000_4311	HG00621.1	HG00621#1#JAHBCD010000064.1	53949197	100000
hprc4_L100000_4312	HG00438.1	HG00438#1#JAHBCB010000037.1	48000755	100000
hprc4_L100000_4313	HG00438.2	HG00438#2#JAHBCA010000016.1	54293557	100000
hprc4_L100000_4314	HG00621.1	HG00621#1#JAHBCD010000034.1	21274853	100000
hprc4_L100000_4315	HG00621.2	HG00621#2#JAHBCC010000006.1	130464991	100000
hprc4_L100000_4316	HG00438.1	HG00438#1#JAHBCB010000022.1	58993718	100000
hprc4_L100000_4317	HG00438.1	HG00438#1#JAHBCB010000040.1	17342665	100000
hprc4_L100000_4318	HG00438.1	HG00438#1#JAHBCB010000065.1	15068467	100000
hprc4_L100000_4319	HG00621.2	HG00621#2#JAHBCC010000039.1	75211642	100000
hprc4_L100000_4320	HG00438.1	HG00438#1#JAHBCB010000015.1	35948344	100000
hprc4_L100000_4321	HG00621.1	HG00621#1#JAHBCD010000033.1	51641694	100000
hprc4_L100000_4322	HG00438.2	HG00438#2#JAHBCA010000019.1	44932515	100000
hprc4_L100000_4323	HG00438.2	HG00438#2#JAHBCA010000053.1	47809420	100000
hprc4_L100000_4324	HG00621.1	HG00621#1#JAHBCD010000041.1	75966712	100000
hprc4_L100000_4325	HG00621.1	HG00621#1#JAHBCD010000014.1	41094163	100000
hprc4_L100000_4326	HG00438.2	HG00438#2#JAHBCA010000069.1	9933315	100000
hprc4_L100000_4327	HG00621.1	HG00621#1#JAHBCD010000050.1	1329631	100000
hprc4_L100000_4328	HG00438.1	HG00438#1#JAHBCB010000013.1	7952999	100000
hprc4_L100000_4329	HG00438.1	HG00438#1#JAHBCB010000035.1	2867209	100000
hprc4_L100000_4330	HG00438.2	HG00438#2#JAHBCA010000151.1	515906	100000
hprc4_L100000_4331	HG00438.2	HG00438#2#JAHBCA010000052.1	18497335	100000
hprc4_L100000_4332	HG00621.1	HG00621#1#JAHBCD010000022.1	62161345	100000
hprc4_L100000_4333	HG00438.1	HG00438#1#JAHBCB010000090.1	5489240	100000
hprc4_L100000_4334	HG00621.1	HG00621#1#JAHBCD010000047.1	6223998	100000
hprc4_L100000_4335	HG00438.1	HG00438#1#JAHBCB010000011.1	11266515	100000
hprc4_L100000_4336	HG00438.2	HG00438#2#JAHBCA010000057.1	29349173	100000
hprc4_L100000_4337	HG00438.1	HG00438#1#JAHBCB010000045.1	28119984	100000
hprc4_L100000_4338	HG00438.1	HG00438#1#JAHBCB010000100.1	1209071	100000
hprc4_L100000_4339	HG00621.1	HG00621#1#JAHBCD010000005.1	67432764	100000
hprc4_L100000_4340	HG00621.2	HG00621#2#JAHBCC010000006.1	90200821	100000
hprc4_L100000_4341	HG00621.1	HG00621#1#JAHBCD010000005.1	79538779	100000
hprc4_L100000_4342	HG00621.2	HG00621#2#JAHBCC010000028.1	43236024	100000
hprc4_L100000_4343	HG00621.2	HG00621#2#JAHBCC010000007.1	15972263	100000
hprc4_L100000_4344	HG00438.2	HG00438#2#JAHBCA010000054.1	19956575	100000
hprc4_L100000_4345	HG00438.2	HG00438#2#JAHBCA010000133.1	688236	100000
hprc4_L100000_4346	HG00438.2	HG00438#2#JAHBCA010000084.1	1050111	100000
hprc4_L100000_4347	HG00621.2	HG00621#2#JAHBCC010000042.1	199123	100000
hprc4_L100000_4348	HG00621.2	HG00621#2#JAHBCC010000012.1	2814535	100000
hprc4_L100000_4349	HG00621.1	HG00621#1#JAHBCD010000050.1	55151027	100000
hprc4_L100000_4350	HG00621.2	HG00621#2#JAHBCC010000033.1	8054274	100000
hprc4_L100000_4351	HG00438.1	HG00438#1#JAHBCB010000037.1	73530786	100000
hprc4_L100000_4352	HG00438.1	HG00438#1#JAHBCB010000015.1	24522585	100000
hprc4_L100000_4353	HG00621.1	HG00621#1#JAHBCD010000072.1	9240015	100000
hprc4_L100000_4354	HG00438.2	HG00438#2#JAHBCA010000057.1	20614040	100000
hprc4_L100000_4355	HG00621.2	HG00621#2#JAHBCC010000028.1	33972203	100000
hprc4_L100000_4356	HG00621.2	HG00621#2#JAHBCC010000006.1	42713696	100000
hprc4_L100000_4357	HG00621.1	HG00621#1#JAHBCD010000002.1	69538977	100000
hprc4_L100000_4358	HG00438.1	HG00438#1#JAHBCB010000075.1	6668776	100000
hprc4_L100000_4359	HG00621.1	HG00621#1#JAHBCD010000029.1	19221324	100000
hprc4_L100000_4360	HG00438.1	HG00438#1#JAHBCB010000018.1	64314090	100000
hprc4_L100000_4361	HG00438.1	HG00438#1#JAHBCB010000047.1	14187764	100000
hprc4_L100000_4362	HG00621.2	HG00621#2#JAHBCC010000006.1	5346267	100000
hprc4_L100000_4363	HG00438.1	HG00438#1#JAHBCB010000024.1	40166589	100000
hprc4_L100000_4364	HG00621.2	HG00621#2#JAHBCC010000008.1	42918376	100000
hprc4_L100000_4365	HG00438.2	HG00438#2#JAHBCA010000030.1	10966390	100000
hprc4_L100000_4366	HG00621.1	HG00621#1#JAHBCD010000058.1	7113207	100000
hprc4_L100000_4367	HG00621.2	HG00621#2#JAHBCC010000070.1	10145105	100000
hprc4_L100000_4368	HG00438.2	HG00438#2#JAHBCA010000035.1	52543593	100000
hprc4_L100000_4369	HG00438.2	HG00438#2#JAHBCA010000089.1	26975246	100000
hprc4_L100000_4370	HG00621.1	HG00621#1#JAHBCD010000047.1	75336214	100000
hprc4_L100000_4371	HG00438.2	HG00438#2#JAHBCA010000128.1	1855664	100000
hprc4_L100000_4372	HG00438.2	HG00438#2#JAHBCA010000035.1	14855224	100000
hprc4_L100000_4373	HG00621.2	HG00621#2#JAHBCC010000056.1	9272854	100000
hprc4_L100000_4374	HG00621.2	HG00621#2#JAHBCC010000005.1	39504686	100000
hprc4_L100000_4375	HG00621.1	HG00621#1#JAHBCD010000064.1	55221074	100000
hprc4_L100000_4376	HG00621.1	HG00621#1#JAHBCD010000008.1	44565328	100000
hprc4_L100000_4377	HG00621.1	HG00621#1#JAHBCD010000079.1	1737068	100000
hprc4_L100000_4378	HG00438.2	HG00438#2#JAHBCA010000070.1	11671378	100000
hprc4_L100000_4379	HG00621.2	HG00621#2#JAHBCC010000046.1	672058	100000
hprc4_L100000_4380	HG00621.2	HG00621#2#JAHBCC010000028.1	39960085	100000
hprc4_L100000_4381	HG00621.1	HG00621#1#JAHBCD010000031.1	53147552	100000
hprc4_L100000_4382	HG00438.2	HG00438#2#JAHBCA010000002.1	111868859	100000
hprc4_L100000_4383	HG00438.1	HG00438#1#JAHBCB010000017.1	8634911	100000
hprc4_L100000_4384	HG00438.2	HG00438#2#JAHBCA010000076.1	13624864	100000
hprc4_L100000_4385	HG00438.2	HG00438#2#JAHBCA010000046.1	15863278	100000
hprc4_L100000_4386	HG00438.2	HG00438#2#JAHBCA010000008.1	59455073	100000
hprc4_L100000_4387	HG00621.1	HG00621#1#JAHBCD010000007.1	25730477	100000
hprc4_L100000_4388	HG00621.1	HG00621#1#JAHBCD010000041.1	50776320	100000
hprc4_L100000_4389	HG00621.1	HG00621#1#JAHBCD010000011.1	42902864	100000
hprc4_L100000_4390	HG00621.1	HG00621#1#JAHBCD010000081.1	13913172	100000
hprc4_L100000_4391	HG00621.2	HG00621#2#JAHBCC010000042.1	966004	100000
hprc4_L100000_4392	HG00438.1	HG00438#1#JAHBCB010000097.1	1393477	100000
hprc4_L100000_4393	HG00621.1	HG00621#1#JAHBCD010000048.1	12287173	100000
hprc4_L100000_4394	HG00438.2	HG00438#2#JAHBCA010000025.1	26096624	100000
hprc4_L100000_4395	HG00438.1	HG00438#1#JAHBCB010000032.1	7074496	100000
hprc4_L100000_4396	HG00621.2	HG00621#2#JAHBCC010000062.1	32414822	100000
hprc4_L100000_4397	HG00438.2	HG00438#2#JAHBCA010000086.1	13551078	100000
hprc4_L100000_4398	HG00438.2	HG00438#2#JAHBCA010000043.1	31035351	100000
hprc4_L100000_4399	HG00621.1	HG00621#1#JAHBCD010000017.1	38953487	100000
hprc4_L100000_4400	HG00438.1	HG00438#1#JAHBCB010000003.1	109753291	100000
hprc4_L100000_4401	HG00621.2	HG00621#2#JAHBCC010000040.1	11318708	100000
hprc4_L100000_4402	HG00438.2	HG00438#2#JAHBCA010000092.1	1093176	100000
hprc4_L100000_4403	HG00621.2	HG00621#2#JAHBCC010000055.1	13836584	100000
hprc4_L100000_4404	HG00621.1	HG00621#1#JAHBCD010000052.1	39088871	100000
hprc4_L100000_4405	HG00438.1	HG00438#1#JAHBCB010000016.1	24901467	100000
hprc4_L100000_4406	HG00438.1	HG00438#1#JAHBCB010000062.1	18004178	100000
hprc4_L100000_4407	HG00438.1	HG00438#1#JAHBCB010000003.1	125967286	100000
hprc4_L100000_4408	HG00621.2	HG00621#2#JAHBCC010000066.1	59004385	100000
hprc4_L100000_4409	HG00621.2	HG00621#2#JAHBCC010000051.1	18192353	100000
hprc4_L100000_4410	HG00438.1	HG00438#1#JAHBCB010000004.1	13069345	100000
hprc4_L100000_4411	HG00621.1	HG00621#1#JAHBCD010000067.1	2448997	100000
hprc4_L100000_4412	HG00438.2	HG00438#2#JAHBCA010000025.1	5307232	100000
hprc4_L100000_4413	HG00438.2	HG00438#2#JAHBCA010000044.1	4702624	100000
hprc4_L100000_4414	HG00438.1	HG00438#1#JAHBCB010000003.1	26887916	100000
hprc4_L100000_4415	HG00438.1	HG00438#1#JAHBCB010000062.1	13882588	100000
hprc4_L100000_4416	HG00621.1	HG00621#1#JAHBCD010000008.1	34785641	100000
hprc4_L100000_4417	HG00438.1	HG00438#1#JAHBCB010000108.1	152164	100000
hprc4_L100000_4418	HG00621.1	HG00621#1#JAHBCD010000025.1	6086362	100000
hprc4_L100000_4419	HG00438.1	HG00438#1#JAHBCB010000037.1	82341482	100000
hprc4_L100000_4420	HG00621.1	HG00621#1#JAHBCD010000033.1	16895901	100000
hprc4_L100000_4421	HG00438.1	HG00438#1#JAHBCB010000030.1	23366245	100000
hprc4_L100000_4422	HG00621.2	HG00621#2#JAHBCC010000004.1	39430711	100000
hprc4_L100000_4423	HG00438.2	HG00438#2#JAHBCA010000005.1	16686956	100000
hprc4_L100000_4424	HG00438.2	HG00438#2#JAHBCA010000057.1	16960951	100000
hprc4_L100000_4425	HG00438.2	HG00438#2#JAHBCA010000005.1	58862111	100000
hprc4_L100000_4426	HG00438.1	HG00438#1#JAHBCB010000155.1	91463	100000
hprc4_L100000_4427	HG00621.2	HG00621#2#JAHBCC010000042.1	7922753	100000
hprc4_L100000_4428	HG00621.2	HG00621#2#JAHBCC010000027.1	14613782	100000
hprc4_L100000_4429	HG00438.1	HG00438#1#JAHBCB010000019.1	73206652	100000
hprc4_L100000_4430	HG00438.1	HG00438#1#JAHBCB010000001.1	24925936	100000
hprc4_L100000_4431	HG00438.2	HG00438#2#JAHBCA010000012.1	81187914	100000
hprc4_L100000_4432	HG00438.1	HG00438#1#JAHBCB010000024.1	75921928	100000
hprc4_L100000_4433	HG00438.2	HG00438#2#JAHBCA010000024.1	16054883	100000
hprc4_L100000_4434	HG00438.1	HG00438#1#JAHBCB010000031.1	24584843	100000
hprc4_L100000_4435	HG00621.1	HG00621#1#JAHBCD010000037.1	42060898	100000
hprc4_L100000_4436	HG00438.1	HG00438#1#JAHBCB010000022.1	34895448	100000
hprc4_L100000_4437	HG00621.2	HG00621#2#JAHBCC010000060.1	14180957	100000
hprc4_L100000_4438	HG00621.2	HG00621#2#JAHBCC010000055.1	2889881	100000
hprc4_L100000_4439	HG00438.2	HG00438#2#JAHBCA010000071.1	17593136	100000
hprc4_L100000_4440	HG00438.1	HG00438#1#JAHBCB010000010.1	32555269	100000
hprc4_L100000_4441	HG00438.1	HG00438#1#JAHBCB010000037.1	5253099	100000
hprc4_L100000_4442	HG00621.1	HG00621#1#JAHBCD010000172.1	52200	100000
hprc4_L100000_4443	HG00438.1	HG00438#1#JAHBCB010000008.1	29686023	100000
hprc4_L100000_4444	HG00621.2	HG00621#2#JAHBCC010000013.1	6749049	100000
hprc4_L100000_4445	HG00438.1	HG00438#1#JAHBCB010000065.1	5155730	100000
hprc4_L100000_4446	HG00621.2	HG00621#2#JAHBCC010000003.1	12174202	100000
hprc4_L100000_4447	HG00438.2	HG00438#2#JAHBCA010000011.1	3497525	100000
hprc4_L100000_4448	HG00621.2	HG00621#2#JAHBCC010000036.1	26045301	100000
hprc4_L100000_4449	HG00621.1	HG00621#1#JAHBCD010000085.1	3496173	100000
hprc4_L100000_4450	HG00621.1	HG00621#1#JAHBCD010000024.1	63706898	100000
hprc4_L100000_4451	HG00438.1	HG00438#1#JAHBCB010000030.1	23717642	100000
hprc4_L100000_4452	HG00438.2	HG00438#2#JAHBCA010000002.1	105609103	100000
hprc4_L100000_4453	HG00438.1	HG00438#1#JAHBCB010000036.1	1529636	100000
hprc4_L100000_4454	HG00438.1	HG00438#1#JAHBCB010000044.1	9503375	100000
hprc4_L100000_4455	HG00438.2	HG00438#2#JAHBCA010000002.1	59214784	100000
hprc4_L100000_4456	HG00621.1	HG00621#1#JAHBCD010000017.1	25964315	100000
hprc4_L100000_4457	HG00438.1	HG00438#1#JAHBCB010000022.1	13379793	100000
hprc4_L100000_4458	HG00438.1	HG00438#1#JAHBCB010000015.1	53548665	100000
hprc4_L100000_4459	HG00438.2	HG00438#2#JAHBCA010000052.1	14937400	100000
hprc4_L100000_4460	HG00438.2	HG00438#2#JAHBCA010000040.1	50923719	100000
hprc4_L100000_4461	HG00621.1	HG00621#1#JAHBCD010000026.1	13655194	100000
hprc4_L100000_4462	HG00438.1	HG00438#1#JAHBCB010000037.1	28082270	100000
hprc4_L100000_4463	HG00438.1	HG00438#1#JAHBCB010000005.1	22739108	100000
hprc4_L100000_4464	HG00621.1	HG00621#1#JAHBCD010000063.1	10512597	100000
hprc4_L100000_4465	HG00621.1	HG00621#1#JAHBCD010000006.1	11412823	100000
hprc4_L100000_4466	HG00621.1	HG00621#1#JAHBCD010000001.1	75878111	100000
hprc4_L100000_4467	HG00621.2	HG00621#2#JAHBCC010000018.1	69772577	100000
hprc4_L100000_4468	HG00438.1	HG00438#1#JAHBCB010000045.1	12158994	100000
hprc4_L100000_4469	HG00621.1	HG00621#1#JAHBCD010000021.1	23557931	100000
hprc4_L100000_4470	HG00438.1	HG00438#1#JAHBCB010000018.1	61314909	100000
hprc4_L100000_4471	HG00621.1	HG00621#1#JAHBCD010000088.1	2234494	100000
hprc4_L100000_4472	HG00438.2	HG00438#2#JAHBCA010000012.1	8085626	100000
hprc4_L100000_4473	HG00438.2	HG00438#2#JAHBCA010000019.1	11328895	100000
hprc4_L100000_4474	HG00438.1	HG00438#1#JAHBCB010000046.1	24373721	100000
hprc4_L100000_4475	HG00621.2	HG00621#2#JAHBCC010000048.1	34369560	100000
hprc4_L100000_4476	HG00438.2	HG00438#2#JAHBCA010000024.1	23554132	100000
hprc4_L100000_4477	HG00438.1	HG00438#1#JAHBCB010000019.1	7961078	100000
hprc4_L100000_4478	HG00438.2	HG00438#2#JAHBCA010000021.1	700481	100000
hprc4_L100000_4479	HG00621.1	HG00621#1#JAHBCD010000012.1	6158520	100000
hprc4_L100000_4480	HG00438.2	HG00438#2#JAHBCA010000008.1	66477752	100000
hprc4_L100000_4481	HG00438.2	HG00438#2#JAHBCA010000033.1	27103265	100000
hprc4_L100000_4482	HG00621.2	HG00621#2#JAHBCC010000037.1	51305811	100000
hprc4_L100000_4483	HG00438.2	HG00438#2#JAHBCA010000008.1	19893963	100000
hprc4_L100000_4484	HG00621.1	HG00621#1#JAHBCD010000008.1	29358796	100000
hprc4_L100000_4485	HG00438.1	HG00438#1#JAHBCB010000069.1	2640702	100000
hprc4_L100000_4486	HG00438.1	HG00438#1#JAHBCB010000037.1	5048587	100000
hprc4_L100000_4487	HG00621.1	HG00621#1#JAHBCD010000100.1	6992972	100000
hprc4_L100000_4488	HG00438.1	HG00438#1#JAHBCB010000015.1	79667679	100000
hprc4_L100000_4489	HG00621.2	HG00621#2#JAHBCC010000034.1	12826565	100000
hprc4_L100000_4490	HG00621.1	HG00621#1#JAHBCD010000011.1	6907619	100000
hprc4_L100000_4491	HG00438.2	HG00438#2#JAHBCA010000055.1	17148392	100000
hprc4_L100000_4492	HG00621.1	HG00621#1#JAHBCD010000025.1	27342122	100000
hprc4_L100000_4493	HG00438.2	HG00438#2#JAHBCA010000036.1	16020785	100000
hprc4_L100000_4494	HG00438.1	HG00438#1#JAHBCB010000024.1	45455005	100000
hprc4_L100000_4495	HG00621.2	HG00621#2#JAHBCC010000039.1	76571511	100000
hprc4_L100000_4496	HG00621.2	HG00621#2#JAHBCC010000009.1	19971303	100000
hprc4_L100000_4497	HG00621.1	HG00621#1#JAHBCD010000019.1	45613571	100000
hprc4_L100000_4498	HG00438.2	HG00438#2#JAHBCA010000014.1	34732204	100000
hprc4_L100000_4499	HG00621.2	HG00621#2#JAHBCC010000033.1	38681036	100000
hprc4_L100000_4500	HG00438.1	HG00438#1#JAHBCB010000008.1	39628128	100000
hprc4_L100000_4501	HG00438.1	HG00438#1#JAHBCB010000005.1	28406165	100000
hprc4_L100000_4502	HG00438.2	HG00438#2#JAHBCA010000049.1	721713	100000
hprc4_L100000_4503	HG00621.2	HG00621#2#JAHBCC010000068.1	6131823	100000
hprc4_L100000_4504	HG00621.2	HG00621#2#JAHBCC010000045.1	33907252	100000
hprc4_L100000_4505	HG00438.2	HG00438#2#JAHBCA010000025.1	17371341	100000
hprc4_L100000_4506	HG00621.1	HG00621#1#JAHBCD010000034.1	12019443	100000
hprc4_L100000_4507	HG00621.1	HG00621#1#JAHBCD010000014.1	55723062	100000
hprc4_L100000_4508	HG00438.1	HG00438#1#JAHBCB010000022.1	34944054	100000
hprc4_L100000_4509	HG00438.1	HG00438#1#JAHBCB010000036.1	10679524	100000
hprc4_L100000_4510	HG00621.2	HG00621#2#JAHBCC010000104.1	2823516	100000
hprc4_L100000_4511	HG00621.2	HG00621#2#JAHBCC010000016.1	3571691	100000
hprc4_L100000_4512	HG00438.1	HG00438#1#JAHBCB010000016.1	59711785	100000
hprc4_L100000_4513	HG00438.2	HG00438#2#JAHBCA010000036.1	16430457	100000
hprc4_L100000_4514	HG00438.2	HG00438#2#JAHBCA010000149.1	1052224	100000
hprc4_L100000_4515	HG00621.2	HG00621#2#JAHBCC010000020.1	43464197	100000
hprc4_L100000_4516	HG00621.1	HG00621#1#JAHBCD010000008.1	24423969	100000
hprc4_L100000_4517	HG00621.2	HG00621#2#JAHBCC010000033.1	54822168	100000
hprc4_L100000_4518	HG00621.2	HG00621#2#JAHBCC010000058.1	10147648	100000
hprc4_L100000_4519	HG00438.2	HG00438#2#JAHBCA010000008.1	30129416	100000
hprc4_L100000_4520	HG00438.2	HG00438#2#JAHBCA010000043.1	50491608	100000
hprc4_L100000_4521	HG00438.2	HG00438#2#JAHBCA010000005.1	16975877	100000
hprc4_L100000_4522	HG00438.1	HG00438#1#JAHBCB010000024.1	38808466	100000
hprc4_L100000_4523	HG00621.1	HG00621#1#JAHBCD010000063.1	6096752	100000
hprc4_L100000_4524	HG00621.2	HG00621#2#JAHBCC010000017.1	2202861	100000
hprc4_L100000_4525	HG00621.1	HG00621#1#JAHBCD010000001.1	11939882	100000
hprc4_L100000_4526	HG00621.2	HG00621#2#JAHBCC010000020.1	22372858	100000
hprc4_L100000_4527	HG00438.1	HG00438#1#JAHBCB010000021.1	32757626	100000
hprc4_L100000_4528	HG00621.2	HG00621#2#JAHBCC010000062.1	20611466	100000
hprc4_L100000_4529	HG00438.1	HG00438#1#JAHBCB010000092.1	11080937	100000
hprc4_L100000_4530	HG00621.1	HG00621#1#JAHBCD010000003.1	4049915	100000
hprc4_L100000_4531	HG00438.2	HG00438#2#JAHBCA010000008.1	15771070	100000
hprc4_L100000_4532	HG00621.1	HG00621#1#JAHBCD010000062.1	7580604	100000
hprc4_L100000_4533	HG00438.2	HG00438#2#JAHBCA010000005.1	35734144	100000
hprc4_L100000_4534	HG00621.2	HG00621#2#JAHBCC010000028.1	7807917	100000
hprc4_L100000_4535	HG00438.1	HG00438#1#JAHBCB010000018.1	98596644	100000
hprc4_L100000_4536	HG00438.1	HG00438#1#JAHBCB010000006.1	41418563	100000
hprc4_L100000_4537	HG00438.2	HG00438#2#JAHBCA010000052.1	7658407	100000
hprc4_L100000_4538	HG00438.2	HG00438#2#JAHBCA010000005.1	34186651	100000
hprc4_L100000_4539	HG00621.1	HG00621#1#JAHBCD010000008.1	47636465	100000
hprc4_L100000_4540	HG00621.2	HG00621#2#JAHBCC010000060.1	12461534	100000
hprc4_L100000_4541	HG00438.1	HG00438#1#JAHBCB010000024.1	61865963	100000
hprc4_L100000_4542	HG00438.2	HG00438#2#JAHBCA010000005.1	49680032	100000
hprc4_L100000_4543	HG00438.1	HG00438#1#JAHBCB010000019.1	95590057	100000
hprc4_L100000_4544	HG00621.2	HG00621#2#JAHBCC010000009.1	21378023	100000
hprc4_L100000_4545	HG00621.2	HG00621#2#JAHBCC010000087.1	2185098	100000
hprc4_L100000_4546	HG00438.1	HG00438#1#JAHBCB010000024.1	88207428	100000
hprc4_L100000_4547	HG00438.1	HG00438#1#JAHBCB010000008.1	20272495	100000
hprc4_L100000_4548	HG00621.2	HG00621#2#JAHBCC010000060.1	9108024	100000
hprc4_L100000_4549	HG00621.2	HG00621#2#JAHBCC010000048.1	43972076	100000
hprc4_L100000_4550	HG00621.2	HG00621#2#JAHBCC010000039.1	27555259	100000
hprc4_L100000_4551	HG00438.2	HG00438#2#JAHBCA010000059.1	1551065	100000
hprc4_L100000_4552	HG00621.1	HG00621#1#JAHBCD010000034.1	31875957	100000
hprc4_L100000_4553	HG00438.2	HG00438#2#JAHBCA010000004.1	43203280	100000
hprc4_L100000_4554	HG00621.1	HG00621#1#JAHBCD010000013.1	4204590	100000
hprc4_L100000_4555	HG00438.2	HG00438#2#JAHBCA010000001.1	43374199	100000
hprc4_L100000_4556	HG00621.2	HG00621#2#JAHBCC010000018.1	31616451	100000
hprc4_L100000_4557	HG00438.2	HG00438#2#JAHBCA010000005.1	57192350	100000
hprc4_L100000_4558	HG00438.2	HG00438#2#JAHBCA010000023.1	17047605	100000
hprc4_L100000_4559	HG00438.1	HG00438#1#JAHBCB010000092.1	6102906	100000
hprc4_L100000_4560	HG00438.2	HG00438#2#JAHBCA010000026.1	8444045	100000
hprc4_L100000_4561	HG00438.1	HG00438#1#JAHBCB010000072.1	16650757	100000
hprc4_L100000_4562	HG00438.1	HG00438#1#JAHBCB010000044.1	25358314	100000
hprc4_L100000_4563	HG00621.1	HG00621#1#JAHBCD010000002.1	4482739	100000
hprc4_L100000_4564	HG00438.2	HG00438#2#JAHBCA010000082.1	2204007	100000
hprc4_L100000_4565	HG00621.2	HG00621#2#JAHBCC010000048.1	36797823	100000
hprc4_L100000_4566	HG00621.2	HG00621#2#JAHBCC010000045.1	1102463	100000
hprc4_L100000_4567	HG00621.1	HG00621#1#JAHBCD010000076.1	1592239	100000
hprc4_L100000_4568	HG00438.1	HG00438#1#JAHBCB010000045.1	55244879	100000
hprc4_L100000_4569	HG00621.2	HG00621#2#JAHBCC010000016.1	14648591	100000
hprc4_L100000_4570	HG00438.2	HG00438#2#JAHBCA010000016.1	59845528	100000
hprc4_L100000_4571	HG00438.2	HG00438#2#JAHBCA010000018.1	27787768	100000
hprc4_L100000_4572	HG00621.2	HG00621#2#JAHBCC010000004.1	29980608	100000
hprc4_L100000_4573	HG00438.2	HG00438#2#JAHBCA010000016.1	8519084	100000
hprc4_L100000_4574	HG00438.2	HG00438#2#JAHBCA010000053.1	20654944	100000
hprc4_L100000_4575	HG00621.2	HG00621#2#JAHBCC010000025.1	12581532	100000
hprc4_L100000_4576	HG00621.1	HG00621#1#JAHBCD010000041.1	64136763	100000
hprc4_L100000_4577	HG00438.1	HG00438#1#JAHBCB010000030.1	2376754	100000
hprc4_L100000_4578	HG00438.1	HG00438#1#JAHBCB010000065.1	9704899	100000
hprc4_L100000_4579	HG00621.1	HG00621#1#JAHBCD010000062.1	22471978	100000
hprc4_L100000_4580	HG00621.2	HG00621#2#JAHBCC010000011.1	22262837	100000
hprc4_L100000_4581	HG00438.1	HG00438#1#JAHBCB010000015.1	29563604	100000
hprc4_L100000_4582	HG00621.2	HG00621#2#JAHBCC010000064.1	6683094	100000
hprc4_L100000_4583	HG00621.1	HG00621#1#JAHBCD010000033.1	51517517	100000
hprc4_L100000_4584	HG00621.1	HG00621#1#JAHBCD010000054.1	1838044	100000
hprc4_L100000_4585	HG00438.2	HG00438#2#JAHBCA010000022.1	20761775	100000
hprc4_L100000_4586	HG00621.1	HG00621#1#JAHBCD010000005.1	54969789	100000
hprc4_L100000_4587	HG00438.1	HG00438#1#JAHBCB010000075.1	9071568	100000
hprc4_L100000_4588	HG00438.1	HG00438#1#JAHBCB010000075.1	2102837	100000
hprc4_L100000_4589	HG00438.1	HG00438#1#JAHBCB010000165.1	43730	100000
hprc4_L100000_4590	HG00621.1	HG00621#1#JAHBCD010000016.1	2332434	100000
hprc4_L100000_4591	HG00621.1	HG00621#1#JAHBCD010000064.1	3420337	100000
hprc4_L100000_4592	HG00621.2	HG00621#2#JAHBCC010000022.1	4241700	100000
hprc4_L100000_4593	HG00438.1	HG00438#1#JAHBCB010000039.1	3886450	100000
hprc4_L100000_4594	HG00621.1	HG00621#1#JAHBCD010000022.1	32631083	100000
hprc4_L100000_4595	HG00621.1	HG00621#1#JAHBCD010000026.1	4372246	100000
hprc4_L100000_4596	HG00621.1	HG00621#1#JAHBCD010000001.1	35121723	100000
hprc4_L100000_4597	HG00621.1	HG00621#1#JAHBCD010000082.1	20881696	100000
hprc4_L100000_4598	HG00438.2	HG00438#2#JAHBCA010000088.1	6777210	100000
hprc4_L100000_4599	HG00438.2	HG00438#2#JAHBCA010000008.1	80604402	100000
hprc4_L100000_4600	HG00438.1	HG00438#1#JAHBCB010000082.1	5195564	100000
hprc4_L100000_4601	HG00438.1	HG00438#1#JAHBCB010000011.1	61679554	100000
hprc4_L100000_4602	HG00438.1	HG00438#1#JAHBCB010000068.1	11629796	100000
hprc4_L100000_4603	HG00438.2	HG00438#2#JAHBCA010000001.1	16276155	100000
hprc4_L100000_4604	HG00438.2	HG00438#2#JAHBCA010000010.1	27907628	100000
hprc4_L100000_4605	HG00621.1	HG00621#1#JAHBCD010000052.1	27297016	100000
hprc4_L100000_4606	HG00438.1	HG00438#1#JAHBCB010000019.1	17280968	100000
hprc4_L100000_4607	HG00438.2	HG00438#2#JAHBCA010000002.1	5456239	100000
hprc4_L100000_4608	HG00438.2	HG00438#2#JAHBCA010000045.1	21568833	100000
hprc4_L100000_4609	HG00438.1	HG00438#1#JAHBCB010000048.1	29445712	100000
hprc4_L100000_4610	HG00438.1	HG00438#1#JAHBCB010000036.1	1348880	100000
hprc4_L100000_4611	HG00438.2	HG00438#2#JAHBCA010000035.1	29889060	100000
hprc4_L100000_4612	HG00438.2	HG00438#2#JAHBCA010000004.1	32269264	100000
hprc4_L100000_4613	HG00438.1	HG00438#1#JAHBCB010000097.1	11022484	100000
hprc4_L100000_4614	HG00438.1	HG00438#1#JAHBCB010000032.1	13092222	100000
hprc4_L100000_4615	HG00438.2	HG00438#2#JAHBCA010000050.1	25696202	100000
hprc4_L100000_4616	HG00438.2	HG00438#2#JAHBCA010000024.1	24682629	100000
hprc4_L100000_4617	HG00621.2	HG00621#2#JAHBCC010000040.1	418057	100000
hprc4_L100000_4618	HG00621.2	HG00621#2#JAHBCC010000104.1	4781309	100000
hprc4_L100000_4619	HG00621.1	HG00621#1#JAHBCD010000022.1	30566775	100000
hprc4_L100000_4620	HG00438.1	HG00438#1#JAHBCB010000057.1	4344805	100000
hprc4_L100000_4621	HG00438.1	HG00438#1#JAHBCB010000019.1	4496943	100000
hprc4_L100000_4622	HG00438.2	HG00438#2#JAHBCA010000012.1	48645873	100000
hprc4_L100000_4623	HG00621.1	HG00621#1#JAHBCD010000014.1	39561654	100000
hprc4_L100000_4624	HG00621.1	HG00621#1#JAHBCD010000010.1	51140332	100000
hprc4_L100000_4625	HG00621.2	HG00621#2#JAHBCC010000028.1	2182447	100000
hprc4_L100000_4626	HG00438.1	HG00438#1#JAHBCB010000011.1	7050327	100000
hprc4_L100000_4627	HG00438.2	HG00438#2#JAHBCA010000083.1	2654160	100000
hprc4_L100000_4628	HG00438.2	HG00438#2#JAHBCA010000042.1	11194626	100000
hprc4_L100000_4629	HG00438.2	HG00438#2#JAHBCA010000030.1	7552669	100000
hprc4_L100000_4630	HG00438.2	HG00438#2#JAHBCA010000016.1	9885900	100000
hprc4_L100000_4631	HG00621.1	HG00621#1#JAHBCD010000009.1	4902661	100000
hprc4_L100000_4632	HG00438.1	HG00438#1#JAHBCB010000013.1	7080487	100000
hprc4_L100000_4633	HG00438.1	HG00438#1#JAHBCB010000057.1	5707273	100000
hprc4_L100000_4634	HG00438.1	HG00438#1#JAHBCB010000072.1	8010671	100000
hprc4_L100000_4635	HG00621.2	HG00621#2#JAHBCC010000071.1	1834701	100000
hprc4_L100000_4636	HG00621.1	HG00621#1#JAHBCD010000047.1	88254929	100000
hprc4_L100000_4637	HG00621.1	HG00621#1#JAHBCD010000047.1	48279862	100000
hprc4_L100000_4638	HG00621.2	HG00621#2#JAHBCC010000036.1	32188792	100000
hprc4_L100000_4639	HG00621.1	HG00621#1#JAHBCD010000064.1	21589809	100000
hprc4_L100000_4640	HG00438.2	HG00438#2#JAHBCA010000046.1	71976534	100000
hprc4_L100000_4641	HG00621.2	HG00621#2#JAHBCC010000006.1	45620128	100000
hprc4_L100000_4642	HG00438.2	HG00438#2#JAHBCA010000035.1	38654272	100000
hprc4_L100000_4643	HG00438.2	HG00438#2#JAHBCA010000070.1	11735103	100000
hprc4_L100000_4644	HG00438.2	HG00438#2#JAHBCA010000005.1	104360062	100000
hprc4_L100000_4645	HG00438.1	HG00438#1#JAHBCB010000057.1	6243892	100000
hprc4_L100000_4646	HG00621.2	HG00621#2#JAHBCC010000031.1	48005379	100000
hprc4_L100000_4647	HG00438.1	HG00438#1#JAHBCB010000042.1	12872385	100000
hprc4_L100000_4648	HG00438.1	HG00438#1#JAHBCB010000023.1	11617892	100000
hprc4_L100000_4649	HG00621.1	HG00621#1#JAHBCD010000006.1	35883791	100000
hprc4_L100000_4650	HG00621.1	HG00621#1#JAHBCD010000122.1	1392339	100000
hprc4_L100000_4651	HG00621.2	HG00621#2#JAHBCC010000072.1	22667377	100000
hprc4_L100000_4652	HG00621.2	HG00621#2#JAHBCC010000073.1	464212	100000
hprc4_L100000_4653	HG00438.2	HG00438#2#JAHBCA010000046.1	14753867	100000
hprc4_L100000_4654	HG00438.1	HG00438#1#JAHBCB010000016.1	17381991	100000
hprc4_L100000_4655	HG00438.2	HG00438#2#JAHBCA010000017.1	25141619	100000
hprc4_L100000_4656	HG00621.2	HG00621#2#JAHBCC010000006.1	61648245	100000
hprc4_L100000_4657	HG00621.1	HG00621#1#JAHBCD010000021.1	69283006	100000
hprc4_L100000_4658	HG00621.1	HG00621#1#JAHBCD010000047.1	3688225	100000
hprc4_L100000_4659	HG00621.2	HG00621#2#JAHBCC010000020.1	37093307	100000
hprc4_L100000_4660	HG00438.1	HG00438#1#JAHBCB010000041.1	23744938	100000
hprc4_L100000_4661	HG00621.1	HG00621#1#JAHBCD010000006.1	21457360	100000
hprc4_L100000_4662	HG00438.1	HG00438#1#JAHBCB010000031.1	27429623	100000
hprc4_L100000_4663	HG00621.2	HG00621#2#JAHBCC010000005.1	22466554	100000
hprc4_L100000_4664	HG00438.2	HG00438#2#JAHBCA010000046.1	904472	100000
hprc4_L100000_4665	HG00438.1	HG00438#1#JAHBCB010000020.1	26950410	100000
hprc4_L100000_4666	HG00621.2	HG00621#2#JAHBCC010000018.1	18880570	100000
hprc4_L100000_4667	HG00621.2	HG00621#2#JAHBCC010000021.1	8618456	100000
hprc4_L100000_4668	HG00438.2	HG00438#2#JAHBCA010000010.1	2378958	100000
hprc4_L100000_4669	HG00438.1	HG00438#1#JAHBCB010000039.1	4755412	100000
hprc4_L100000_4670	HG00438.2	HG00438#2#JAHBCA010000024.1	21487356	100000
hprc4_L100000_4671	HG00621.1	HG00621#1#JAHBCD010000019.1	24927908	100000
hprc4_L100000_4672	HG00621.1	HG00621#1#JAHBCD010000033.1	45862417	100000
hprc4_L100000_4673	HG00438.1	HG00438#1#JAHBCB010000041.1	30235620	100000
hprc4_L100000_4674	HG00438.2	HG00438#2#JAHBCA010000046.1	62834693	100000
hprc4_L100000_4675	HG00438.2	HG00438#2#JAHBCA010000035.1	77963204	100000
hprc4_L100000_4676	HG00621.2	HG00621#2#JAHBCC010000022.1	21256590	100000
hprc4_L100000_4677	HG00621.1	HG00621#1#JAHBCD010000002.1	82694723	100000
hprc4_L100000_4678	HG00621.1	HG00621#1#JAHBCD010000052.1	10366263	100000
hprc4_L100000_4679	HG00438.1	HG00438#1#JAHBCB010000022.1	42074845	100000
hprc4_L100000_4680	HG00621.2	HG00621#2#JAHBCC010000076.1	41390198	100000
hprc4_L100000_4681	HG00438.1	HG00438#1#JAHBCB010000025.1	20297622	100000
hprc4_L100000_4682	HG00621.2	HG00621#2#JAHBCC010000062.1	28042148	100000
hprc4_L100000_4683	HG00621.2	HG00621#2#JAHBCC010000014.1	40124766	100000
hprc4_L100000_4684	HG00438.2	HG00438#2#JAHBCA010000022.1	19373161	100000
hprc4_L100000_4685	HG00621.2	HG00621#2#JAHBCC010000048.1	47721037	100000
hprc4_L100000_4686	HG00621.2	HG00621#2#JAHBCC010000060.1	11225756	100000
hprc4_L100000_4687	HG00438.1	HG00438#1#JAHBCB010000024.1	4212472	100000
hprc4_L100000_4688	HG00621.2	HG00621#2#JAHBCC010000066.1	14173816	100000
hprc4_L100000_4689	HG00438.1	HG00438#1#JAHBCB010000008.1	36212600	100000
hprc4_L100000_4690	HG00438.2	HG00438#2#JAHBCA010000005.1	86467649	100000
hprc4_L100000_4691	HG00438.2	HG00438#2#JAHBCA010000012.1	63949185	100000
hprc4_L100000_4692	HG00438.2	HG00438#2#JAHBCA010000071.1	9277349	100000
hprc4_L100000_4693	HG00621.1	HG00621#1#JAHBCD010000016.1	26740408	100000
hprc4_L100000_4694	HG00621.1	HG00621#1#JAHBCD010000045.1	9859674	100000
hprc4_L100000_4695	HG00621.2	HG00621#2#JAHBCC010000051.1	24201027	100000
hprc4_L100000_4696	HG00438.1	HG00438#1#JAHBCB010000027.1	6176555	100000
hprc4_L100000_4697	HG00621.1	HG00621#1#JAHBCD010000052.1	25946792	100000
hprc4_L100000_4698	HG00438.1	HG00438#1#JAHBCB010000024.1	30329919	100000
hprc4_L100000_4699	HG00621.2	HG00621#2#JAHBCC010000064.1	14205843	100000
hprc4_L100000_4700	HG00621.2	HG00621#2#JAHBCC010000048.1	15006883	100000
hprc4_L100000_4701	HG00621.1	HG00621#1#JAHBCD010000005.1	50413355	100000
hprc4_L100000_4702	HG00438.2	HG00438#2#JAHBCA010000052.1	10950684	100000
hprc4_L100000_4703	HG00621.2	HG00621#2#JAHBCC010000018.1	77843686	100000
hprc4_L100000_4704	HG00621.1	HG00621#1#JAHBCD010000063.1	2241654	100000
hprc4_L100000_4705	HG00438.2	HG00438#2#JAHBCA010000032.1	44352277	100000
hprc4_L100000_4706	HG00438.1	HG00438#1#JAHBCB010000037.1	14512467	100000
hprc4_L100000_4707	HG00621.2	HG00621#2#JAHBCC010000076.1	7955945	100000
hprc4_L100000_4708	HG00621.1	HG00621#1#JAHBCD010000042.1	14236097	100000
hprc4_L100000_4709	HG00438.1	HG00438#1#JAHBCB010000011.1	79276924	100000
hprc4_L100000_4710	HG00621.2	HG00621#2#JAHBCC010000014.1	75252863	100000
hprc4_L100000_4711	HG00621.2	HG00621#2#JAHBCC010000065.1	26357457	100000
hprc4_L100000_4712	HG00621.1	HG00621#1#JAHBCD010000082.1	14284027	100000
hprc4_L100000_4713	HG00621.2	HG00621#2#JAHBCC010000022.1	97991816	100000
hprc4_L100000_4714	HG00621.1	HG00621#1#JAHBCD010000041.1	8423872	100000
hprc4_L100000_4715	HG00438.2	HG00438#2#JAHBCA010000051.1	2170391	100000
hprc4_L100000_4716	HG00438.1	HG00438#1#JAHBCB010000014.1	8945072	100000
hprc4_L100000_4717	HG00438.2	HG00438#2#JAHBCA010000005.1	64061864	100000
hprc4_L100000_4718	HG00621.2	HG00621#2#JAHBCC010000015.1	13532245	100000
hprc4_L100000_4719	HG00621.2	HG00621#2#JAHBCC010000028.1	2015706	100000
hprc4_L100000_4720	HG00621.2	HG00621#2#JAHBCC010000033.1	44412841	100000
hprc4_L100000_4721	HG00621.2	HG00621#2#JAHBCC010000017.1	14341627	100000
hprc4_L100000_4722	HG00438.1	HG00438#1#JAHBCB010000020.1	15895911	100000
hprc4_L100000_4723	HG00438.2	HG00438#2#JAHBCA010000025.1	540981	100000
hprc4_L100000_4724	HG00621.2	HG00621#2#JAHBCC010000005.1	59161782	100000
hprc4_L100000_4725	HG00438.1	HG00438#1#JAHBCB010000003.1	19316019	100000
hprc4_L100000_4726	HG00621.1	HG00621#1#JAHBCD010000038.1	5485274	100000
hprc4_L100000_4727	HG00621.1	HG00621#1#JAHBCD010000002.1	91508114	100000
hprc4_L100000_4728	HG00621.2	HG00621#2#JAHBCC010000033.1	86993910	100000
hprc4_L100000_4729	HG00438.1	HG00438#1#JAHBCB010000003.1	13357148	100000
hprc4_L100000_4730	HG00438.2	HG00438#2#JAHBCA010000048.1	31520400	100000
hprc4_L100000_4731	HG00438.1	HG00438#1#JAHBCB010000045.1	67918255	100000
hprc4_L100000_4732	HG00438.2	HG00438#2#JAHBCA010000050.1	9620401	100000
hprc4_L100000_4733	HG00438.2	HG00438#2#JAHBCA010000070.1	1930442	100000
hprc4_L100000_4734	HG00621.1	HG00621#1#JAHBCD010000007.1	2193511	100000
hprc4_L100000_4735	HG00621.2	HG00621#2#JAHBCC010000041.1	1536613	100000
hprc4_L100000_4736	HG00438.1	HG00438#1#JAHBCB010000024.1	66854557	100000
hprc4_L100000_4737	HG00438.1	HG00438#1#JAHBCB010000018.1	48734320	100000
hprc4_L100000_4738	HG00438.1	HG00438#1#JAHBCB010000004.1	7065134	100000
hprc4_L100000_4739	HG00621.1	HG00621#1#JAHBCD010000017.1	5557372	100000
hprc4_L100000_4740	HG00438.1	HG00438#1#JAHBCB010000047.1	15143717	100000
hprc4_L100000_4741	HG00621.2	HG00621#2#JAHBCC010000022.1	56183690	100000
hprc4_L100000_4742	HG00438.2	HG00438#2#JAHBCA010000052.1	41236852	100000
hprc4_L100000_4743	HG00438.2	HG00438#2#JAHBCA010000035.1	30249359	100000
hprc4_L100000_4744	HG00438.2	HG00438#2#JAHBCA010000003.1	22207288	100000
hprc4_L100000_4745	HG00438.2	HG00438#2#JAHBCA010000016.1	13262788	100000
hprc4_L100000_4746	HG00438.2	HG00438#2#JAHBCA010000055.1	8424585	100000
hprc4_L100000_4747	HG00438.1	HG00438#1#JAHBCB010000024.1	14829988	100000
hprc4_L100000_4748	HG00621.1	HG00621#1#JAHBCD010000029.1	37084344	100000
hprc4_L100000_4749	HG00438.2	HG00438#2#JAHBCA010000002.1	27131409	100000
hprc4_L100000_4750	HG00621.2	HG00621#2#JAHBCC010000066.1	31794733	100000
hprc4_L100000_4751	HG00438.1	HG00438#1#JAHBCB010000074.1	6332854	100000
hprc4_L100000_4752	HG00621.1	HG00621#1#JAHBCD010000033.1	46613872	100000
hprc4_L100000_4753	HG00621.1	HG00621#1#JAHBCD010000010.1	102974885	100000
hprc4_L100000_4754	HG00621.1	HG00621#1#JAHBCD010000056.1	2604058	100000
hprc4_L100000_4755	HG00621.2	HG00621#2#JAHBCC010000040.1	135932	100000
hprc4_L100000_4756	HG00621.1	HG00621#1#JAHBCD010000026.1	33833408	100000
hprc4_L100000_4757	HG00438.1	HG00438#1#JAHBCB010000015.1	37849264	100000
hprc4_L100000_4758	HG00438.1	HG00438#1#JAHBCB010000018.1	19086016	100000
hprc4_L100000_4759	HG00621.1	HG00621#1#JAHBCD010000025.1	7208871	100000
hprc4_L100000_4760	HG00621.2	HG00621#2#JAHBCC010000084.1	15783059	100000
hprc4_L100000_4761	HG00621.1	HG00621#1#JAHBCD010000024.1	62064369	100000
hprc4_L100000_4762	HG00621.2	HG00621#2#JAHBCC010000051.1	28105088	100000
hprc4_L100000_4763	HG00438.2	HG00438#2#JAHBCA010000041.1	6566626	100000
hprc4_L100000_4764	HG00621.2	HG00621#2#JAHBCC010000018.1	47485818	100000
hprc4_L100000_4765	HG00621.2	HG00621#2#JAHBCC010000001.1	29893838	100000
hprc4_L100000_4766	HG00438.2	HG00438#2#JAHBCA010000067.1	5627264	100000
hprc4_L100000_4767	HG00438.2	HG00438#2#JAHBCA010000002.1	30163095	100000
hprc4_L100000_4768	HG00438.2	HG00438#2#JAHBCA010000021.1	672143	100000
hprc4_L100000_4769	HG00621.1	HG00621#1#JAHBCD010000114.1	1118185	100000
hprc4_L100000_4770	HG00438.1	HG00438#1#JAHBCB010000075.1	6140639	100000
hprc4_L100000_4771	HG00438.2	HG00438#2#JAHBCA010000004.1	2565602	100000
hprc4_L100000_4772	HG00438.1	HG00438#1#JAHBCB010000027.1	30247664	100000
hprc4_L100000_4773	HG00438.1	HG00438#1#JAHBCB010000003.1	115528480	100000
hprc4_L100000_4774	HG00438.2	HG00438#2#JAHBCA010000014.1	24391639	100000
hprc4_L100000_4775	HG00438.2	HG00438#2#JAHBCA010000056.1	7846788	100000
hprc4_L100000_4776	HG00438.2	HG00438#2#JAHBCA010000052.1	16258884	100000
hprc4_L100000_4777	HG00621.1	HG00621#1#JAHBCD010000020.1	33187387	100000
hprc4_L100000_4778	HG00621.1	HG00621#1#JAHBCD010000014.1	41566594	100000
hprc4_L100000_4779	HG00438.1	HG00438#1#JAHBCB010000025.1	14283579	100000
hprc4_L100000_4780	HG00621.2	HG00621#2#JAHBCC010000058.1	7991208	100000
hprc4_L100000_4781	HG00621.1	HG00621#1#JAHBCD010000023.1	15437319	100000
hprc4_L100000_4782	HG00621.2	HG00621#2#JAHBCC010000020.1	23636209	100000
hprc4_L100000_4783	HG00438.1	HG00438#1#JAHBCB010000004.1	32577161	100000
hprc4_L100000_4784	HG00438.2	HG00438#2#JAHBCA010000038.1	87445	100000
hprc4_L100000_4785	HG00438.2	HG00438#2#JAHBCA010000037.1	19115481	100000
hprc4_L100000_4786	HG00438.1	HG00438#1#JAHBCB010000019.1	13289979	100000
hprc4_L100000_4787	HG00438.1	HG00438#1#JAHBCB010000006.1	53233796	100000
hprc4_L100000_4788	HG00438.1	HG00438#1#JAHBCB010000004.1	18309673	100000
hprc4_L100000_4789	HG00438.2	HG00438#2#JAHBCA010000023.1	35048987	100000
hprc4_L100000_4790	HG00621.1	HG00621#1#JAHBCD010000039.1	18510133	100000
hprc4_L100000_4791	HG00621.2	HG00621#2#JAHBCC010000004.1	9915461	100000
hprc4_L100000_4792	HG00438.2	HG00438#2#JAHBCA010000010.1	80079669	100000
hprc4_L100000_4793	HG00621.2	HG00621#2#JAHBCC010000033.1	41349777	100000
hprc4_L100000_4794	HG00621.2	HG00621#2#JAHBCC010000060.1	38065983	100000
hprc4_L100000_4795	HG00621.2	HG00621#2#JAHBCC010000014.1	29345893	100000
hprc4_L100000_4796	HG00438.1	HG00438#1#JAHBCB010000015.1	6433820	100000
hprc4_L100000_4797	HG00621.2	HG00621#2#JAHBCC010000020.1	19132739	100000
hprc4_L100000_4798	HG00621.2	HG00621#2#JAHBCC010000008.1	73092700	100000
hprc4_L100000_4799	HG00621.1	HG00621#1#JAHBCD010000027.1	10839066	100000
hprc4_L100000_4800	HG00621.1	HG00621#1#JAHBCD010000066.1	14345885	100000
hprc4_L100000_4801	HG00438.1	HG00438#1#JAHBCB010000037.1	54659289	100000
hprc4_L100000_4802	HG00438.1	HG00438#1#JAHBCB010000084.1	8899544	100000
hprc4_L100000_4803	HG00621.1	HG00621#1#JAHBCD010000002.1	69579626	100000
hprc4_L100000_4804	HG00621.2	HG00621#2#JAHBCC010000049.1	25180949	100000
hprc4_L100000_4805	HG00438.2	HG00438#2#JAHBCA010000040.1	12374601	100000
hprc4_L100000_4806	HG00438.2	HG00438#2#JAHBCA010000016.1	46385599	100000
hprc4_L100000_4807	HG00621.1	HG00621#1#JAHBCD010000009.1	18356640	100000
hprc4_L100000_4808	HG00621.2	HG00621#2#JAHBCC010000053.1	29581513	100000
hprc4_L100000_4809	HG00438.1	HG00438#1#JAHBCB010000003.1	97541038	100000
hprc4_L100000_4810	HG00621.2	HG00621#2#JAHBCC010000018.1	61899663	100000
hprc4_L100000_4811	HG00438.2	HG00438#2#JAHBCA010000106.1	2721904	100000
hprc4_L100000_4812	HG00621.2	HG00621#2#JAHBCC010000073.1	6408970	100000
hprc4_L100000_4813	HG00438.2	HG00438#2#JAHBCA010000066.1	13925437	100000
hprc4_L100000_4814	HG00438.1	HG00438#1#JAHBCB010000027.1	31391088	100000
hprc4_L100000_4815	HG00621.2	HG00621#2#JAHBCC010000026.1	13952161	100000
hprc4_L100000_4816	HG00438.1	HG00438#1#JAHBCB010000063.1	8849970	100000
hprc4_L100000_4817	HG00621.2	HG00621#2#JAHBCC010000028.1	28796127	100000
hprc4_L100000_4818	HG00621.2	HG00621#2#JAHBCC010000061.1	1961861	100000
hprc4_L100000_4819	HG00621.1	HG00621#1#JAHBCD010000029.1	9681492	100000
hprc4_L100000_4820	HG00438.2	HG00438#2#JAHBCA010000052.1	5292733	100000
hprc4_L100000_4821	HG00621.1	HG00621#1#JAHBCD010000026.1	6458632	100000
hprc4_L100000_4822	HG00438.2	HG00438#2#JAHBCA010000073.1	5500538	100000
hprc4_L100000_4823	HG00438.2	HG00438#2#JAHBCA010000004.1	47181813	100000
hprc4_L100000_4824	HG00621.1	HG00621#1#JAHBCD010000005.1	7430831	100000
hprc4_L100000_4825	HG00621.1	HG00621#1#JAHBCD010000028.1	16168231	100000
hprc4_L100000_4826	HG00438.2	HG00438#2#JAHBCA010000002.1	44555290	100000
hprc4_L100000_4827	HG00621.2	HG00621#2#JAHBCC010000001.1	22353452	100000
hprc4_L100000_4828	HG00438.2	HG00438#2#JAHBCA010000011.1	78153081	100000
hprc4_L100000_4829	HG00438.1	HG00438#1#JAHBCB010000018.1	12067603	100000
hprc4_L100000_4830	HG00438.1	HG00438#1#JAHBCB010000023.1	6208250	100000
hprc4_L100000_4831	HG00621.1	HG00621#1#JAHBCD010000034.1	17105603	100000
hprc4_L100000_4832	HG00438.2	HG00438#2#JAHBCA010000002.1	107641103	100000
hprc4_L100000_4833	HG00438.2	HG00438#2#JAHBCA010000022.1	1621440	100000
hprc4_L100000_4834	HG00621.1	HG00621#1#JAHBCD010000041.1	13611916	100000
hprc4_L100000_4835	HG00621.2	HG00621#2#JAHBCC010000060.1	38895171	100000
hprc4_L100000_4836	HG00621.1	HG00621#1#JAHBCD010000067.1	5321796	100000
hprc4_L100000_4837	HG00438.2	HG00438#2#JAHBCA010000053.1	51366948	100000
hprc4_L100000_4838	HG00438.1	HG00438#1#JAHBCB010000016.1	16618972	100000
hprc4_L100000_4839	HG00438.2	HG00438#2#JAHBCA010000044.1	1371194	100000
hprc4_L100000_4840	HG00438.2	HG00438#2#JAHBCA010000028.1	9394613	100000
hprc4_L100000_4841	HG00621.2	HG00621#2#JAHBCC010000034.1	39164620	100000
hprc4_L100000_4842	HG00438.1	HG00438#1#JAHBCB010000013.1	6497997	100000
hprc4_L100000_4843	HG00621.1	HG00621#1#JAHBCD010000044.1	3627276	100000
hprc4_L100000_4844	HG00621.1	HG00621#1#JAHBCD010000011.1	5463250	100000
hprc4_L100000_4845	HG00438.1	HG00438#1#JAHBCB010000027.1	28350985	100000
hprc4_L100000_4846	HG00621.1	HG00621#1#JAHBCD010000079.1	2615674	100000
hprc4_L100000_4847	HG00621.1	HG00621#1#JAHBCD010000006.1	16636659	100000
hprc4_L100000_4848	HG00621.1	HG00621#1#JAHBCD010000047.1	95878292	100000
hprc4_L100000_4849	HG00621.2	HG00621#2#JAHBCC010000054.1	14218269	100000
hprc4_L100000_4850	HG00621.2	HG00621#2#JAHBCC010000018.1	40356907	100000
hprc4_L100000_4851	HG00438.2	HG00438#2#JAHBCA010000016.1	24256684	100000
hprc4_L100000_4852	HG00621.2	HG00621#2#JAHBCC010000068.1	4601467	100000
hprc4_L100000_4853	HG00438.1	HG00438#1#JAHBCB010000032.1	20105059	100000
hprc4_L100000_4854	HG00438.2	HG00438#2#JAHBCA010000042.1	17619319	100000
hprc4_L100000_4855	HG00438.2	HG00438#2#JAHBCA010000031.1	4145015	100000
hprc4_L100000_4856	HG00621.1	HG00621#1#JAHBCD010000110.1	4809163	100000
hprc4_L100000_4857	HG00621.1	HG00621#1#JAHBCD010000020.1	3217153	100000
hprc4_L100000_4858	HG00438.1	HG00438#1#JAHBCB010000003.1	23848245	100000
hprc4_L100000_4859	HG00438.2	HG00438#2#JAHBCA010000112.1	2014283	100000
hprc4_L100000_4860	HG00438.1	HG00438#1#JAHBCB010000044.1	36507789	100000
hprc4_L100000_4861	HG00621.2	HG00621#2#JAHBCC010000020.1	56057683	100000
hprc4_L100000_4862	HG00621.2	HG00621#2#JAHBCC010000024.1	39698137	100000
hprc4_L100000_4863	HG00621.2	HG00621#2#JAHBCC010000004.1	37362098	100000
hprc4_L100000_4864	HG00438.2	HG00438#2#JAHBCA010000008.1	84294197	100000
hprc4_L100000_4865	HG00438.1	HG00438#1#JAHBCB010000042.1	30899527	100000
hprc4_L100000_4866	HG00621.2	HG00621#2#JAHBCC010000036.1	4464078	100000
hprc4_L100000_4867	HG00438.1	HG00438#1#JAHBCB010000008.1	26400804	100000
hprc4_L100000_4868	HG00438.1	HG00438#1#JAHBCB010000075.1	9630573	100000
hprc4_L100000_4869	HG00438.1	HG00438#1#JAHBCB010000003.1	2214988	100000
hprc4_L100000_4870	HG00621.1	HG00621#1#JAHBCD010000041.1	70919342	100000
hprc4_L100000_4871	HG00438.1	HG00438#1#JAHBCB010000005.1	38627343	100000
hprc4_L100000_4872	HG00438.1	HG00438#1#JAHBCB010000011.1	23751498	100000
hprc4_L100000_4873	HG00438.1	HG00438#1#JAHBCB010000008.1	30297204	100000
hprc4_L100000_4874	HG00438.2	HG00438#2#JAHBCA010000031.1	18880352	100000
hprc4_L100000_4875	HG00621.2	HG00621#2#JAHBCC010000037.1	50458157	100000
hprc4_L100000_4876	HG00621.2	HG00621#2#JAHBCC010000054.1	13375995	100000
hprc4_L100000_4877	HG00438.1	HG00438#1#JAHBCB010000006.1	14535428	100000
hprc4_L100000_4878	HG00621.1	HG00621#1#JAHBCD010000009.1	71081346	100000
hprc4_L100000_4879	HG00621.1	HG00621#1#JAHBCD010000028.1	18868155	100000
hprc4_L100000_4880	HG00621.1	HG00621#1#JAHBCD010000058.1	6197222	100000
hprc4_L100000_4881	HG00438.1	HG00438#1#JAHBCB010000015.1	32563736	100000
hprc4_L100000_4882	HG00438.1	HG00438#1#JAHBCB010000003.1	33403304	100000
hprc4_L100000_4883	HG00438.2	HG00438#2#JAHBCA010000032.1	28488101	100000
hprc4_L100000_4884	HG00438.2	HG00438#2#JAHBCA010000091.1	1891720	100000
hprc4_L100000_4885	HG00621.1	HG00621#1#JAHBCD010000012.1	6633731	100000
hprc4_L100000_4886	HG00438.1	HG00438#1#JAHBCB010000037.1	3413038	100000
hprc4_L100000_4887	HG00438.1	HG00438#1#JAHBCB010000058.1	7188241	100000
hprc4_L100000_4888	HG00438.1	HG00438#1#JAHBCB010000012.1	10143598	100000
hprc4_L100000_4889	HG00621.1	HG00621#1#JAHBCD010000048.1	17549513	100000
hprc4_L100000_4890	HG00621.2	HG00621#2#JAHBCC010000004.1	4959884	100000
hprc4_L100000_4891	HG00621.1	HG00621#1#JAHBCD010000044.1	2869443	100000
hprc4_L100000_4892	HG00438.1	HG00438#1#JAHBCB010000025.1	17281316	100000
hprc4_L100000_4893	HG00621.2	HG00621#2#JAHBCC010000008.1	54841937	100000
hprc4_L100000_4894	HG00438.2	HG00438#2#JAHBCA010000035.1	35857397	100000
hprc4_L100000_4895	HG00621.2	HG00621#2#JAHBCC010000020.1	76764926	100000
hprc4_L100000_4896	HG00621.2	HG00621#2#JAHBCC010000039.1	73773197	100000
hprc4_L100000_4897	HG00438.2	HG00438#2#JAHBCA010000011.1	41247735	100000
hprc4_L100000_4898	HG00621.2	HG00621#2#JAHBCC010000027.1	2589602	100000
hprc4_L100000_4899	HG00621.1	HG00621#1#JAHBCD010000034.1	6978588	100000
hprc4_L100000_4900	HG00621.1	HG00621#1#JAHBCD010000039.1	216533	100000
hprc4_L100000_4901	HG00438.2	HG00438#2#JAHBCA010000065.1	3508469	100000
hprc4_L100000_4902	HG00621.1	HG00621#1#JAHBCD010000011.1	18099617	100000
hprc4_L100000_4903	HG00438.1	HG00438#1#JAHBCB010000057.1	14517119	100000
hprc4_L100000_4904	HG00438.2	HG00438#2#JAHBCA010000024.1	4531457	100000
hprc4_L100000_4905	HG00621.2	HG00621#2#JAHBCC010000034.1	15333059	100000
hprc4_L100000_4906	HG00438.1	HG00438#1#JAHBCB010000008.1	33233300	100000
hprc4_L100000_4907	HG00621.1	HG00621#1#JAHBCD010000011.1	54016697	100000
hprc4_L100000_4908	HG00621.2	HG00621#2#JAHBCC010000033.1	4372630	100000
hprc4_L100000_4909	HG00438.1	HG00438#1#JAHBCB010000045.1	53503392	100000
hprc4_L100000_4910	HG00621.2	HG00621#2#JAHBCC010000055.1	38680129	100000
hprc4_L100000_4911	HG00438.1	HG00438#1#JAHBCB010000038.1	13063918	100000
hprc4_L100000_4912	HG00621.1	HG00621#1#JAHBCD010000050.1	40849419	100000
hprc4_L100000_4913	HG00438.2	HG00438#2#JAHBCA010000054.1	8495020	100000
hprc4_L100000_4914	HG00621.1	HG00621#1#JAHBCD010000034.1	33886547	100000
hprc4_L100000_4915	HG00438.2	HG00438#2#JAHBCA010000071.1	25383557	100000
hprc4_L100000_4916	HG00621.1	HG00621#1#JAHBCD010000024.1	31224438	100000
hprc4_L100000_4917	HG00621.2	HG00621#2#JAHBCC010000022.1	46355172	100000
hprc4_L100000_4918	HG00621.1	HG00621#1#JAHBCD010000022.1	45162564	100000
hprc4_L100000_4919	HG00438.1	HG00438#1#JAHBCB010000011.1	29829159	100000
hprc4_L100000_4920	HG00438.2	HG00438#2#JAHBCA010000043.1	22985532	100000
hprc4_L100000_4921	HG00621.2	HG00621#2#JAHBCC010000024.1	32201359	100000
hprc4_L100000_4922	HG00438.2	HG00438#2#JAHBCA010000126.1	5314025	100000
hprc4_L100000_4923	HG00438.1	HG00438#1#JAHBCB010000045.1	10744221	100000
hprc4_L100000_4924	HG00621.2	HG00621#2#JAHBCC010000009.1	7211204	100000
hprc4_L100000_4925	HG00621.1	HG00621#1#JAHBCD010000048.1	15602032	100000
hprc4_L100000_4926	HG00438.1	HG00438#1#JAHBCB010000044.1	39116607	100000
hprc4_L100000_4927	HG00621.2	HG00621#2#JAHBCC010000026.1	12794805	100000
hprc4_L100000_4928	HG00438.2	HG00438#2#JAHBCA010000030.1	2749972	100000
hprc4_L100000_4929	HG00438.1	HG00438#1#JAHBCB010000079.1	1657576	100000
hprc4_L100000_4930	HG00621.2	HG00621#2#JAHBCC010000078.1	24517863	100000
hprc4_L100000_4931	HG00621.1	HG00621#1#JAHBCD010000002.1	74636777	100000
hprc4_L100000_4932	HG00438.2	HG00438#2#JAHBCA010000125.1	643367	100000
hprc4_L100000_4933	HG00621.2	HG00621#2#JAHBCC010000071.1	9277549	100000
hprc4_L100000_4934	HG00438.1	HG00438#1#JAHBCB010000003.1	14249104	100000
hprc4_L100000_4935	HG00621.1	HG00621#1#JAHBCD010000020.1	49362447	100000
hprc4_L100000_4936	HG00621.1	HG00621#1#JAHBCD010000022.1	78021096	100000
hprc4_L100000_4937	HG00621.1	HG00621#1#JAHBCD010000001.1	82299019	100000
hprc4_L100000_4938	HG00438.1	HG00438#1#JAHBCB010000024.1	2441959	100000
hprc4_L100000_4939	HG00621.2	HG00621#2#JAHBCC010000005.1	52659508	100000
hprc4_L100000_4940	HG00621.1	HG00621#1#JAHBCD010000012.1	6456260	100000
hprc4_L100000_4941	HG00438.2	HG00438#2#JAHBCA010000048.1	15115672	100000
hprc4_L100000_4942	HG00438.1	HG00438#1#JAHBCB010000062.1	4612366	100000
hprc4_L100000_4943	HG00621.1	HG00621#1#JAHBCD010000104.1	7335360	100000
hprc4_L100000_4944	HG00621.2	HG00621#2#JAHBCC010000076.1	24184112	100000
hprc4_L100000_4945	HG00621.2	HG00621#2#JAHBCC010000029.1	12247034	100000
hprc4_L100000_4946	HG00438.2	HG00438#2#JAHBCA010000032.1	54888472	100000
hprc4_L100000_4947	HG00621.2	HG00621#2#JAHBCC010000148.1	577571	100000
hprc4_L100000_4948	HG00438.2	HG00438#2#JAHBCA010000060.1	2795827	100000
hprc4_L100000_4949	HG00438.2	HG00438#2#JAHBCA010000002.1	55577083	100000
hprc4_L100000_4950	HG00438.2	HG00438#2#JAHBCA010000152.1	235702	100000
hprc4_L100000_4951	HG00621.2	HG00621#2#JAHBCC010000039.1	41743533	100000
hprc4_L100000_4952	HG00621.2	HG00621#2#JAHBCC010000059.1	2212376	100000
hprc4_L100000_4953	HG00621.2	HG00621#2#JAHBCC010000021.1	9923367	100000
hprc4_L100000_4954	HG00438.1	HG00438#1#JAHBCB010000084.1	9405146	100000
hprc4_L100000_4955	HG00438.2	HG00438#2#JAHBCA010000036.1	39404883	100000
hprc4_L100000_4956	HG00438.1	HG00438#1#JAHBCB010000040.1	4580353	100000
hprc4_L100000_4957	HG00438.2	HG00438#2#JAHBCA010000004.1	46052304	100000
hprc4_L100000_4958	HG00621.2	HG00621#2#JAHBCC010000022.1	47767938	100000
hprc4_L100000_4959	HG00621.2	HG00621#2#JAHBCC010000051.1	33041019	100000
hprc4_L100000_4960	HG00621.2	HG00621#2#JAHBCC010000006.1	38299755	100000
hprc4_L100000_4961	HG00438.2	HG00438#2#JAHBCA010000076.1	18054901	100000
hprc4_L100000_4962	HG00438.2	HG00438#2#JAHBCA010000024.1	29886974	100000
hprc4_L100000_4963	HG00621.2	HG00621#2#JAHBCC010000008.1	13474702	100000
hprc4_L100000_4964	HG00438.1	HG00438#1#JAHBCB010000041.1	16710330	100000
hprc4_L100000_4965	HG00438.2	HG00438#2#JAHBCA010000103.1	4087875	100000
hprc4_L100000_4966	HG00438.1	HG00438#1#JAHBCB010000033.1	27420731	100000
hprc4_L100000_4967	HG00438.2	HG00438#2#JAHBCA010000023.1	31181611	100000
hprc4_L100000_4968	HG00438.1	HG00438#1#JAHBCB010000030.1	28776017	100000
hprc4_L100000_4969	HG00438.2	HG00438#2#JAHBCA010000011.1	29161237	100000
hprc4_L100000_4970	HG00621.1	HG00621#1#JAHBCD010000013.1	5267866	100000
hprc4_L100000_4971	HG00438.2	HG00438#2#JAHBCA010000080.1	12014521	100000
hprc4_L100000_4972	HG00621.1	HG00621#1#JAHBCD010000109.1	19433871	100000
hprc4_L100000_4973	HG00438.2	HG00438#2#JAHBCA010000066.1	9829943	100000
hprc4_L100000_4974	HG00621.1	HG00621#1#JAHBCD010000006.1	28444200	100000
hprc4_L100000_4975	HG00621.1	HG00621#1#JAHBCD010000052.1	40321252	100000
hprc4_L100000_4976	HG00438.1	HG00438#1#JAHBCB010000075.1	24253466	100000
hprc4_L100000_4977	HG00621.2	HG00621#2#JAHBCC010000004.1	14231949	100000
hprc4_L100000_4978	HG00438.2	HG00438#2#JAHBCA010000010.1	27702685	100000
hprc4_L100000_4979	HG00438.2	HG00438#2#JAHBCA010000016.1	11758754	100000
hprc4_L100000_4980	HG00438.2	HG00438#2#JAHBCA010000005.1	58288348	100000
hprc4_L100000_4981	HG00438.2	HG00438#2#JAHBCA010000089.1	24450986	100000
hprc4_L100000_4982	HG00621.2	HG00621#2#JAHBCC010000051.1	2999205	100000
hprc4_L100000_4983	HG00438.1	HG00438#1#JAHBCB010000024.1	66067569	100000
hprc4_L100000_4984	HG00438.1	HG00438#1#JAHBCB010000057.1	4725850	100000
hprc4_L100000_4985	HG00621.2	HG00621#2#JAHBCC010000008.1	26401665	100000
hprc4_L100000_4986	HG00621.2	HG00621#2#JAHBCC010000053.1	29487063	100000
hprc4_L100000_4987	HG00438.2	HG00438#2#JAHBCA010000006.1	6321981	100000
hprc4_L100000_4988	HG00621.1	HG00621#1#JAHBCD010000024.1	15027929	100000
hprc4_L100000_4989	HG00621.1	HG00621#1#JAHBCD010000005.1	87124339	100000
hprc4_L100000_4990	HG00438.2	HG00438#2#JAHBCA010000076.1	2830816	100000
hprc4_L100000_4991	HG00438.2	HG00438#2#JAHBCA010000004.1	60826012	100000
hprc4_L100000_4992	HG00621.1	HG00621#1#JAHBCD010000033.1	21716767	100000
hprc4_L100000_4993	HG00438.2	HG00438#2#JAHBCA010000045.1	8030805	100000
hprc4_L100000_4994	HG00621.1	HG00621#1#JAHBCD010000002.1	78458099	100000
hprc4_L100000_4995	HG00621.2	HG00621#2#JAHBCC010000006.1	67882070	100000
hprc4_L100000_4996	HG00438.2	HG00438#2#JAHBCA010000011.1	99767898	100000
hprc4_L100000_4997	HG00438.2	HG00438#2#JAHBCA010000040.1	2585601	100000
hprc4_L100000_4998	HG00438.1	HG00438#1#JAHBCB010000051.1	3628330	100000
hprc4_L100000_4999	HG00438.1	HG00438#1#JAHBCB010000011.1	11017547	100000
hprc4_L100000_5000	HG00621.2	HG00621#2#JAHBCC010000048.1	9656183	100000
hprc4_L100000_5001	HG00621.1	HG00621#1#JAHBCD010000044.1	7879373	100000
hprc4_L100000_5002	HG00438.2	HG00438#2#JAHBCA010000014.1	19296650	100000
hprc4_L100000_5003	HG00438.1	HG00438#1#JAHBCB010000097.1	39524646	100000
hprc4_L100000_5004	HG00438.2	HG00438#2#JAHBCA010000040.1	54654199	100000
hprc4_L100000_5005	HG00621.2	HG00621#2#JAHBCC010000040.1	15701086	100000
hprc4_L100000_5006	HG00438.1	HG00438#1#JAHBCB010000159.1	1718320	100000
hprc4_L100000_5007	HG00438.2	HG00438#2#JAHBCA010000036.1	40493042	100000
hprc4_L100000_5008	HG00438.1	HG00438#1#JAHBCB010000026.1	9867456	100000
hprc4_L100000_5009	HG00438.2	HG00438#2#JAHBCA010000050.1	22353877	100000
hprc4_L100000_5010	HG00621.1	HG00621#1#JAHBCD010000024.1	65893397	100000
hprc4_L100000_5011	HG00438.2	HG00438#2#JAHBCA010000005.1	3280124	100000
hprc4_L100000_5012	HG00621.2	HG00621#2#JAHBCC010000036.1	36797017	100000
hprc4_L100000_5013	HG00621.1	HG00621#1#JAHBCD010000010.1	41489711	100000
hprc4_L100000_5014	HG00621.2	HG00621#2#JAHBCC010000035.1	4267487	100000
hprc4_L100000_5015	HG00621.2	HG00621#2#JAHBCC010000003.1	2031263	100000
hprc4_L100000_5016	HG00621.2	HG00621#2#JAHBCC010000063.1	3502335	100000
hprc4_L100000_5017	HG00621.1	HG00621#1#JAHBCD010000062.1	30315735	100000
hprc4_L100000_5018	HG00621.1	HG00621#1#JAHBCD010000005.1	29889064	100000
hprc4_L100000_5019	HG00438.1	HG00438#1#JAHBCB010000030.1	25669660	100000
hprc4_L100000_5020	HG00438.1	HG00438#1#JAHBCB010000008.1	3540616	100000
hprc4_L100000_5021	HG00438.1	HG00438#1#JAHBCB010000004.1	20791976	100000
hprc4_L100000_5022	HG00621.1	HG00621#1#JAHBCD010000032.1	28562125	100000
hprc4_L100000_5023	HG00621.1	HG00621#1#JAHBCD010000002.1	74513086	100000
hprc4_L100000_5024	HG00438.2	HG00438#2#JAHBCA010000002.1	133713165	100000
hprc4_L100000_5025	HG00438.2	HG00438#2#JAHBCA010000002.1	10096983	100000
hprc4_L100000_5026	HG00621.1	HG00621#1#JAHBCD010000047.1	91620513	100000
hprc4_L100000_5027	HG00621.1	HG00621#1#JAHBCD010000022.1	80862931	100000
hprc4_L100000_5028	HG00438.2	HG00438#2#JAHBCA010000025.1	21085394	100000
hprc4_L100000_5029	HG00438.2	HG00438#2#JAHBCA010000040.1	17002451	100000
hprc4_L100000_5030	HG00621.2	HG00621#2#JAHBCC010000041.1	20432480	100000
hprc4_L100000_5031	HG00438.1	HG00438#1#JAHBCB010000045.1	72360217	100000
hprc4_L100000_5032	HG00438.1	HG00438#1#JAHBCB010000017.1	8250821	100000
hprc4_L100000_5033	HG00438.2	HG00438#2#JAHBCA010000022.1	29717724	100000
hprc4_L100000_5034	HG00621.2	HG00621#2#JAHBCC010000072.1	29383896	100000
hprc4_L100000_5035	HG00438.2	HG00438#2#JAHBCA010000012.1	61705520	100000
hprc4_L100000_5036	HG00621.1	HG00621#1#JAHBCD010000005.1	29576588	100000
hprc4_L100000_5037	HG00438.2	HG00438#2#JAHBCA010000044.1	389613	100000
hprc4_L100000_5038	HG00621.1	HG00621#1#JAHBCD010000020.1	54108050	100000
hprc4_L100000_5039	HG00438.1	HG00438#1#JAHBCB010000067.1	6117940	100000
hprc4_L100000_5040	HG00621.2	HG00621#2#JAHBCC010000024.1	79050492	100000
hprc4_L100000_5041	HG00438.2	HG00438#2#JAHBCA010000016.1	42569822	100000
hprc4_L100000_5042	HG00438.2	HG00438#2#JAHBCA010000047.1	898475	100000
hprc4_L100000_5043	HG00621.1	HG00621#1#JAHBCD010000001.1	14111921	100000
hprc4_L100000_5044	HG00438.2	HG00438#2#JAHBCA010000021.1	11049982	100000
hprc4_L100000_5045	HG00438.2	HG00438#2#JAHBCA010000012.1	20392583	100000
hprc4_L100000_5046	HG00438.2	HG00438#2#JAHBCA010000088.1	11610272	100000
hprc4_L100000_5047	HG00438.2	HG00438#2#JAHBCA010000037.1	9730749	100000
hprc4_L100000_5048	HG00438.2	HG00438#2#JAHBCA010000030.1	18786635	100000
hprc4_L100000_5049	HG00621.2	HG00621#2#JAHBCC010000032.1	6880668	100000
hprc4_L100000_5050	HG00621.2	HG00621#2#JAHBCC010000003.1	2152934	100000
hprc4_L100000_5051	HG00438.2	HG00438#2#JAHBCA010000114.1	2574292	100000
hprc4_L100000_5052	HG00438.2	HG00438#2#JAHBCA010000002.1	55738262	100000
hprc4_L100000_5053	HG00621.1	HG00621#1#JAHBCD010000145.1	525189	100000
hprc4_L100000_5054	HG00621.2	HG00621#2#JAHBCC010000045.1	28761872	100000
hprc4_L100000_5055	HG00621.1	HG00621#1#JAHBCD010000055.1	36082442	100000
hprc4_L100000_5056	HG00438.1	HG00438#1#JAHBCB010000004.1	47329431	100000
hprc4_L100000_5057	HG00621.1	HG00621#1#JAHBCD010000063.1	26697786	100000
hprc4_L100000_5058	HG00438.1	HG00438#1#JAHBCB010000005.1	9098732	100000
hprc4_L100000_5059	HG00621.2	HG00621#2#JAHBCC010000078.1	22076767	100000
hprc4_L100000_5060	HG00621.1	HG00621#1#JAHBCD010000019.1	37610300	100000
hprc4_L100000_5061	HG00438.2	HG00438#2#JAHBCA010000031.1	5433236	100000
hprc4_L100000_5062	HG00438.1	HG00438#1#JAHBCB010000025.1	11192935	100000
hprc4_L100000_5063	HG00438.1	HG00438#1#JAHBCB010000019.1	47541213	100000
hprc4_L100000_5064	HG00621.2	HG00621#2#JAHBCC010000053.1	15980412	100000
hprc4_L100000_5065	HG00621.2	HG00621#2#JAHBCC010000048.1	36234815	100000
hprc4_L100000_5066	HG00621.2	HG00621#2#JAHBCC010000036.1	29165509	100000
hprc4_L100000_5067	HG00438.2	HG00438#2#JAHBCA010000086.1	10924005	100000
hprc4_L100000_5068	HG00438.2	HG00438#2#JAHBCA010000073.1	19654295	100000
hprc4_L100000_5069	HG00438.1	HG00438#1#JAHBCB010000004.1	35123750	100000
hprc4_L100000_5070	HG00621.2	HG00621#2#JAHBCC010000049.1	22200694	100000
hprc4_L100000_5071	HG00438.2	HG00438#2#JAHBCA010000008.1	93224027	100000
hprc4_L100000_5072	HG00438.1	HG00438#1#JAHBCB010000054.1	491929	100000
hprc4_L100000_5073	HG00438.2	HG00438#2#JAHBCA010000081.1	5827839	100000
hprc4_L100000_5074	HG00621.1	HG00621#1#JAHBCD010000099.1	1582832	100000
hprc4_L100000_5075	HG00438.2	HG00438#2#JAHBCA010000011.1	84737156	100000
hprc4_L100000_5076	HG00621.1	HG00621#1#JAHBCD010000019.1	17325904	100000
hprc4_L100000_5077	HG00438.2	HG00438#2#JAHBCA010000006.1	17340666	100000
hprc4_L100000_5078	HG00438.2	HG00438#2#JAHBCA010000052.1	30422326	100000
hprc4_L100000_5079	HG00621.1	HG00621#1#JAHBCD010000064.1	41751979	100000
hprc4_L100000_5080	HG00621.1	HG00621#1#JAHBCD010000014.1	53420058	100000
hprc4_L100000_5081	HG00621.1	HG00621#1#JAHBCD010000157.1	666282	100000
hprc4_L100000_5082	HG00621.2	HG00621#2#JAHBCC010000008.1	34735455	100000
hprc4_L100000_5083	HG00438.2	HG00438#2#JAHBCA010000042.1	14798248	100000
hprc4_L100000_5084	HG00621.1	HG00621#1#JAHBCD010000050.1	19443593	100000
hprc4_L100000_5085	HG00438.1	HG00438#1#JAHBCB010000008.1	90676296	100000
hprc4_L100000_5086	HG00621.2	HG00621#2#JAHBCC010000008.1	66213436	100000
hprc4_L100000_5087	HG00621.1	HG00621#1#JAHBCD010000024.1	7496365	100000
hprc4_L100000_5088	HG00438.1	HG00438#1#JAHBCB010000015.1	72241951	100000
hprc4_L100000_5089	HG00438.2	HG00438#2#JAHBCA010000087.1	4259706	100000
hprc4_L100000_5090	HG00621.1	HG00621#1#JAHBCD010000064.1	43144627	100000
hprc4_L100000_5091	HG00621.1	HG00621#1#JAHBCD010000009.1	4962569	100000
hprc4_L100000_5092	HG00621.1	HG00621#1#JAHBCD010000011.1	35467420	100000
hprc4_L100000_5093	HG00621.2	HG00621#2#JAHBCC010000013.1	18405251	100000
hprc4_L100000_5094	HG00621.2	HG00621#2#JAHBCC010000003.1	12648635	100000
hprc4_L100000_5095	HG00621.1	HG00621#1#JAHBCD010000063.1	40368351	100000
hprc4_L100000_5096	HG00438.2	HG00438#2#JAHBCA010000016.1	15283192	100000
hprc4_L100000_5097	HG00621.2	HG00621#2#JAHBCC010000039.1	64621549	100000
hprc4_L100000_5098	HG00438.1	HG00438#1#JAHBCB010000066.1	21906712	100000
hprc4_L100000_5099	HG00621.1	HG00621#1#JAHBCD010000062.1	28644216	100000
hprc4_L100000_5100	HG00621.1	HG00621#1#JAHBCD010000027.1	21054765	100000
hprc4_L100000_5101	HG00621.1	HG00621#1#JAHBCD010000010.1	101258615	100000
hprc4_L100000_5102	HG00438.2	HG00438#2#JAHBCA010000036.1	2783583	100000
hprc4_L100000_5103	HG00621.2	HG00621#2#JAHBCC010000039.1	51035670	100000
hprc4_L100000_5104	HG00621.2	HG00621#2#JAHBCC010000011.1	13974446	100000
hprc4_L100000_5105	HG00438.1	HG00438#1#JAHBCB010000019.1	38868224	100000
hprc4_L100000_5106	HG00438.2	HG00438#2#JAHBCA010000057.1	18445882	100000
hprc4_L100000_5107	HG00621.1	HG00621#1#JAHBCD010000070.1	2405297	100000
hprc4_L100000_5108	HG00438.2	HG00438#2#JAHBCA010000042.1	43479974	100000
hprc4_L100000_5109	HG00621.2	HG00621#2#JAHBCC010000085.1	1765894	100000
hprc4_L100000_5110	HG00438.1	HG00438#1#JAHBCB010000011.1	16109960	100000
hprc4_L100000_5111	HG00438.2	HG00438#2#JAHBCA010000040.1	28066310	100000
hprc4_L100000_5112	HG00438.2	HG00438#2#JAHBCA010000035.1	16329927	100000
hprc4_L100000_5113	HG00438.2	HG00438#2#JAHBCA010000052.1	24761745	100000
hprc4_L100000_5114	HG00621.1	HG00621#1#JAHBCD010000034.1	10460037	100000
hprc4_L100000_5115	HG00438.1	HG00438#1#JAHBCB010000019.1	69964086	100000
hprc4_L100000_5116	HG00621.2	HG00621#2#JAHBCC010000060.1	9663272	100000
hprc4_L100000_5117	HG00438.2	HG00438#2#JAHBCA010000040.1	25924905	100000
hprc4_L100000_5118	HG00621.1	HG00621#1#JAHBCD010000064.1	36348136	100000
hprc4_L100000_5119	HG00621.2	HG00621#2#JAHBCC010000026.1	14088236	100000
hprc4_L100000_5120	HG00621.2	HG00621#2#JAHBCC010000039.1	93996374	100000
hprc4_L100000_5121	HG00438.2	HG00438#2#JAHBCA010000021.1	16592814	100000
hprc4_L100000_5122	HG00438.1	HG00438#1#JAHBCB010000062.1	6620265	100000
hprc4_L100000_5123	HG00438.2	HG00438#2#JAHBCA010000003.1	39459081	100000
hprc4_L100000_5124	HG00621.2	HG00621#2#JAHBCC010000022.1	74995402	100000
hprc4_L100000_5125	HG00621.2	HG00621#2#JAHBCC010000062.1	4894764	100000
hprc4_L100000_5126	HG00621.2	HG00621#2#JAHBCC010000014.1	38716272	100000
hprc4_L100000_5127	HG00621.1	HG00621#1#JAHBCD010000083.1	2005890	100000
hprc4_L100000_5128	HG00621.2	HG00621#2#JAHBCC010000033.1	68868491	100000
hprc4_L100000_5129	HG00621.1	HG00621#1#JAHBCD010000017.1	32658437	100000
hprc4_L100000_5130	HG00438.2	HG00438#2#JAHBCA010000089.1	9429807	100000
hprc4_L100000_5131	HG00438.2	HG00438#2#JAHBCA010000035.1	63332108	100000
hprc4_L100000_5132	HG00438.2	HG00438#2#JAHBCA010000052.1	14959396	100000
hprc4_L100000_5133	HG00438.1	HG00438#1#JAHBCB010000037.1	89238699	100000
hprc4_L100000_5134	HG00621.1	HG00621#1#JAHBCD010000033.1	18169617	100000
hprc4_L100000_5135	HG00438.1	HG00438#1#JAHBCB010000014.1	35468898	100000
hprc4_L100000_5136	HG00621.1	HG00621#1#JAHBCD010000047.1	3296356	100000
hprc4_L100000_5137	HG00438.1	HG00438#1#JAHBCB010000057.1	19626230	100000
hprc4_L100000_5138	HG00621.1	HG00621#1#JAHBCD010000042.1	11868689	100000
hprc4_L100000_5139	HG00621.1	HG00621#1#JAHBCD010000015.1	8291968	100000
hprc4_L100000_5140	HG00438.2	HG00438#2#JAHBCA010000027.1	4819533	100000
hprc4_L100000_5141	HG00621.1	HG00621#1#JAHBCD010000016.1	21544310	100000
hprc4_L100000_5142	HG00438.1	HG00438#1#JAHBCB010000037.1	2099741	100000
hprc4_L100000_5143	HG00621.2	HG00621#2#JAHBCC010000095.1	5380436	100000
hprc4_L100000_5144	HG00621.1	HG00621#1#JAHBCD010000062.1	27513484	100000
hprc4_L100000_5145	HG00621.1	HG00621#1#JAHBCD010000042.1	6715000	100000
hprc4_L100000_5146	HG00438.2	HG00438#2#JAHBCA010000128.1	431136	100000
hprc4_L100000_5147	HG00621.2	HG00621#2#JAHBCC010000066.1	34050799	100000
hprc4_L100000_5148	HG00621.2	HG00621#2#JAHBCC010000087.1	6804948	100000
hprc4_L100000_5149	HG00438.2	HG00438#2#JAHBCA010000084.1	2647906	100000
hprc4_L100000_5150	HG00438.2	HG00438#2#JAHBCA010000040.1	13097536	100000
hprc4_L100000_5151	HG00621.2	HG00621#2#JAHBCC010000018.1	7281235	100000
hprc4_L100000_5152	HG00438.1	HG00438#1#JAHBCB010000009.1	6842681	100000
hprc4_L100000_5153	HG00621.1	HG00621#1#JAHBCD010000017.1	32550663	100000
hprc4_L100000_5154	HG00438.2	HG00438#2#JAHBCA010000032.1	31180280	100000
hprc4_L100000_5155	HG00621.1	HG00621#1#JAHBCD010000028.1	11226253	100000
hprc4_L100000_5156	HG00621.2	HG00621#2#JAHBCC010000039.1	39923411	100000
hprc4_L100000_5157	HG00438.1	HG00438#1#JAHBCB010000023.1	19057928	100000
hprc4_L100000_5158	HG00621.2	HG00621#2#JAHBCC010000019.1	15669068	100000
hprc4_L100000_5159	HG00438.2	HG00438#2#JAHBCA010000010.1	91743708	100000
hprc4_L100000_5160	HG00438.1	HG00438#1#JAHBCB010000090.1	7594739	100000
hprc4_L100000_5161	HG00438.2	HG00438#2#JAHBCA010000016.1	59959933	100000
hprc4_L100000_5162	HG00438.2	HG00438#2#JAHBCA010000008.1	28967486	100000
hprc4_L100000_5163	HG00621.2	HG00621#2#JAHBCC010000048.1	44059822	100000
hprc4_L100000_5164	HG00438.2	HG00438#2#JAHBCA010000015.1	40016430	100000
hprc4_L100000_5165	HG00621.2	HG00621#2#JAHBCC010000022.1	90399237	100000
hprc4_L100000_5166	HG00621.2	HG00621#2#JAHBCC010000019.1	42436564	100000
hprc4_L100000_5167	HG00438.2	HG00438#2#JAHBCA010000020.1	35071705	100000
hprc4_L100000_5168	HG00621.1	HG00621#1#JAHBCD010000037.1	5810571	100000
hprc4_L100000_5169	HG00438.1	HG00438#1#JAHBCB010000044.1	39867983	100000
hprc4_L100000_5170	HG00438.1	HG00438#1#JAHBCB010000045.1	60379311	100000
hprc4_L100000_5171	HG00621.1	HG00621#1#JAHBCD010000042.1	14263758	100000
hprc4_L100000_5172	HG00438.2	HG00438#2#JAHBCA010000011.1	70514565	100000
hprc4_L100000_5173	HG00438.1	HG00438#1#JAHBCB010000024.1	40167535	100000
hprc4_L100000_5174	HG00621.2	HG00621#2#JAHBCC010000020.1	87631314	100000
hprc4_L100000_5175	HG00438.1	HG00438#1#JAHBCB010000003.1	39146764	100000
hprc4_L100000_5176	HG00438.1	HG00438#1#JAHBCB010000043.1	4249474	100000
hprc4_L100000_5177	HG00438.2	HG00438#2#JAHBCA010000056.1	1887412	100000
hprc4_L100000_5178	HG00438.2	HG00438#2#JAHBCA010000011.1	55553991	100000
hprc4_L100000_5179	HG00438.2	HG00438#2#JAHBCA010000035.1	36491836	100000
hprc4_L100000_5180	HG00438.1	HG00438#1#JAHBCB010000006.1	56478720	100000
hprc4_L100000_5181	HG00621.2	HG00621#2#JAHBCC010000001.1	3770731	100000
hprc4_L100000_5182	HG00621.2	HG00621#2#JAHBCC010000031.1	21527755	100000
hprc4_L100000_5183	HG00621.2	HG00621#2#JAHBCC010000032.1	24861131	100000
hprc4_L100000_5184	HG00438.2	HG00438#2#JAHBCA010000002.1	69405460	100000
hprc4_L100000_5185	HG00621.1	HG00621#1#JAHBCD010000145.1	585167	100000
hprc4_L100000_5186	HG00438.2	HG00438#2#JAHBCA010000004.1	53794570	100000
hprc4_L100000_5187	HG00621.1	HG00621#1#JAHBCD010000021.1	58198521	100000
hprc4_L100000_5188	HG00621.2	HG00621#2#JAHBCC010000024.1	73568652	100000
hprc4_L100000_5189	HG00438.1	HG00438#1#JAHBCB010000032.1	18533259	100000
hprc4_L100000_5190	HG00438.1	HG00438#1#JAHBCB010000046.1	25880513	100000
hprc4_L100000_5191	HG00438.1	HG00438#1#JAHBCB010000002.1	7783501	100000
hprc4_L100000_5192	HG00621.1	HG00621#1#JAHBCD010000092.1	6930476	100000
hprc4_L100000_5193	HG00438.1	HG00438#1#JAHBCB010000021.1	40201425	100000
hprc4_L100000_5194	HG00438.2	HG00438#2#JAHBCA010000063.1	20353882	100000
hprc4_L100000_5195	HG00621.1	HG00621#1#JAHBCD010000014.1	42021217	100000
hprc4_L100000_5196	HG00621.1	HG00621#1#JAHBCD010000034.1	13989402	100000
hprc4_L100000_5197	HG00438.2	HG00438#2#JAHBCA010000021.1	7107871	100000
hprc4_L100000_5198	HG00438.1	HG00438#1#JAHBCB010000031.1	3847137	100000
hprc4_L100000_5199	HG00438.1	HG00438#1#JAHBCB010000037.1	66197714	100000
hprc4_L100000_5200	HG00438.1	HG00438#1#JAHBCB010000003.1	90320397	100000
hprc4_L100000_5201	HG00621.2	HG00621#2#JAHBCC010000011.1	15865897	100000
hprc4_L100000_5202	HG00438.1	HG00438#1#JAHBCB010000013.1	395194	100000
hprc4_L100000_5203	HG00621.2	HG00621#2#JAHBCC010000058.1	8845359	100000
hprc4_L100000_5204	HG00438.2	HG00438#2#JAHBCA010000046.1	4551238	100000
hprc4_L100000_5205	HG00621.1	HG00621#1#JAHBCD010000047.1	3433364	100000
hprc4_L100000_5206	HG00438.2	HG00438#2#JAHBCA010000089.1	27886853	100000
hprc4_L100000_5207	HG00438.1	HG00438#1#JAHBCB010000012.1	17976970	100000
hprc4_L100000_5208	HG00621.2	HG00621#2#JAHBCC010000017.1	18169062	100000
hprc4_L100000_5209	HG00621.2	HG00621#2#JAHBCC010000022.1	78382968	100000
hprc4_L100000_5210	HG00621.1	HG00621#1#JAHBCD010000006.1	26542419	100000
hprc4_L100000_5211	HG00621.2	HG00621#2#JAHBCC010000034.1	53436140	100000
hprc4_L100000_5212	HG00621.1	HG00621#1#JAHBCD010000008.1	50667814	100000
hprc4_L100000_5213	HG00438.2	HG00438#2#JAHBCA010000040.1	22731369	100000
hprc4_L100000_5214	HG00621.2	HG00621#2#JAHBCC010000033.1	85375169	100000
hprc4_L100000_5215	HG00621.2	HG00621#2#JAHBCC010000028.1	61517917	100000
hprc4_L100000_5216	HG00621.2	HG00621#2#JAHBCC010000073.1	12266070	100000
hprc4_L100000_5217	HG00621.2	HG00621#2#JAHBCC010000018.1	22312233	100000
hprc4_L100000_5218	HG00621.2	HG00621#2#JAHBCC010000024.1	25180405	100000
hprc4_L100000_5219	HG00438.1	HG00438#1#JAHBCB010000085.1	27144974	100000
hprc4_L100000_5220	HG00438.2	HG00438#2#JAHBCA010000015.1	26585283	100000
hprc4_L100000_5221	HG00438.2	HG00438#2#JAHBCA010000030.1	7347947	100000
hprc4_L100000_5222	HG00621.1	HG00621#1#JAHBCD010000022.1	16175853	100000
hprc4_L100000_5223	HG00438.1	HG00438#1#JAHBCB010000008.1	24664888	100000
hprc4_L100000_5224	HG00438.2	HG00438#2#JAHBCA010000011.1	79671236	100000
hprc4_L100000_5225	HG00621.1	HG00621#1#JAHBCD010000041.1	59406522	100000
hprc4_L100000_5226	HG00621.1	HG00621#1#JAHBCD010000045.1	8120630	100000
hprc4_L100000_5227	HG00621.1	HG00621#1#JAHBCD010000005.1	80783207	100000
hprc4_L100000_5228	HG00438.1	HG00438#1#JAHBCB010000041.1	23178497	100000
hprc4_L100000_5229	HG00621.1	HG00621#1#JAHBCD010000011.1	17298405	100000
hprc4_L100000_5230	HG00621.1	HG00621#1#JAHBCD010000022.1	74143576	100000
hprc4_L100000_5231	HG00438.1	HG00438#1#JAHBCB010000045.1	56452775	100000
hprc4_L100000_5232	HG00621.2	HG00621#2#JAHBCC010000006.1	16997312	100000
hprc4_L100000_5233	HG00438.1	HG00438#1#JAHBCB010000075.1	6605472	100000
hprc4_L100000_5234	HG00621.2	HG00621#2#JAHBCC010000026.1	30597264	100000
hprc4_L100000_5235	HG00438.2	HG00438#2#JAHBCA010000089.1	5638611	100000
hprc4_L100000_5236	HG00621.2	HG00621#2#JAHBCC010000066.1	29430847	100000
hprc4_L100000_5237	HG00438.2	HG00438#2#JAHBCA010000003.1	63747376	100000
hprc4_L100000_5238	HG00438.2	HG00438#2#JAHBCA010000043.1	16037336	100000
hprc4_L100000_5239	HG00621.1	HG00621#1#JAHBCD010000063.1	20386536	100000
hprc4_L100000_5240	HG00621.2	HG00621#2#JAHBCC010000028.1	10724518	100000
hprc4_L100000_5241	HG00438.1	HG00438#1#JAHBCB010000024.1	84697352	100000
hprc4_L100000_5242	HG00438.2	HG00438#2#JAHBCA010000022.1	27914023	100000
hprc4_L100000_5243	HG00621.2	HG00621#2#JAHBCC010000003.1	16836547	100000
hprc4_L100000_5244	HG00621.2	HG00621#2#JAHBCC010000019.1	47958263	100000
hprc4_L100000_5245	HG00438.1	HG00438#1#JAHBCB010000015.1	2900423	100000
hprc4_L100000_5246	HG00438.1	HG00438#1#JAHBCB010000072.1	15250560	100000
hprc4_L100000_5247	HG00621.2	HG00621#2#JAHBCC010000022.1	281078	100000
hprc4_L100000_5248	HG00621.1	HG00621#1#JAHBCD010000022.1	76401101	100000
hprc4_L100000_5249	HG00621.1	HG00621#1#JAHBCD010000014.1	57093493	100000
hprc4_L100000_5250	HG00621.1	HG00621#1#JAHBCD010000001.1	38412208	100000
hprc4_L100000_5251	HG00438.1	HG00438#1#JAHBCB010000032.1	4566543	100000
hprc4_L100000_5252	HG00621.1	HG00621#1#JAHBCD010000021.1	54995479	100000
hprc4_L100000_5253	HG00438.2	HG00438#2#JAHBCA010000044.1	3557320	100000
hprc4_L100000_5254	HG00438.1	HG00438#1#JAHBCB010000016.1	26733156	100000
hprc4_L100000_5255	HG00438.1	HG00438#1#JAHBCB010000068.1	11087666	100000
hprc4_L100000_5256	HG00438.2	HG00438#2#JAHBCA010000028.1	1326030	100000
hprc4_L100000_5257	HG00438.1	HG00438#1#JAHBCB010000063.1	2149329	100000
hprc4_L100000_5258	HG00621.1	HG00621#1#JAHBCD010000008.1	39162651	100000
hprc4_L100000_5259	HG00621.1	HG00621#1#JAHBCD010000115.1	2163608	100000
hprc4_L100000_5260	HG00438.1	HG00438#1#JAHBCB010000038.1	18296449	100000
hprc4_L100000_5261	HG00438.2	HG00438#2#JAHBCA010000045.1	28212221	100000
hprc4_L100000_5262	HG00621.1	HG00621#1#JAHBCD010000024.1	84152869	100000
hprc4_L100000_5263	HG00621.2	HG00621#2#JAHBCC010000055.1	8104696	100000
hprc4_L100000_5264	HG00438.1	HG00438#1#JAHBCB010000003.1	16678179	100000
hprc4_L100000_5265	HG00438.2	HG00438#2#JAHBCA010000055.1	25484928	100000
hprc4_L100000_5266	HG00438.2	HG00438#2#JAHBCA010000054.1	16623543	100000
hprc4_L100000_5267	HG00621.2	HG00621#2#JAHBCC010000007.1	21006632	100000
hprc4_L100000_5268	HG00621.1	HG00621#1#JAHBCD010000063.1	3173347	100000
hprc4_L100000_5269	HG00438.2	HG00438#2#JAHBCA010000034.1	549219	100000
hprc4_L100000_5270	HG00621.1	HG00621#1#JAHBCD010000011.1	35347479	100000
hprc4_L100000_5271	HG00621.1	HG00621#1#JAHBCD010000024.1	80766972	100000
hprc4_L100000_5272	HG00438.2	HG00438#2#JAHBCA010000012.1	17626757	100000
hprc4_L100000_5273	HG00438.1	HG00438#1#JAHBCB010000002.1	10539024	100000
hprc4_L100000_5274	HG00621.1	HG00621#1#JAHBCD010000050.1	58118448	100000
hprc4_L100000_5275	HG00621.2	HG00621#2#JAHBCC010000020.1	26641598	100000
hprc4_L100000_5276	HG00621.2	HG00621#2#JAHBCC010000034.1	41393185	100000
hprc4_L100000_5277	HG00438.1	HG00438#1#JAHBCB010000037.1	5352923	100000
hprc4_L100000_5278	HG00621.2	HG00621#2#JAHBCC010000024.1	17266995	100000
hprc4_L100000_5279	HG00438.2	HG00438#2#JAHBCA010000023.1	28738886	100000
hprc4_L100000_5280	HG00438.2	HG00438#2#JAHBCA010000057.1	5944684	100000
hprc4_L100000_5281	HG00438.1	HG00438#1#JAHBCB010000028.1	16550230	100000
hprc4_L100000_5282	HG00621.1	HG00621#1#JAHBCD010000033.1	33183157	100000
hprc4_L100000_5283	HG00621.1	HG00621#1#JAHBCD010000019.1	3666273	100000
hprc4_L100000_5284	HG00438.1	HG00438#1#JAHBCB010000045.1	58906492	100000
hprc4_L100000_5285	HG00621.2	HG00621#2#JAHBCC010000019.1	917430	100000
hprc4_L100000_5286	HG00438.1	HG00438#1#JAHBCB010000030.1	26451472	100000
hprc4_L100000_5287	HG00438.2	HG00438#2#JAHBCA010000035.1	76505364	100000
hprc4_L100000_5288	HG00621.1	HG00621#1#JAHBCD010000005.1	49829903	100000
hprc4_L100000_5289	HG00438.2	HG00438#2#JAHBCA010000057.1	34661735	100000
hprc4_L100000_5290	HG00621.2	HG00621#2#JAHBCC010000004.1	39437894	100000
hprc4_L100000_5291	HG00621.1	HG00621#1#JAHBCD010000029.1	25287888	100000
hprc4_L100000_5292	HG00621.1	HG00621#1#JAHBCD010000001.1	10648832	100000
hprc4_L100000_5293	HG00438.1	HG00438#1#JAHBCB010000022.1	30097306	100000
hprc4_L100000_5294	HG00438.2	HG00438#2#JAHBCA010000070.1	8728801	100000
hprc4_L100000_5295	HG00438.2	HG00438#2#JAHBCA010000003.1	48883703	100000
hprc4_L100000_5296	HG00438.1	HG00438#1#JAHBCB010000022.1	52495501	100000
hprc4_L100000_5297	HG00621.2	HG00621#2#JAHBCC010000007.1	36965802	100000
hprc4_L100000_5298	HG00621.1	HG00621#1#JAHBCD010000005.1	51172505	100000
hprc4_L100000_5299	HG00438.1	HG00438#1#JAHBCB010000055.1	15714343	100000
hprc4_L100000_5300	HG00621.1	HG00621#1#JAHBCD010000064.1	52966117	100000
hprc4_L100000_5301	HG00621.1	HG00621#1#JAHBCD010000035.1	5473017	100000
hprc4_L100000_5302	HG00621.2	HG00621#2#JAHBCC010000041.1	15867122	100000
hprc4_L100000_5303	HG00438.2	HG00438#2#JAHBCA010000079.1	653740	100000
hprc4_L100000_5304	HG00621.1	HG00621#1#JAHBCD010000048.1	8264976	100000
hprc4_L100000_5305	HG00621.2	HG00621#2#JAHBCC010000019.1	3047155	100000
hprc4_L100000_5306	HG00621.1	HG00621#1#JAHBCD010000064.1	46772821	100000
hprc4_L100000_5307	HG00438.2	HG00438#2#JAHBCA010000055.1	15829169	100000
hprc4_L100000_5308	HG00621.1	HG00621#1#JAHBCD010000037.1	32868421	100000
hprc4_L100000_5309	HG00438.1	HG00438#1#JAHBCB010000018.1	90306804	100000
hprc4_L100000_5310	HG00438.2	HG00438#2#JAHBCA010000058.1	6577816	100000
hprc4_L100000_5311	HG00621.2	HG00621#2#JAHBCC010000037.1	28794738	100000
hprc4_L100000_5312	HG00621.2	HG00621#2#JAHBCC010000060.1	8938014	100000
hprc4_L100000_5313	HG00438.1	HG00438#1#JAHBCB010000057.1	17139216	100000
hprc4_L100000_5314	HG00438.1	HG00438#1#JAHBCB010000042.1	11999877	100000
hprc4_L100000_5315	HG00621.1	HG00621#1#JAHBCD010000063.1	13988769	100000
hprc4_L100000_5316	HG00621.1	HG00621#1#JAHBCD010000010.1	74738568	100000
hprc4_L100000_5317	HG00438.2	HG00438#2#JAHBCA010000101.1	2271955	100000
hprc4_L100000_5318	HG00438.2	HG00438#2#JAHBCA010000003.1	24401790	100000
hprc4_L100000_5319	HG00438.2	HG00438#2#JAHBCA010000089.1	5508772	100000
hprc4_L100000_5320	HG00438.2	HG00438#2#JAHBCA010000006.1	8465191	100000
hprc4_L100000_5321	HG00438.1	HG00438#1#JAHBCB010000023.1	4025961	100000
hprc4_L100000_5322	HG00621.1	HG00621#1#JAHBCD010000070.1	6444892	100000
hprc4_L100000_5323	HG00438.1	HG00438#1#JAHBCB010000008.1	1424342	100000
hprc4_L100000_5324	HG00438.2	HG00438#2#JAHBCA010000004.1	2053809	100000
hprc4_L100000_5325	HG00438.2	HG00438#2#JAHBCA010000025.1	24690947	100000
hprc4_L100000_5326	HG00621.1	HG00621#1#JAHBCD010000034.1	52897066	100000
hprc4_L100000_5327	HG00438.2	HG00438#2#JAHBCA010000004.1	55085017	100000
hprc4_L100000_5328	HG00438.2	HG00438#2#JAHBCA010000032.1	1447585	100000
hprc4_L100000_5329	HG00621.2	HG00621#2#JAHBCC010000045.1	26557413	100000
hprc4_L100000_5330	HG00621.1	HG00621#1#JAHBCD010000029.1	4932060	100000
hprc4_L100000_5331	HG00438.2	HG00438#2#JAHBCA010000035.1	32524286	100000
hprc4_L100000_5332	HG00438.2	HG00438#2#JAHBCA010000032.1	48177889	100000
hprc4_L100000_5333	HG00438.2	HG00438#2#JAHBCA010000071.1	13523907	100000
hprc4_L100000_5334	HG00438.1	HG00438#1#JAHBCB010000006.1	8974321	100000
hprc4_L100000_5335	HG00438.2	HG00438#2#JAHBCA010000003.1	43841211	100000
hprc4_L100000_5336	HG00438.2	HG00438#2#JAHBCA010000071.1	11182317	100000
hprc4_L100000_5337	HG00438.2	HG00438#2#JAHBCA010000050.1	202670	100000
hprc4_L100000_5338	HG00621.1	HG00621#1#JAHBCD010000106.1	486657	100000
hprc4_L100000_5339	HG00621.2	HG00621#2#JAHBCC010000014.1	20845292	100000
hprc4_L100000_5340	HG00621.2	HG00621#2#JAHBCC010000006.1	7726775	100000
hprc4_L100000_5341	HG00438.2	HG00438#2#JAHBCA010000002.1	26344884	100000
hprc4_L100000_5342	HG00438.1	HG00438#1#JAHBCB010000019.1	19784579	100000
hprc4_L100000_5343	HG00438.1	HG00438#1#JAHBCB010000001.1	22318993	100000
hprc4_L100000_5344	HG00621.1	HG00621#1#JAHBCD010000006.1	35182542	100000
hprc4_L100000_5345	HG00438.1	HG00438#1#JAHBCB010000019.1	12430844	100000
hprc4_L100000_5346	HG00438.1	HG00438#1#JAHBCB010000045.1	20154173	100000
hprc4_L100000_5347	HG00438.2	HG00438#2#JAHBCA010000014.1	34041409	100000
hprc4_L100000_5348	HG00621.1	HG00621#1#JAHBCD010000022.1	80397013	100000
hprc4_L100000_5349	HG00438.1	HG00438#1#JAHBCB010000001.1	12248280	100000
hprc4_L100000_5350	HG00621.1	HG00621#1#JAHBCD010000013.1	6984093	100000
hprc4_L100000_5351	HG00621.2	HG00621#2#JAHBCC010000070.1	16350382	100000
hprc4_L100000_5352	HG00438.2	HG00438#2#JAHBCA010000008.1	33166923	100000
hprc4_L100000_5353	HG00438.2	HG00438#2#JAHBCA010000012.1	9689524	100000
hprc4_L100000_5354	HG00438.2	HG00438#2#JAHBCA010000018.1	4626074	100000
hprc4_L100000_5355	HG00621.2	HG00621#2#JAHBCC010000015.1	23267682	100000
hprc4_L100000_5356	HG00438.1	HG00438#1#JAHBCB010000017.1	5894416	100000
hprc4_L100000_5357	HG00621.2	HG00621#2#JAHBCC010000001.1	22863857	100000
hprc4_L100000_5358	HG00438.1	HG00438#1#JAHBCB010000004.1	55617628	100000
hprc4_L100000_5359	HG00621.2	HG00621#2#JAHBCC010000033.1	4197420	100000
hprc4_L100000_5360	HG00621.1	HG00621#1#JAHBCD010000122.1	2041428	100000
hprc4_L100000_5361	HG00438.2	HG00438#2#JAHBCA010000042.1	20584356	100000
hprc4_L100000_5362	HG00438.1	HG00438#1#JAHBCB010000018.1	129001053	100000
hprc4_L100000_5363	HG00621.1	HG00621#1#JAHBCD010000098.1	6023778	100000
hprc4_L100000_5364	HG00438.2	HG00438#2#JAHBCA010000066.1	6316338	100000
hprc4_L100000_5365	HG00621.1	HG00621#1#JAHBCD010000047.1	81473978	100000
hprc4_L100000_5366	HG00621.1	HG00621#1#JAHBCD010000037.1	13831115	100000
hprc4_L100000_5367	HG00438.1	HG00438#1#JAHBCB010000015.1	6824115	100000
hprc4_L100000_5368	HG00438.1	HG00438#1#JAHBCB010000019.1	56770329	100000
hprc4_L100000_5369	HG00438.1	HG00438#1#JAHBCB010000024.1	58033286	100000
hprc4_L100000_5370	HG00621.1	HG00621#1#JAHBCD010000053.1	11201840	100000
hprc4_L100000_5371	HG00438.2	HG00438#2#JAHBCA010000008.1	4055796	100000
hprc4_L100000_5372	HG00621.1	HG00621#1#JAHBCD010000041.1	27146304	100000
hprc4_L100000_5373	HG00438.1	HG00438#1#JAHBCB010000006.1	47308409	100000
hprc4_L100000_5374	HG00621.1	HG00621#1#JAHBCD010000002.1	42457624	100000
hprc4_L100000_5375	HG00438.2	HG00438#2#JAHBCA010000060.1	6052708	100000
hprc4_L100000_5376	HG00621.2	HG00621#2#JAHBCC010000006.1	13870540	100000
hprc4_L100000_5377	HG00438.2	HG00438#2#JAHBCA010000001.1	3795439	100000
hprc4_L100000_5378	HG00438.1	HG00438#1#JAHBCB010000085.1	12561127	100000
hprc4_L100000_5379	HG00621.1	HG00621#1#JAHBCD010000033.1	46995815	100000
hprc4_L100000_5380	HG00621.1	HG00621#1#JAHBCD010000016.1	28283600	100000
hprc4_L100000_5381	HG00438.1	HG00438#1#JAHBCB010000016.1	62292144	100000
hprc4_L100000_5382	HG00621.1	HG00621#1#JAHBCD010000027.1	22305133	100000
hprc4_L100000_5383	HG00438.2	HG00438#2#JAHBCA010000010.1	12944509	100000
hprc4_L100000_5384	HG00438.2	HG00438#2#JAHBCA010000053.1	50853863	100000
hprc4_L100000_5385	HG00438.2	HG00438#2#JAHBCA010000033.1	15693569	100000
hprc4_L100000_5386	HG00621.2	HG00621#2#JAHBCC010000008.1	58595681	100000
hprc4_L100000_5387	HG00621.1	HG00621#1#JAHBCD010000016.1	47813720	100000
hprc4_L100000_5388	HG00621.2	HG00621#2#JAHBCC010000024.1	3053274	100000
hprc4_L100000_5389	HG00621.1	HG00621#1#JAHBCD010000034.1	2777666	100000
hprc4_L100000_5390	HG00621.2	HG00621#2#JAHBCC010000042.1	15015713	100000
hprc4_L100000_5391	HG00438.1	HG00438#1#JAHBCB010000019.1	45242380	100000
hprc4_L100000_5392	HG00621.1	HG00621#1#JAHBCD010000046.1	6681956	100000
hprc4_L100000_5393	HG00438.1	HG00438#1#JAHBCB010000003.1	66794429	100000
hprc4_L100000_5394	HG00621.2	HG00621#2#JAHBCC010000038.1	9683608	100000
hprc4_L100000_5395	HG00621.1	HG00621#1#JAHBCD010000055.1	35312139	100000
hprc4_L100000_5396	HG00621.2	HG00621#2#JAHBCC010000120.1	40616	100000
hprc4_L100000_5397	HG00621.1	HG00621#1#JAHBCD010000063.1	26921431	100000
hprc4_L100000_5398	HG00621.2	HG00621#2#JAHBCC010000008.1	72041577	100000
hprc4_L100000_5399	HG00438.2	HG00438#2#JAHBCA010000016.1	19147702	100000
hprc4_L100000_5400	HG00621.2	HG00621#2#JAHBCC010000062.1	36127774	100000
hprc4_L100000_5401	HG00621.1	HG00621#1#JAHBCD010000062.1	37615317	100000
hprc4_L100000_5402	HG00621.2	HG00621#2#JAHBCC010000005.1	50125374	100000
hprc4_L100000_5403	HG00438.2	HG00438#2#JAHBCA010000002.1	32677301	100000
hprc4_L100000_5404	HG00621.1	HG00621#1#JAHBCD010000022.1	31131731	100000
hprc4_L100000_5405	HG00438.1	HG00438#1#JAHBCB010000017.1	1019384	100000
hprc4_L100000_5406	HG00621.1	HG00621#1#JAHBCD010000016.1	56738779	100000
hprc4_L100000_5407	HG00438.2	HG00438#2#JAHBCA010000127.1	717001	100000
hprc4_L100000_5408	HG00621.1	HG00621#1#JAHBCD010000016.1	31652067	100000
hprc4_L100000_5409	HG00438.1	HG00438#1#JAHBCB010000032.1	11876799	100000
hprc4_L100000_5410	HG00438.1	HG00438#1#JAHBCB010000019.1	61079449	100000
hprc4_L100000_5411	HG00438.2	HG00438#2#JAHBCA010000032.1	3027843	100000
hprc4_L100000_5412	HG00438.2	HG00438#2#JAHBCA010000004.1	2906969	100000
hprc4_L100000_5413	HG00438.2	HG00438#2#JAHBCA010000035.1	1587365	100000
hprc4_L100000_5414	HG00438.1	HG00438#1#JAHBCB010000036.1	11772218	100000
hprc4_L100000_5415	HG00621.2	HG00621#2#JAHBCC010000049.1	27059706	100000
hprc4_L100000_5416	HG00438.2	HG00438#2#JAHBCA010000005.1	45588623	100000
hprc4_L100000_5417	HG00438.1	HG00438#1#JAHBCB010000005.1	31934177	100000
hprc4_L100000_5418	HG00438.1	HG00438#1#JAHBCB010000051.1	13604866	100000
hprc4_L100000_5419	HG00621.1	HG00621#1#JAHBCD010000017.1	18710546	100000
hprc4_L100000_5420	HG00438.2	HG00438#2#JAHBCA010000021.1	17594041	100000
hprc4_L100000_5421	HG00438.2	HG00438#2#JAHBCA010000073.1	6695567	100000
hprc4_L100000_5422	HG00438.2	HG00438#2#JAHBCA010000015.1	1949282	100000
hprc4_L100000_5423	HG00438.1	HG00438#1#JAHBCB010000085.1	26554202	100000
hprc4_L100000_5424	HG00621.2	HG00621#2#JAHBCC010000020.1	29862875	100000
hprc4_L100000_5425	HG00438.2	HG00438#2#JAHBCA010000022.1	15850325	100000
hprc4_L100000_5426	HG00621.1	HG00621#1#JAHBCD010000065.1	8711435	100000
hprc4_L100000_5427	HG00438.2	HG00438#2#JAHBCA010000014.1	40879435	100000
hprc4_L100000_5428	HG00621.2	HG00621#2#JAHBCC010000084.1	11027135	100000
hprc4_L100000_5429	HG00438.2	HG00438#2#JAHBCA010000022.1	37608805	100000
hprc4_L100000_5430	HG00438.2	HG00438#2#JAHBCA010000071.1	5307694	100000
hprc4_L100000_5431	HG00621.2	HG00621#2#JAHBCC010000070.1	1585762	100000
hprc4_L100000_5432	HG00438.2	HG00438#2#JAHBCA010000057.1	35757513	100000
hprc4_L100000_5433	HG00438.2	HG00438#2#JAHBCA010000003.1	44285172	100000
hprc4_L100000_5434	HG00438.1	HG00438#1#JAHBCB010000033.1	24272087	100000
hprc4_L100000_5435	HG00621.1	HG00621#1#JAHBCD010000016.1	75202829	100000
hprc4_L100000_5436	HG00621.1	HG00621#1#JAHBCD010000052.1	16577487	100000
hprc4_L100000_5437	HG00621.2	HG00621#2#JAHBCC010000024.1	35523714	100000
hprc4_L100000_5438	HG00621.2	HG00621#2#JAHBCC010000033.1	74865657	100000
hprc4_L100000_5439	HG00621.1	HG00621#1#JAHBCD010000010.1	37459548	100000
hprc4_L100000_5440	HG00438.2	HG00438#2#JAHBCA010000070.1	10618471	100000
hprc4_L100000_5441	HG00621.2	HG00621#2#JAHBCC010000072.1	16497124	100000
hprc4_L100000_5442	HG00621.2	HG00621#2#JAHBCC010000073.1	9139912	100000
hprc4_L100000_5443	HG00621.1	HG00621#1#JAHBCD010000009.1	12845217	100000
hprc4_L100000_5444	HG00621.2	HG00621#2#JAHBCC010000052.1	2747227	100000
hprc4_L100000_5445	HG00621.2	HG00621#2#JAHBCC010000014.1	41302644	100000
hprc4_L100000_5446	HG00621.1	HG00621#1#JAHBCD010000102.1	4729153	100000
hprc4_L100000_5447	HG00438.2	HG00438#2#JAHBCA010000053.1	14686445	100000
hprc4_L100000_5448	HG00438.1	HG00438#1#JAHBCB010000068.1	11437372	100000
hprc4_L100000_5449	HG00621.2	HG00621#2#JAHBCC010000065.1	14782203	100000
hprc4_L100000_5450	HG00621.1	HG00621#1#JAHBCD010000009.1	77680570	100000
hprc4_L100000_5451	HG00621.2	HG00621#2#JAHBCC010000022.1	10016160	100000
hprc4_L100000_5452	HG00438.1	HG00438#1#JAHBCB010000159.1	1433463	100000
hprc4_L100000_5453	HG00438.1	HG00438#1#JAHBCB010000042.1	48853842	100000
hprc4_L100000_5454	HG00438.2	HG00438#2#JAHBCA010000005.1	9427133	100000
hprc4_L100000_5455	HG00621.2	HG00621#2#JAHBCC010000026.1	36506527	100000
hprc4_L100000_5456	HG00621.2	HG00621#2#JAHBCC010000055.1	1779212	100000
hprc4_L100000_5457	HG00621.2	HG00621#2#JAHBCC010000051.1	28063905	100000
hprc4_L100000_5458	HG00621.2	HG00621#2#JAHBCC010000014.1	100914983	100000
hprc4_L100000_5459	HG00621.2	HG00621#2#JAHBCC010000006.1	138010373	100000
hprc4_L100000_5460	HG00621.1	HG00621#1#JAHBCD010000084.1	9705067	100000
hprc4_L100000_5461	HG00621.2	HG00621#2#JAHBCC010000019.1	21606765	100000
hprc4_L100000_5462	HG00438.1	HG00438#1#JAHBCB010000053.1	10170183	100000
hprc4_L100000_5463	HG00621.2	HG00621#2#JAHBCC010000011.1	17114449	100000
hprc4_L100000_5464	HG00438.2	HG00438#2#JAHBCA010000002.1	75885838	100000
hprc4_L100000_5465	HG00438.2	HG00438#2#JAHBCA010000002.1	87968529	100000
hprc4_L100000_5466	HG00621.1	HG00621#1#JAHBCD010000020.1	12133934	100000
hprc4_L100000_5467	HG00438.2	HG00438#2#JAHBCA010000041.1	11683496	100000
hprc4_L100000_5468	HG00438.2	HG00438#2#JAHBCA010000016.1	66275636	100000
hprc4_L100000_5469	HG00438.2	HG00438#2#JAHBCA010000088.1	1554135	100000
hprc4_L100000_5470	HG00621.1	HG00621#1#JAHBCD010000034.1	48714214	100000
hprc4_L100000_5471	HG00621.1	HG00621#1#JAHBCD010000055.1	36418663	100000
hprc4_L100000_5472	HG00621.1	HG00621#1#JAHBCD010000034.1	23672529	100000
hprc4_L100000_5473	HG00438.2	HG00438#2#JAHBCA010000042.1	3040721	100000
hprc4_L100000_5474	HG00621.2	HG00621#2#JAHBCC010000054.1	14503905	100000
hprc4_L100000_5475	HG00438.1	HG00438#1#JAHBCB010000045.1	55197314	100000
hprc4_L100000_5476	HG00621.1	HG00621#1#JAHBCD010000010.1	67901947	100000
hprc4_L100000_5477	HG00438.1	HG00438#1#JAHBCB010000057.1	39641325	100000
hprc4_L100000_5478	HG00438.1	HG00438#1#JAHBCB010000061.1	10653225	100000
hprc4_L100000_5479	HG00621.1	HG00621#1#JAHBCD010000062.1	25081754	100000
hprc4_L100000_5480	HG00438.1	HG00438#1#JAHBCB010000020.1	10352973	100000
hprc4_L100000_5481	HG00438.1	HG00438#1#JAHBCB010000098.1	777226	100000
hprc4_L100000_5482	HG00438.1	HG00438#1#JAHBCB010000024.1	26363604	100000
hprc4_L100000_5483	HG00438.2	HG00438#2#JAHBCA010000046.1	83038374	100000
hprc4_L100000_5484	HG00621.1	HG00621#1#JAHBCD010000039.1	13980141	100000
hprc4_L100000_5485	HG00621.2	HG00621#2#JAHBCC010000033.1	13437808	100000
hprc4_L100000_5486	HG00438.2	HG00438#2#JAHBCA010000077.1	3974734	100000
hprc4_L100000_5487	HG00438.1	HG00438#1#JAHBCB010000016.1	56498540	100000
hprc4_L100000_5488	HG00621.2	HG00621#2#JAHBCC010000033.1	100338344	100000
hprc4_L100000_5489	HG00621.2	HG00621#2#JAHBCC010000104.1	8161526	100000
hprc4_L100000_5490	HG00438.2	HG00438#2#JAHBCA010000019.1	18578548	100000
hprc4_L100000_5491	HG00621.2	HG00621#2#JAHBCC010000005.1	54535105	100000
hprc4_L100000_5492	HG00438.2	HG00438#2#JAHBCA010000063.1	21046171	100000
hprc4_L100000_5493	HG00621.1	HG00621#1#JAHBCD010000048.1	9343124	100000
hprc4_L100000_5494	HG00438.2	HG00438#2#JAHBCA010000010.1	101338989	100000
hprc4_L100000_5495	HG00438.2	HG00438#2#JAHBCA010000053.1	25828891	100000
hprc4_L100000_5496	HG00438.2	HG00438#2#JAHBCA010000001.1	33386400	100000
hprc4_L100000_5497	HG00438.2	HG00438#2#JAHBCA010000002.1	30689090	100000
hprc4_L100000_5498	HG00621.1	HG00621#1#JAHBCD010000083.1	7328818	100000
hprc4_L100000_5499	HG00438.2	HG00438#2#JAHBCA010000005.1	92486129	100000
hprc4_L100000_5500	HG00621.1	HG00621#1#JAHBCD010000032.1	34009376	100000
hprc4_L100000_5501	HG00438.2	HG00438#2#JAHBCA010000043.1	7577935	100000
hprc4_L100000_5502	HG00621.1	HG00621#1#JAHBCD010000088.1	2069490	100000
hprc4_L100000_5503	HG00621.2	HG00621#2#JAHBCC010000014.1	60458945	100000
hprc4_L100000_5504	HG00438.1	HG00438#1#JAHBCB010000040.1	17860479	100000
hprc4_L100000_5505	HG00621.2	HG00621#2#JAHBCC010000053.1	7924941	100000
hprc4_L100000_5506	HG00438.1	HG00438#1#JAHBCB010000037.1	66129854	100000
hprc4_L100000_5507	HG00621.2	HG00621#2#JAHBCC010000033.1	79809380	100000
hprc4_L100000_5508	HG00621.2	HG00621#2#JAHBCC010000066.1	23540713	100000
hprc4_L100000_5509	HG00621.2	HG00621#2#JAHBCC010000083.1	1240304	100000
hprc4_L100000_5510	HG00621.1	HG00621#1#JAHBCD010000037.1	18983243	100000
hprc4_L100000_5511	HG00621.2	HG00621#2#JAHBCC010000093.1	1960631	100000
hprc4_L100000_5512	HG00438.2	HG00438#2#JAHBCA010000063.1	23177732	100000
hprc4_L100000_5513	HG00438.2	HG00438#2#JAHBCA010000006.1	11348066	100000
hprc4_L100000_5514	HG00621.2	HG00621#2#JAHBCC010000028.1	67859343	100000
hprc4_L100000_5515	HG00621.2	HG00621#2#JAHBCC010000066.1	17300688	100000
hprc4_L100000_5516	HG00621.2	HG00621#2#JAHBCC010000067.1	44337806	100000
hprc4_L100000_5517	HG00621.1	HG00621#1#JAHBCD010000009.1	36642842	100000
hprc4_L100000_5518	HG00621.1	HG00621#1#JAHBCD010000107.1	154764	100000
hprc4_L100000_5519	HG00438.1	HG00438#1#JAHBCB010000078.1	8708415	100000
hprc4_L100000_5520	HG00621.2	HG00621#2#JAHBCC010000018.1	63717520	100000
hprc4_L100000_5521	HG00438.2	HG00438#2#JAHBCA010000040.1	15609727	100000
hprc4_L100000_5522	HG00438.1	HG00438#1#JAHBCB010000057.1	8219314	100000
hprc4_L100000_5523	HG00438.2	HG00438#2#JAHBCA010000027.1	1401773	100000
hprc4_L100000_5524	HG00621.1	HG00621#1#JAHBCD010000073.1	1032294	100000
hprc4_L100000_5525	HG00438.2	HG00438#2#JAHBCA010000052.1	2278409	100000
hprc4_L100000_5526	HG00621.2	HG00621#2#JAHBCC010000041.1	3259016	100000
hprc4_L100000_5527	HG00438.2	HG00438#2#JAHBCA010000046.1	77589612	100000
hprc4_L100000_5528	HG00438.1	HG00438#1#JAHBCB010000047.1	18265345	100000
hprc4_L100000_5529	HG00621.1	HG00621#1#JAHBCD010000104.1	8271920	100000
hprc4_L100000_5530	HG00438.2	HG00438#2#JAHBCA010000016.1	3687163	100000
hprc4_L100000_5531	HG00621.1	HG00621#1#JAHBCD010000004.1	137359	100000
hprc4_L100000_5532	HG00438.2	HG00438#2#JAHBCA010000002.1	53514677	100000
hprc4_L100000_5533	HG00438.1	HG00438#1#JAHBCB010000073.1	863471	100000
hprc4_L100000_5534	HG00621.1	HG00621#1#JAHBCD010000010.1	103064467	100000
hprc4_L100000_5535	HG00621.2	HG00621#2#JAHBCC010000060.1	3387764	100000
hprc4_L100000_5536	HG00438.2	HG00438#2#JAHBCA010000024.1	34305681	100000
hprc4_L100000_5537	HG00438.1	HG00438#1#JAHBCB010000033.1	8509293	100000
hprc4_L100000_5538	HG00438.1	HG00438#1#JAHBCB010000099.1	536856	100000
hprc4_L100000_5539	HG00438.2	HG00438#2#JAHBCA010000010.1	93107239	100000
hprc4_L100000_5540	HG00438.2	HG00438#2#JAHBCA010000042.1	31270436	100000
hprc4_L100000_5541	HG00621.2	HG00621#2#JAHBCC010000022.1	101825303	100000
hprc4_L100000_5542	HG00438.1	HG00438#1#JAHBCB010000116.1	1576557	100000
hprc4_L100000_5543	HG00438.1	HG00438#1#JAHBCB010000012.1	8077991	100000
hprc4_L100000_5544	HG00438.1	HG00438#1#JAHBCB010000032.1	39639882	100000
hprc4_L100000_5545	HG00438.2	HG00438#2#JAHBCA010000017.1	1141848	100000
hprc4_L100000_5546	HG00621.1	HG00621#1#JAHBCD010000052.1	24443459	100000
hprc4_L100000_5547	HG00621.2	HG00621#2#JAHBCC010000032.1	1827295	100000
hprc4_L100000_5548	HG00438.2	HG00438#2#JAHBCA010000002.1	76856228	100000
hprc4_L100000_5549	HG00438.1	HG00438#1#JAHBCB010000097.1	22781218	100000
hprc4_L100000_5550	HG00621.1	HG00621#1#JAHBCD010000055.1	33205384	100000
hprc4_L100000_5551	HG00438.2	HG00438#2#JAHBCA010000065.1	4487356	100000
hprc4_L100000_5552	HG00621.2	HG00621#2#JAHBCC010000024.1	50139625	100000
hprc4_L100000_5553	HG00438.1	HG00438#1#JAHBCB010000010.1	25405730	100000
hprc4_L100000_5554	HG00438.1	HG00438#1#JAHBCB010000004.1	58790476	100000
hprc4_L100000_5555	HG00621.1	HG00621#1#JAHBCD010000022.1	52899437	100000
hprc4_L100000_5556	HG00438.1	HG00438#1#JAHBCB010000071.1	10749453	100000
hprc4_L100000_5557	HG00438.1	HG00438#1#JAHBCB010000018.1	56859037	100000
hprc4_L100000_5558	HG00621.1	HG00621#1#JAHBCD010000009.1	31697293	100000
hprc4_L100000_5559	HG00438.1	HG00438#1#JAHBCB010000037.1	99101966	100000
hprc4_L100000_5560	HG00621.1	HG00621#1#JAHBCD010000014.1	51403524	100000
hprc4_L100000_5561	HG00621.1	HG00621#1#JAHBCD010000001.1	29613277	100000
hprc4_L100000_5562	HG00621.2	HG00621#2#JAHBCC010000026.1	5350540	100000
hprc4_L100000_5563	HG00438.1	HG00438#1#JAHBCB010000048.1	37083237	100000
hprc4_L100000_5564	HG00621.2	HG00621#2#JAHBCC010000039.1	33729396	100000
hprc4_L100000_5565	HG00438.2	HG00438#2#JAHBCA010000040.1	45620336	100000
hprc4_L100000_5566	HG00438.1	HG00438#1#JAHBCB010000022.1	42011532	100000
hprc4_L100000_5567	HG00438.2	HG00438#2#JAHBCA010000046.1	29920038	100000
hprc4_L100000_5568	HG00438.1	HG00438#1#JAHBCB010000023.1	5337685	100000
hprc4_L100000_5569	HG00621.1	HG00621#1#JAHBCD010000052.1	22447677	100000
hprc4_L100000_5570	HG00621.1	HG00621#1#JAHBCD010000017.1	30239340	100000
hprc4_L100000_5571	HG00621.2	HG00621#2#JAHBCC010000053.1	7579287	100000
hprc4_L100000_5572	HG00621.1	HG00621#1#JAHBCD010000062.1	24467436	100000
hprc4_L100000_5573	HG00621.1	HG00621#1#JAHBCD010000028.1	23726954	100000
hprc4_L100000_5574	HG00621.1	HG00621#1#JAHBCD010000001.1	22688610	100000
hprc4_L100000_5575	HG00438.1	HG00438#1#JAHBCB010000041.1	29084951	100000
hprc4_L100000_5576	HG00438.1	HG00438#1#JAHBCB010000068.1	13654715	100000
hprc4_L100000_5577	HG00621.2	HG00621#2#JAHBCC010000016.1	4675712	100000
hprc4_L100000_5578	HG00438.2	HG00438#2#JAHBCA010000022.1	17479314	100000
hprc4_L100000_5579	HG00621.1	HG00621#1#JAHBCD010000007.1	26568055	100000
hprc4_L100000_5580	HG00438.2	HG00438#2#JAHBCA010000011.1	42781896	100000
hprc4_L100000_5581	HG00621.1	HG00621#1#JAHBCD010000002.1	51623753	100000
hprc4_L100000_5582	HG00621.2	HG00621#2#JAHBCC010000108.1	483641	100000
hprc4_L100000_5583	HG00438.2	HG00438#2#JAHBCA010000016.1	67542672	100000
hprc4_L100000_5584	HG00621.1	HG00621#1#JAHBCD010000033.1	4519793	100000
hprc4_L100000_5585	HG00438.1	HG00438#1#JAHBCB010000044.1	1770372	100000
hprc4_L100000_5586	HG00621.1	HG00621#1#JAHBCD010000031.1	27420391	100000
hprc4_L100000_5587	HG00621.2	HG00621#2#JAHBCC010000055.1	64327263	100000
hprc4_L100000_5588	HG00621.1	HG00621#1#JAHBCD010000023.1	1839585	100000
hprc4_L100000_5589	HG00438.1	HG00438#1#JAHBCB010000037.1	77966421	100000
hprc4_L100000_5590	HG00438.2	HG00438#2#JAHBCA010000004.1	21357403	100000
hprc4_L100000_5591	HG00438.1	HG00438#1#JAHBCB010000067.1	351012	100000
hprc4_L100000_5592	HG00621.1	HG00621#1#JAHBCD010000025.1	7495865	100000
hprc4_L100000_5593	HG00621.2	HG00621#2#JAHBCC010000034.1	3089226	100000
hprc4_L100000_5594	HG00621.1	HG00621#1#JAHBCD010000010.1	76784481	100000
hprc4_L100000_5595	HG00438.2	HG00438#2#JAHBCA010000044.1	9160012	100000
hprc4_L100000_5596	HG00621.1	HG00621#1#JAHBCD010000008.1	3755716	100000
hprc4_L100000_5597	HG00438.2	HG00438#2#JAHBCA010000054.1	20486078	100000
hprc4_L100000_5598	HG00438.2	HG00438#2#JAHBCA010000010.1	36839091	100000
hprc4_L100000_5599	HG00438.2	HG00438#2#JAHBCA010000002.1	70608277	100000
hprc4_L100000_5600	HG00438.2	HG00438#2#JAHBCA010000043.1	64241052	100000
hprc4_L100000_5601	HG00621.1	HG00621#1#JAHBCD010000041.1	43294391	100000
hprc4_L100000_5602	HG00438.2	HG00438#2#JAHBCA010000046.1	29855313	100000
hprc4_L100000_5603	HG00621.2	HG00621#2#JAHBCC010000059.1	678472	100000
hprc4_L100000_5604	HG00621.1	HG00621#1#JAHBCD010000020.1	14295201	100000
hprc4_L100000_5605	HG00438.1	HG00438#1#JAHBCB010000015.1	16642406	100000
hprc4_L100000_5606	HG00621.1	HG00621#1#JAHBCD010000037.1	14545450	100000
hprc4_L100000_5607	HG00438.2	HG00438#2#JAHBCA010000045.1	25882880	100000
hprc4_L100000_5608	HG00621.2	HG00621#2#JAHBCC010000055.1	83832324	100000
hprc4_L100000_5609	HG00438.1	HG00438#1#JAHBCB010000018.1	65579055	100000
hprc4_L100000_5610	HG00438.2	HG00438#2#JAHBCA010000042.1	7758780	100000
hprc4_L100000_5611	HG00438.2	HG00438#2#JAHBCA010000056.1	8600451	100000
hprc4_L100000_5612	HG00621.2	HG00621#2#JAHBCC010000062.1	12597907	100000
hprc4_L100000_5613	HG00438.1	HG00438#1#JAHBCB010000067.1	7388414	100000
hprc4_L100000_5614	HG00621.2	HG00621#2#JAHBCC010000048.1	2534284	100000
hprc4_L100000_5615	HG00438.1	HG00438#1#JAHBCB010000011.1	11138854	100000
hprc4_L100000_5616	HG00438.1	HG00438#1#JAHBCB010000044.1	39898496	100000
hprc4_L100000_5617	HG00621.2	HG00621#2#JAHBCC010000060.1	36281384	100000
hprc4_L100000_5618	HG00621.2	HG00621#2#JAHBCC010000066.1	10971368	100000
hprc4_L100000_5619	HG00621.1	HG00621#1#JAHBCD010000024.1	56566258	100000
hprc4_L100000_5620	HG00438.2	HG00438#2#JAHBCA010000005.1	81704012	100000
hprc4_L100000_5621	HG00621.1	HG00621#1#JAHBCD010000010.1	103707484	100000
hprc4_L100000_5622	HG00621.1	HG00621#1#JAHBCD010000011.1	2220740	100000
hprc4_L100000_5623	HG00621.2	HG00621#2#JAHBCC010000006.1	8817371	100000
hprc4_L100000_5624	HG00621.1	HG00621#1#JAHBCD010000048.1	33318599	100000
hprc4_L100000_5625	HG00438.2	HG00438#2#JAHBCA010000071.1	26286966	100000
hprc4_L100000_5626	HG00438.1	HG00438#1#JAHBCB010000039.1	2542875	100000
hprc4_L100000_5627	HG00621.2	HG00621#2#JAHBCC010000051.1	6705382	100000
hprc4_L100000_5628	HG00621.1	HG00621#1#JAHBCD010000008.1	41858426	100000
hprc4_L100000_5629	HG00438.1	HG00438#1#JAHBCB010000053.1	17137306	100000
hprc4_L100000_5630	HG00438.2	HG00438#2#JAHBCA010000035.1	4704854	100000
hprc4_L100000_5631	HG00438.1	HG00438#1#JAHBCB010000008.1	21472822	100000
hprc4_L100000_5632	HG00621.2	HG00621#2#JAHBCC010000081.1	607961	100000
hprc4_L100000_5633	HG00621.2	HG00621#2#JAHBCC010000006.1	67429290	100000
hprc4_L100000_5634	HG00438.1	HG00438#1#JAHBCB010000028.1	12780124	100000
hprc4_L100000_5635	HG00621.1	HG00621#1#JAHBCD010000019.1	2103209	100000
hprc4_L100000_5636	HG00438.1	HG00438#1#JAHBCB010000034.1	1742055	100000
hprc4_L100000_5637	HG00438.2	HG00438#2#JAHBCA010000001.1	35612443	100000
hprc4_L100000_5638	HG00621.1	HG00621#1#JAHBCD010000112.1	3324032	100000
hprc4_L100000_5639	HG00621.1	HG00621#1#JAHBCD010000021.1	12992856	100000
hprc4_L100000_5640	HG00621.1	HG00621#1#JAHBCD010000034.1	14607454	100000
hprc4_L100000_5641	HG00621.1	HG00621#1#JAHBCD010000050.1	38289865	100000
hprc4_L100000_5642	HG00621.1	HG00621#1#JAHBCD010000014.1	14152002	100000
hprc4_L100000_5643	HG00438.2	HG00438#2#JAHBCA010000053.1	53037780	100000
hprc4_L100000_5644	HG00438.1	HG00438#1#JAHBCB010000019.1	4649175	100000
hprc4_L100000_5645	HG00438.2	HG00438#2#JAHBCA010000016.1	53035972	100000
hprc4_L100000_5646	HG00621.1	HG00621#1#JAHBCD010000026.1	30215360	100000
hprc4_L100000_5647	HG00621.2	HG00621#2#JAHBCC010000014.1	26440469	100000
hprc4_L100000_5648	HG00438.1	HG00438#1#JAHBCB010000044.1	2326910	100000
hprc4_L100000_5649	HG00438.2	HG00438#2#JAHBCA010000022.1	32265844	100000
hprc4_L100000_5650	HG00438.2	HG00438#2#JAHBCA010000011.1	6942209	100000
hprc4_L100000_5651	HG00438.2	HG00438#2#JAHBCA010000076.1	18856915	100000
hprc4_L100000_5652	HG00438.1	HG00438#1#JAHBCB010000001.1	784816	100000
hprc4_L100000_5653	HG00621.2	HG00621#2#JAHBCC010000049.1	21188986	100000
hprc4_L100000_5654	HG00438.1	HG00438#1#JAHBCB010000002.1	31108006	100000
hprc4_L100000_5655	HG00438.2	HG00438#2#JAHBCA010000044.1	18113764	100000
hprc4_L100000_5656	HG00438.2	HG00438#2#JAHBCA010000114.1	1768817	100000
hprc4_L100000_5657	HG00438.1	HG00438#1#JAHBCB010000045.1	12799243	100000
hprc4_L100000_5658	HG00621.2	HG00621#2#JAHBCC010000005.1	5985002	100000
hprc4_L100000_5659	HG00621.1	HG00621#1#JAHBCD010000001.1	100933625	100000
hprc4_L100000_5660	HG00438.2	HG00438#2#JAHBCA010000035.1	22323414	100000
hprc4_L100000_5661	HG00438.2	HG00438#2#JAHBCA010000002.1	98642124	100000
hprc4_L100000_5662	HG00438.2	HG00438#2#JAHBCA010000035.1	36850236	100000
hprc4_L100000_5663	HG00438.2	HG00438#2#JAHBCA010000078.1	4379807	100000
hprc4_L100000_5664	HG00621.2	HG00621#2#JAHBCC010000029.1	12323570	100000
hprc4_L100000_5665	HG00438.2	HG00438#2#JAHBCA010000002.1	24200070	100000
hprc4_L100000_5666	HG00621.1	HG00621#1#JAHBCD010000016.1	210641	100000
hprc4_L100000_5667	HG00621.2	HG00621#2#JAHBCC010000045.1	3703490	100000
hprc4_L100000_5668	HG00621.2	HG00621#2#JAHBCC010000028.1	56361089	100000
hprc4_L100000_5669	HG00438.2	HG00438#2#JAHBCA010000024.1	31162568	100000
hprc4_L100000_5670	HG00621.2	HG00621#2#JAHBCC010000055.1	50614958	100000
hprc4_L100000_5671	HG00621.2	HG00621#2#JAHBCC010000034.1	47401738	100000
hprc4_L100000_5672	HG00621.1	HG00621#1#JAHBCD010000150.1	713803	100000
hprc4_L100000_5673	HG00438.2	HG00438#2#JAHBCA010000081.1	2463935	100000
hprc4_L100000_5674	HG00438.2	HG00438#2#JAHBCA010000010.1	37775056	100000
hprc4_L100000_5675	HG00438.2	HG00438#2#JAHBCA010000037.1	13404395	100000
hprc4_L100000_5676	HG00621.1	HG00621#1#JAHBCD010000046.1	6161412	100000
hprc4_L100000_5677	HG00621.1	HG00621#1#JAHBCD010000007.1	3495302	100000
hprc4_L100000_5678	HG00621.1	HG00621#1#JAHBCD010000032.1	16304575	100000
hprc4_L100000_5679	HG00438.1	HG00438#1#JAHBCB010000097.1	36793888	100000
hprc4_L100000_5680	HG00438.1	HG00438#1#JAHBCB010000047.1	1929839	100000
hprc4_L100000_5681	HG00621.2	HG00621#2#JAHBCC010000039.1	11909649	100000
hprc4_L100000_5682	HG00621.1	HG00621#1#JAHBCD010000055.1	8616494	100000
hprc4_L100000_5683	HG00438.2	HG00438#2#JAHBCA010000002.1	24213440	100000
hprc4_L100000_5684	HG00438.1	HG00438#1#JAHBCB010000021.1	27388975	100000
hprc4_L100000_5685	HG00621.2	HG00621#2#JAHBCC010000058.1	2469289	100000
hprc4_L100000_5686	HG00438.1	HG00438#1#JAHBCB010000002.1	44552657	100000
hprc4_L100000_5687	HG00621.2	HG00621#2#JAHBCC010000064.1	8307325	100000
hprc4_L100000_5688	HG00621.1	HG00621#1#JAHBCD010000030.1	8560779	100000
hprc4_L100000_5689	HG00438.2	HG00438#2#JAHBCA010000089.1	25081571	100000
hprc4_L100000_5690	HG00621.1	HG00621#1#JAHBCD010000011.1	22160548	100000
hprc4_L100000_5691	HG00438.1	HG00438#1#JAHBCB010000014.1	33467826	100000
hprc4_L100000_5692	HG00621.2	HG00621#2#JAHBCC010000082.1	1177580	100000
hprc4_L100000_5693	HG00438.1	HG00438#1#JAHBCB010000003.1	46164671	100000
hprc4_L100000_5694	HG00438.1	HG00438#1#JAHBCB010000016.1	58004822	100000
hprc4_L100000_5695	HG00621.2	HG00621#2#JAHBCC010000024.1	78645705	100000
hprc4_L100000_5696	HG00438.2	HG00438#2#JAHBCA010000010.1	88026691	100000
hprc4_L100000_5697	HG00438.1	HG00438#1#JAHBCB010000020.1	3834055	100000
hprc4_L100000_5698	HG00438.2	HG00438#2#JAHBCA010000040.1	2865874	100000
hprc4_L100000_5699	HG00621.2	HG00621#2#JAHBCC010000066.1	21651317	100000
hprc4_L100000_5700	HG00438.2	HG00438#2#JAHBCA010000046.1	30052193	100000
hprc4_L100000_5701	HG00438.2	HG00438#2#JAHBCA010000022.1	13780120	100000
hprc4_L100000_5702	HG00621.2	HG00621#2#JAHBCC010000067.1	30543523	100000
hprc4_L100000_5703	HG00438.2	HG00438#2#JAHBCA010000035.1	51422357	100000
hprc4_L100000_5704	HG00621.1	HG00621#1#JAHBCD010000022.1	61297276	100000
hprc4_L100000_5705	HG00438.1	HG00438#1#JAHBCB010000046.1	13955840	100000
hprc4_L100000_5706	HG00438.2	HG00438#2#JAHBCA010000002.1	46249409	100000
hprc4_L100000_5707	HG00621.2	HG00621#2#JAHBCC010000032.1	17406023	100000
hprc4_L100000_5708	HG00621.2	HG00621#2#JAHBCC010000056.1	7542013	100000
hprc4_L100000_5709	HG00621.2	HG00621#2#JAHBCC010000084.1	3638295	100000
hprc4_L100000_5710	HG00621.2	HG00621#2#JAHBCC010000053.1	20231461	100000
hprc4_L100000_5711	HG00438.2	HG00438#2#JAHBCA010000038.1	2947183	100000
hprc4_L100000_5712	HG00621.1	HG00621#1#JAHBCD010000007.1	35140861	100000
hprc4_L100000_5713	HG00621.2	HG00621#2#JAHBCC010000048.1	3730508	100000
hprc4_L100000_5714	HG00438.1	HG00438#1#JAHBCB010000089.1	3611334	100000
hprc4_L100000_5715	HG00438.1	HG00438#1#JAHBCB010000042.1	42774053	100000
hprc4_L100000_5716	HG00438.2	HG00438#2#JAHBCA010000019.1	15808390	100000
hprc4_L100000_5717	HG00621.1	HG00621#1#JAHBCD010000010.1	38465363	100000
hprc4_L100000_5718	HG00438.2	HG00438#2#JAHBCA010000056.1	4856174	100000
hprc4_L100000_5719	HG00438.1	HG00438#1#JAHBCB010000066.1	2898993	100000
hprc4_L100000_5720	HG00621.2	HG00621#2#JAHBCC010000033.1	98295192	100000
hprc4_L100000_5721	HG00438.1	HG00438#1#JAHBCB010000050.1	7838566	100000
hprc4_L100000_5722	HG00621.1	HG00621#1#JAHBCD010000048.1	3516246	100000
hprc4_L100000_5723	HG00621.1	HG00621#1#JAHBCD010000007.1	26084240	100000
hprc4_L100000_5724	HG00438.2	HG00438#2#JAHBCA010000010.1	43482899	100000
hprc4_L100000_5725	HG00621.1	HG00621#1#JAHBCD010000009.1	77381104	100000
hprc4_L100000_5726	HG00621.2	HG00621#2#JAHBCC010000049.1	30158516	100000
hprc4_L100000_5727	HG00438.2	HG00438#2#JAHBCA010000003.1	26599076	100000
hprc4_L100000_5728	HG00438.1	HG00438#1#JAHBCB010000037.1	12951495	100000
hprc4_L100000_5729	HG00621.1	HG00621#1#JAHBCD010000002.1	96297324	100000
hprc4_L100000_5730	HG00621.2	HG00621#2#JAHBCC010000042.1	5157917	100000
hprc4_L100000_5731	HG00438.2	HG00438#2#JAHBCA010000002.1	122194966	100000
hprc4_L100000_5732	HG00438.1	HG00438#1#JAHBCB010000037.1	48103331	100000
hprc4_L100000_5733	HG00438.1	HG00438#1#JAHBCB010000050.1	18057425	100000
hprc4_L100000_5734	HG00438.2	HG00438#2#JAHBCA010000004.1	16553213	100000
hprc4_L100000_5735	HG00438.2	HG00438#2#JAHBCA010000126.1	395082	100000
hprc4_L100000_5736	HG00438.2	HG00438#2#JAHBCA010000004.1	45276032	100000
hprc4_L100000_5737	HG00438.1	HG00438#1#JAHBCB010000013.1	3098236	100000
hprc4_L100000_5738	HG00438.1	HG00438#1#JAHBCB010000042.1	22100599	100000
hprc4_L100000_5739	HG00438.1	HG00438#1#JAHBCB010000011.1	18228685	100000
hprc4_L100000_5740	HG00438.1	HG00438#1#JAHBCB010000020.1	14418189	100000
hprc4_L100000_5741	HG00621.2	HG00621#2#JAHBCC010000068.1	5232207	100000
hprc4_L100000_5742	HG00621.2	HG00621#2#JAHBCC010000055.1	51589695	100000
hprc4_L100000_5743	HG00621.2	HG00621#2#JAHBCC010000022.1	43543680	100000
hprc4_L100000_5744	HG00438.2	HG00438#2#JAHBCA010000010.1	48498195	100000
hprc4_L100000_5745	HG00438.2	HG00438#2#JAHBCA010000005.1	66323116	100000
hprc4_L100000_5746	HG00621.1	HG00621#1#JAHBCD010000025.1	2512045	100000
hprc4_L100000_5747	HG00621.2	HG00621#2#JAHBCC010000015.1	13283753	100000
hprc4_L100000_5748	HG00621.1	HG00621#1#JAHBCD010000050.1	29946592	100000
hprc4_L100000_5749	HG00438.2	HG00438#2#JAHBCA010000005.1	78707930	100000
hprc4_L100000_5750	HG00438.2	HG00438#2#JAHBCA010000002.1	74695457	100000
hprc4_L100000_5751	HG00621.2	HG00621#2#JAHBCC010000014.1	97872624	100000
hprc4_L100000_5752	HG00621.2	HG00621#2#JAHBCC010000001.1	19672894	100000
hprc4_L100000_5753	HG00621.2	HG00621#2#JAHBCC010000018.1	42181095	100000
hprc4_L100000_5754	HG00438.2	HG00438#2#JAHBCA010000002.1	56773020	100000
hprc4_L100000_5755	HG00438.1	HG00438#1#JAHBCB010000067.1	8960444	100000
hprc4_L100000_5756	HG00438.1	HG00438#1#JAHBCB010000045.1	21206782	100000
hprc4_L100000_5757	HG00621.1	HG00621#1#JAHBCD010000021.1	27067062	100000
hprc4_L100000_5758	HG00621.2	HG00621#2#JAHBCC010000014.1	20387368	100000
hprc4_L100000_5759	HG00438.1	HG00438#1#JAHBCB010000005.1	22024564	100000
hprc4_L100000_5760	HG00621.2	HG00621#2#JAHBCC010000015.1	1248377	100000
hprc4_L100000_5761	HG00621.1	HG00621#1#JAHBCD010000042.1	6122514	100000
hprc4_L100000_5762	HG00438.1	HG00438#1#JAHBCB010000033.1	1135140	100000
hprc4_L100000_5763	HG00621.1	HG00621#1#JAHBCD010000031.1	14442320	100000
hprc4_L100000_5764	HG00438.1	HG00438#1#JAHBCB010000010.1	11106232	100000
hprc4_L100000_5765	HG00438.1	HG00438#1#JAHBCB010000045.1	58616793	100000
hprc4_L100000_5766	HG00621.2	HG00621#2#JAHBCC010000102.1	2164870	100000
hprc4_L100000_5767	HG00621.2	HG00621#2#JAHBCC010000095.1	1088286	100000
hprc4_L100000_5768	HG00621.2	HG00621#2#JAHBCC010000026.1	31170502	100000
hprc4_L100000_5769	HG00621.1	HG00621#1#JAHBCD010000055.1	29611312	100000
hprc4_L100000_5770	HG00438.2	HG00438#2#JAHBCA010000048.1	19992254	100000
hprc4_L100000_5771	HG00438.2	HG00438#2#JAHBCA010000052.1	37379821	100000
hprc4_L100000_5772	HG00621.1	HG00621#1#JAHBCD010000010.1	1680502	100000
hprc4_L100000_5773	HG00621.1	HG00621#1#JAHBCD010000092.1	9183702	100000
hprc4_L100000_5774	HG00621.1	HG00621#1#JAHBCD010000112.1	3452099	100000
hprc4_L100000_5775	HG00438.2	HG00438#2#JAHBCA010000005.1	32251138	100000
hprc4_L100000_5776	HG00438.1	HG00438#1#JAHBCB010000057.1	20962620	100000
hprc4_L100000_5777	HG00621.1	HG00621#1#JAHBCD010000062.1	29844916	100000
hprc4_L100000_5778	HG00621.1	HG00621#1#JAHBCD010000001.1	20052189	100000
hprc4_L100000_5779	HG00621.2	HG00621#2#JAHBCC010000036.1	20157444	100000
hprc4_L100000_5780	HG00438.2	HG00438#2#JAHBCA010000042.1	12270921	100000
hprc4_L100000_5781	HG00621.1	HG00621#1#JAHBCD010000022.1	76682813	100000
hprc4_L100000_5782	HG00621.2	HG00621#2#JAHBCC010000031.1	7290468	100000
hprc4_L100000_5783	HG00621.1	HG00621#1#JAHBCD010000022.1	1095422	100000
hprc4_L100000_5784	HG00621.2	HG00621#2#JAHBCC010000074.1	276828	100000
hprc4_L100000_5785	HG00621.2	HG00621#2#JAHBCC010000015.1	20993276	100000
hprc4_L100000_5786	HG00621.2	HG00621#2#JAHBCC010000055.1	3985834	100000
hprc4_L100000_5787	HG00621.2	HG00621#2#JAHBCC010000066.1	33286816	100000
hprc4_L100000_5788	HG00621.2	HG00621#2#JAHBCC010000026.1	24544549	100000
hprc4_L100000_5789	HG00438.1	HG00438#1#JAHBCB010000050.1	16279089	100000
hprc4_L100000_5790	HG00438.2	HG00438#2#JAHBCA010000130.1	2923627	100000
hprc4_L100000_5791	HG00621.2	HG00621#2#JAHBCC010000027.1	4943808	100000
hprc4_L100000_5792	HG00621.2	HG00621#2#JAHBCC010000014.1	10223825	100000
hprc4_L100000_5793	HG00438.2	HG00438#2#JAHBCA010000071.1	19788884	100000
hprc4_L100000_5794	HG00438.1	HG00438#1#JAHBCB010000017.1	11327390	100000
hprc4_L100000_5795	HG00438.2	HG00438#2#JAHBCA010000020.1	60646034	100000
hprc4_L100000_5796	HG00621.1	HG00621#1#JAHBCD010000034.1	20987595	100000
hprc4_L100000_5797	HG00621.1	HG00621#1#JAHBCD010000019.1	33559884	100000
hprc4_L100000_5798	HG00621.1	HG00621#1#JAHBCD010000072.1	3937000	100000
hprc4_L100000_5799	HG00438.2	HG00438#2#JAHBCA010000059.1	8369409	100000
hprc4_L100000_5800	HG00438.2	HG00438#2#JAHBCA010000004.1	61636263	100000
hprc4_L100000_5801	HG00438.1	HG00438#1#JAHBCB010000082.1	8788119	100000
hprc4_L100000_5802	HG00438.2	HG00438#2#JAHBCA010000032.1	44823759	100000
hprc4_L100000_5803	HG00438.1	HG00438#1#JAHBCB010000044.1	14172936	100000
hprc4_L100000_5804	HG00438.1	HG00438#1#JAHBCB010000006.1	37326558	100000
hprc4_L100000_5805	HG00438.1	HG00438#1#JAHBCB010000057.1	42701381	100000
hprc4_L100000_5806	HG00438.2	HG00438#2#JAHBCA010000008.1	61282099	100000
hprc4_L100000_5807	HG00621.1	HG00621#1#JAHBCD010000047.1	90281574	100000
hprc4_L100000_5808	HG00621.1	HG00621#1#JAHBCD010000041.1	79293612	100000
hprc4_L100000_5809	HG00438.2	HG00438#2#JAHBCA010000015.1	4059327	100000
hprc4_L100000_5810	HG00621.1	HG00621#1#JAHBCD010000047.1	84259586	100000
hprc4_L100000_5811	HG00438.1	HG00438#1#JAHBCB010000018.1	6376221	100000
hprc4_L100000_5812	HG00438.2	HG00438#2#JAHBCA010000025.1	16506589	100000
hprc4_L100000_5813	HG00621.1	HG00621#1#JAHBCD010000050.1	37841625	100000
hprc4_L100000_5814	HG00438.1	HG00438#1#JAHBCB010000045.1	66320208	100000
hprc4_L100000_5815	HG00438.2	HG00438#2#JAHBCA010000024.1	24154966	100000
hprc4_L100000_5816	HG00621.2	HG00621#2#JAHBCC010000039.1	45542140	100000
hprc4_L100000_5817	HG00621.1	HG00621#1#JAHBCD010000026.1	19135798	100000
hprc4_L100000_5818	HG00621.1	HG00621#1#JAHBCD010000064.1	22656079	100000
hprc4_L100000_5819	HG00438.2	HG00438#2#JAHBCA010000024.1	35387163	100000
hprc4_L100000_5820	HG00438.1	HG00438#1#JAHBCB010000008.1	11028399	100000
hprc4_L100000_5821	HG00438.1	HG00438#1#JAHBCB010000009.1	14305865	100000
hprc4_L100000_5822	HG00621.1	HG00621#1#JAHBCD010000009.1	67803260	100000
hprc4_L100000_5823	HG00438.2	HG00438#2#JAHBCA010000002.1	73291816	100000
hprc4_L100000_5824	HG00438.1	HG00438#1#JAHBCB010000068.1	4877191	100000
hprc4_L100000_5825	HG00621.1	HG00621#1#JAHBCD010000006.1	35670879	100000
hprc4_L100000_5826	HG00438.2	HG00438#2#JAHBCA010000088.1	5165793	100000
hprc4_L100000_5827	HG00438.1	HG00438#1#JAHBCB010000125.1	379549	100000
hprc4_L100000_5828	HG00621.2	HG00621#2#JAHBCC010000033.1	84692949	100000
hprc4_L100000_5829	HG00621.1	HG00621#1#JAHBCD010000027.1	8323597	100000
hprc4_L100000_5830	HG00438.2	HG00438#2#JAHBCA010000004.1	19901563	100000
hprc4_L100000_5831	HG00438.1	HG00438#1#JAHBCB010000104.1	1603816	100000
hprc4_L100000_5832	HG00621.1	HG00621#1#JAHBCD010000024.1	86831848	100000
hprc4_L100000_5833	HG00438.1	HG00438#1#JAHBCB010000023.1	23079995	100000
hprc4_L100000_5834	HG00621.1	HG00621#1#JAHBCD010000001.1	14054227	100000
hprc4_L100000_5835	HG00621.1	HG00621#1#JAHBCD010000082.1	19673194	100000
hprc4_L100000_5836	HG00438.2	HG00438#2#JAHBCA010000053.1	34888625	100000
hprc4_L100000_5837	HG00438.1	HG00438#1#JAHBCB010000021.1	47392282	100000
hprc4_L100000_5838	HG00438.1	HG00438#1#JAHBCB010000003.1	36436552	100000
hprc4_L100000_5839	HG00621.2	HG00621#2#JAHBCC010000084.1	3555670	100000
hprc4_L100000_5840	HG00438.1	HG00438#1#JAHBCB010000017.1	29998609	100000
hprc4_L100000_5841	HG00438.2	HG00438#2#JAHBCA010000081.1	1705019	100000
hprc4_L100000_5842	HG00438.2	HG00438#2#JAHBCA010000020.1	52946966	100000
hprc4_L100000_5843	HG00438.2	HG00438#2#JAHBCA010000042.1	44891566	100000
hprc4_L100000_5844	HG00621.2	HG00621#2#JAHBCC010000001.1	27854989	100000
hprc4_L100000_5845	HG00438.2	HG00438#2#JAHBCA010000004.1	27567625	100000
hprc4_L100000_5846	HG00621.2	HG00621#2#JAHBCC010000039.1	29372685	100000
hprc4_L100000_5847	HG00621.1	HG00621#1#JAHBCD010000069.1	6924928	100000
hprc4_L100000_5848	HG00621.1	HG00621#1#JAHBCD010000099.1	3610867	100000
hprc4_L100000_5849	HG00438.1	HG00438#1#JAHBCB010000028.1	10065755	100000
hprc4_L100000_5850	HG00621.2	HG00621#2#JAHBCC010000032.1	5018474	100000
hprc4_L100000_5851	HG00438.2	HG00438#2#JAHBCA010000080.1	16099414	100000
hprc4_L100000_5852	HG00621.1	HG00621#1#JAHBCD010000031.1	47034107	100000
hprc4_L100000_5853	HG00438.1	HG00438#1#JAHBCB010000121.1	769489	100000
hprc4_L100000_5854	HG00621.2	HG00621#2#JAHBCC010000028.1	74439596	100000
hprc4_L100000_5855	HG00438.1	HG00438#1#JAHBCB010000002.1	13276034	100000
hprc4_L100000_5856	HG00621.2	HG00621#2#JAHBCC010000021.1	13274465	100000
hprc4_L100000_5857	HG00621.1	HG00621#1#JAHBCD010000011.1	40320329	100000
hprc4_L100000_5858	HG00621.2	HG00621#2#JAHBCC010000031.1	5458053	100000
hprc4_L100000_5859	HG00438.2	HG00438#2#JAHBCA010000067.1	217681	100000
hprc4_L100000_5860	HG00438.1	HG00438#1#JAHBCB010000016.1	21742974	100000
hprc4_L100000_5861	HG00621.2	HG00621#2#JAHBCC010000009.1	15058388	100000
hprc4_L100000_5862	HG00621.1	HG00621#1#JAHBCD010000056.1	5155781	100000
hprc4_L100000_5863	HG00621.1	HG00621#1#JAHBCD010000032.1	30025381	100000
hprc4_L100000_5864	HG00438.2	HG00438#2#JAHBCA010000001.1	22811203	100000
hprc4_L100000_5865	HG00438.1	HG00438#1#JAHBCB010000025.1	5687299	100000
hprc4_L100000_5866	HG00438.2	HG00438#2#JAHBCA010000012.1	2812450	100000
hprc4_L100000_5867	HG00438.2	HG00438#2#JAHBCA010000008.1	97087660	100000
hprc4_L100000_5868	HG00438.2	HG00438#2#JAHBCA010000032.1	53191843	100000
hprc4_L100000_5869	HG00438.1	HG00438#1#JAHBCB010000041.1	29702048	100000
hprc4_L100000_5870	HG00438.2	HG00438#2#JAHBCA010000016.1	39417948	100000
hprc4_L100000_5871	HG00621.1	HG00621#1#JAHBCD010000041.1	37547660	100000
hprc4_L100000_5872	HG00438.2	HG00438#2#JAHBCA010000025.1	13733642	100000
hprc4_L100000_5873	HG00621.1	HG00621#1#JAHBCD010000109.1	6054871	100000
hprc4_L100000_5874	HG00621.2	HG00621#2#JAHBCC010000008.1	4137698	100000
hprc4_L100000_5875	HG00438.1	HG00438#1#JAHBCB010000022.1	1867257	100000
hprc4_L100000_5876	HG00621.1	HG00621#1#JAHBCD010000002.1	73389136	100000
hprc4_L100000_5877	HG00438.1	HG00438#1#JAHBCB010000022.1	40844909	100000
hprc4_L100000_5878	HG00438.2	HG00438#2#JAHBCA010000024.1	6501928	100000
hprc4_L100000_5879	HG00438.1	HG00438#1#JAHBCB010000068.1	21637826	100000
hprc4_L100000_5880	HG00621.1	HG00621#1#JAHBCD010000062.1	11330666	100000
hprc4_L100000_5881	HG00621.1	HG00621#1#JAHBCD010000069.1	6551357	100000
hprc4_L100000_5882	HG00438.2	HG00438#2#JAHBCA010000066.1	18012062	100000
hprc4_L100000_5883	HG00438.2	HG00438#2#JAHBCA010000043.1	12223393	100000
hprc4_L100000_5884	HG00621.2	HG00621#2#JAHBCC010000018.1	69042317	100000
hprc4_L100000_5885	HG00438.1	HG00438#1#JAHBCB010000092.1	15507972	100000
hprc4_L100000_5886	HG00621.1	HG00621#1#JAHBCD010000078.1	11587654	100000
hprc4_L100000_5887	HG00438.2	HG00438#2#JAHBCA010000067.1	3117480	100000
hprc4_L100000_5888	HG00621.2	HG00621#2#JAHBCC010000033.1	60343018	100000
hprc4_L100000_5889	HG00621.2	HG00621#2#JAHBCC010000039.1	67263576	100000
hprc4_L100000_5890	HG00621.2	HG00621#2#JAHBCC010000060.1	2365071	100000
hprc4_L100000_5891	HG00621.1	HG00621#1#JAHBCD010000005.1	47168270	100000
hprc4_L100000_5892	HG00621.1	HG00621#1#JAHBCD010000022.1	30854472	100000
hprc4_L100000_5893	HG00438.2	HG00438#2#JAHBCA010000006.1	5590696	100000
hprc4_L100000_5894	HG00621.2	HG00621#2#JAHBCC010000048.1	2987181	100000
hprc4_L100000_5895	HG00438.2	HG00438#2#JAHBCA010000033.1	5756861	100000
hprc4_L100000_5896	HG00438.2	HG00438#2#JAHBCA010000037.1	19557981	100000
hprc4_L100000_5897	HG00621.2	HG00621#2#JAHBCC010000039.1	80064649	100000
hprc4_L100000_5898	HG00438.2	HG00438#2#JAHBCA010000005.1	4775203	100000
hprc4_L100000_5899	HG00438.2	HG00438#2#JAHBCA010000002.1	102678279	100000
hprc4_L100000_5900	HG00621.1	HG00621#1#JAHBCD010000025.1	12051841	100000
hprc4_L100000_5901	HG00438.2	HG00438#2#JAHBCA010000024.1	15483009	100000
hprc4_L100000_5902	HG00621.1	HG00621#1#JAHBCD010000032.1	941651	100000
hprc4_L100000_5903	HG00438.1	HG00438#1#JAHBCB010000067.1	3746388	100000
hprc4_L100000_5904	HG00621.2	HG00621#2#JAHBCC010000033.1	6623666	100000
hprc4_L100000_5905	HG00438.1	HG00438#1#JAHBCB010000003.1	87784784	100000
hprc4_L100000_5906	HG00621.2	HG00621#2#JAHBCC010000032.1	20355392	100000
hprc4_L100000_5907	HG00621.1	HG00621#1#JAHBCD010000109.1	27443980	100000
hprc4_L100000_5908	HG00621.1	HG00621#1#JAHBCD010000027.1	7478400	100000
hprc4_L100000_5909	HG00438.1	HG00438#1#JAHBCB010000122.1	3578935	100000
hprc4_L100000_5910	HG00438.1	HG00438#1#JAHBCB010000048.1	21946636	100000
hprc4_L100000_5911	HG00621.2	HG00621#2#JAHBCC010000017.1	20112750	100000
hprc4_L100000_5912	HG00621.2	HG00621#2#JAHBCC010000053.1	31949764	100000
hprc4_L100000_5913	HG00621.1	HG00621#1#JAHBCD010000047.1	47937046	100000
hprc4_L100000_5914	HG00438.1	HG00438#1#JAHBCB010000008.1	47438894	100000
hprc4_L100000_5915	HG00438.1	HG00438#1#JAHBCB010000085.1	14504238	100000
hprc4_L100000_5916	HG00621.1	HG00621#1#JAHBCD010000032.1	25249821	100000
hprc4_L100000_5917	HG00438.1	HG00438#1#JAHBCB010000019.1	86678540	100000
hprc4_L100000_5918	HG00438.2	HG00438#2#JAHBCA010000016.1	65716471	100000
hprc4_L100000_5919	HG00621.2	HG00621#2#JAHBCC010000020.1	48701050	100000
hprc4_L100000_5920	HG00438.1	HG00438#1#JAHBCB010000067.1	15514899	100000
hprc4_L100000_5921	HG00438.1	HG00438#1#JAHBCB010000033.1	2202722	100000
hprc4_L100000_5922	HG00438.1	HG00438#1#JAHBCB010000025.1	16273719	100000
hprc4_L100000_5923	HG00621.2	HG00621#2#JAHBCC010000180.1	220654	100000
hprc4_L100000_5924	HG00438.1	HG00438#1#JAHBCB010000021.1	29181937	100000
hprc4_L100000_5925	HG00621.2	HG00621#2#JAHBCC010000037.1	43936527	100000
hprc4_L100000_5926	HG00438.1	HG00438#1#JAHBCB010000027.1	38358330	100000
hprc4_L100000_5927	HG00621.2	HG00621#2#JAHBCC010000053.1	4389927	100000
hprc4_L100000_5928	HG00438.2	HG00438#2#JAHBCA010000004.1	73457315	100000
hprc4_L100000_5929	HG00621.2	HG00621#2#JAHBCC010000013.1	1566515	100000
hprc4_L100000_5930	HG00621.2	HG00621#2#JAHBCC010000085.1	3397547	100000
hprc4_L100000_5931	HG00438.1	HG00438#1#JAHBCB010000018.1	93897758	100000
hprc4_L100000_5932	HG00621.2	HG00621#2#JAHBCC010000001.1	2854405	100000
hprc4_L100000_5933	HG00438.1	HG00438#1#JAHBCB010000062.1	12979142	100000
hprc4_L100000_5934	HG00621.2	HG00621#2#JAHBCC010000009.1	8952173	100000
hprc4_L100000_5935	HG00438.1	HG00438#1#JAHBCB010000008.1	68819325	100000
hprc4_L100000_5936	HG00621.1	HG00621#1#JAHBCD010000002.1	19389401	100000
hprc4_L100000_5937	HG00621.1	HG00621#1#JAHBCD010000055.1	32523549	100000
hprc4_L100000_5938	HG00438.1	HG00438#1#JAHBCB010000006.1	41464041	100000
hprc4_L100000_5939	HG00621.1	HG00621#1#JAHBCD010000009.1	45016129	100000
hprc4_L100000_5940	HG00621.2	HG00621#2#JAHBCC010000076.1	14210119	100000
hprc4_L100000_5941	HG00621.2	HG00621#2#JAHBCC010000007.1	3323250	100000
hprc4_L100000_5942	HG00621.1	HG00621#1#JAHBCD010000122.1	1072826	100000
hprc4_L100000_5943	HG00621.2	HG00621#2#JAHBCC010000045.1	22487349	100000
hprc4_L100000_5944	HG00438.1	HG00438#1#JAHBCB010000065.1	16688349	100000
hprc4_L100000_5945	HG00438.1	HG00438#1#JAHBCB010000021.1	11843152	100000
hprc4_L100000_5946	HG00621.1	HG00621#1#JAHBCD010000044.1	7731901	100000
hprc4_L100000_5947	HG00438.1	HG00438#1#JAHBCB010000109.1	2495350	100000
hprc4_L100000_5948	HG00438.2	HG00438#2#JAHBCA010000028.1	9690996	100000
hprc4_L100000_5949	HG00621.1	HG00621#1#JAHBCD010000001.1	17684211	100000
hprc4_L100000_5950	HG00621.1	HG00621#1#JAHBCD010000082.1	13014160	100000
hprc4_L100000_5951	HG00438.2	HG00438#2#JAHBCA010000033.1	25759228	100000
hprc4_L100000_5952	HG00621.2	HG00621#2#JAHBCC010000040.1	12646026	100000
hprc4_L100000_5953	HG00621.1	HG00621#1#JAHBCD010000024.1	63388743	100000
hprc4_L100000_5954	HG00621.2	HG00621#2#JAHBCC010000022.1	99918531	100000
hprc4_L100000_5955	HG00621.2	HG00621#2#JAHBCC010000039.1	13383281	100000
hprc4_L100000_5956	HG00621.1	HG00621#1#JAHBCD010000112.1	1480303	100000
hprc4_L100000_5957	HG00438.2	HG00438#2#JAHBCA010000005.1	9040934	100000
hprc4_L100000_5958	HG00621.1	HG00621#1#JAHBCD010000024.1	83111193	100000
hprc4_L100000_5959	HG00438.1	HG00438#1#JAHBCB010000096.1	4175146	100000
hprc4_L100000_5960	HG00438.1	HG00438#1#JAHBCB010000055.1	2033682	100000
hprc4_L100000_5961	HG00438.2	HG00438#2#JAHBCA010000010.1	76199952	100000
hprc4_L100000_5962	HG00438.1	HG00438#1#JAHBCB010000084.1	1655295	100000
hprc4_L100000_5963	HG00621.2	HG00621#2#JAHBCC010000022.1	34795740	100000
hprc4_L100000_5964	HG00621.1	HG00621#1#JAHBCD010000020.1	31128194	100000
hprc4_L100000_5965	HG00438.1	HG00438#1#JAHBCB010000004.1	42734661	100000
hprc4_L100000_5966	HG00438.1	HG00438#1#JAHBCB010000011.1	31291653	100000
hprc4_L100000_5967	HG00438.2	HG00438#2#JAHBCA010000011.1	84232854	100000
hprc4_L100000_5968	HG00438.2	HG00438#2#JAHBCA010000023.1	7936087	100000
hprc4_L100000_5969	HG00621.1	HG00621#1#JAHBCD010000021.1	21710210	100000
hprc4_L100000_5970	HG00438.1	HG00438#1#JAHBCB010000051.1	4847848	100000
hprc4_L100000_5971	HG00438.2	HG00438#2#JAHBCA010000030.1	9486624	100000
hprc4_L100000_5972	HG00621.1	HG00621#1#JAHBCD010000010.1	6602148	100000
hprc4_L100000_5973	HG00621.2	HG00621#2#JAHBCC010000042.1	1773314	100000
hprc4_L100000_5974	HG00621.1	HG00621#1#JAHBCD010000020.1	1018040	100000
hprc4_L100000_5975	HG00621.2	HG00621#2#JAHBCC010000045.1	23354005	100000
hprc4_L100000_5976	HG00438.2	HG00438#2#JAHBCA010000003.1	53538330	100000
hprc4_L100000_5977	HG00621.1	HG00621#1#JAHBCD010000024.1	39666599	100000
hprc4_L100000_5978	HG00621.1	HG00621#1#JAHBCD010000001.1	74941463	100000
hprc4_L100000_5979	HG00621.2	HG00621#2#JAHBCC010000039.1	6226651	100000
hprc4_L100000_5980	HG00438.2	HG00438#2#JAHBCA010000046.1	20344538	100000
hprc4_L100000_5981	HG00438.2	HG00438#2#JAHBCA010000017.1	20006612	100000
hprc4_L100000_5982	HG00621.2	HG00621#2#JAHBCC010000055.1	70727177	100000
hprc4_L100000_5983	HG00438.2	HG00438#2#JAHBCA010000012.1	65239136	100000
hprc4_L100000_5984	HG00438.2	HG00438#2#JAHBCA010000032.1	18879904	100000
hprc4_L100000_5985	HG00438.2	HG00438#2#JAHBCA010000045.1	20652059	100000
hprc4_L100000_5986	HG00621.2	HG00621#2#JAHBCC010000029.1	4497904	100000
hprc4_L100000_5987	HG00621.2	HG00621#2#JAHBCC010000034.1	39371964	100000
hprc4_L100000_5988	HG00621.1	HG00621#1#JAHBCD010000009.1	76386941	100000
hprc4_L100000_5989	HG00621.1	HG00621#1#JAHBCD010000123.1	1026768	100000
hprc4_L100000_5990	HG00438.1	HG00438#1#JAHBCB010000049.1	19351125	100000
hprc4_L100000_5991	HG00621.1	HG00621#1#JAHBCD010000083.1	11367380	100000
hprc4_L100000_5992	HG00621.1	HG00621#1#JAHBCD010000010.1	101028264	100000
hprc4_L100000_5993	HG00621.2	HG00621#2#JAHBCC010000006.1	127884267	100000
hprc4_L100000_5994	HG00438.1	HG00438#1#JAHBCB010000087.1	3740834	100000
hprc4_L100000_5995	HG00621.1	HG00621#1#JAHBCD010000024.1	76510173	100000
hprc4_L100000_5996	HG00621.1	HG00621#1#JAHBCD010000032.1	9098277	100000
hprc4_L100000_5997	HG00621.2	HG00621#2#JAHBCC010000034.1	61991362	100000
hprc4_L100000_5998	HG00621.1	HG00621#1#JAHBCD010000033.1	59734996	100000
hprc4_L100000_5999	HG00621.2	HG00621#2#JAHBCC010000017.1	356262	100000
hprc4_L100000_6000	HG00438.1	HG00438#1#JAHBCB010000011.1	29218830	100000
hprc4_L100000_6001	HG00621.2	HG00621#2#JAHBCC010000024.1	23164642	100000
hprc4_L100000_6002	HG00621.1	HG00621#1#JAHBCD010000027.1	6155769	100000
hprc4_L100000_6003	HG00621.1	HG00621#1#JAHBCD010000063.1	18085540	100000
hprc4_L100000_6004	HG00438.2	HG00438#2#JAHBCA010000022.1	24052828	100000
hprc4_L100000_6005	HG00438.2	HG00438#2#JAHBCA010000012.1	83999936	100000
hprc4_L100000_6006	HG00438.2	HG00438#2#JAHBCA010000043.1	50812775	100000
hprc4_L100000_6007	HG00438.2	HG00438#2#JAHBCA010000040.1	20305996	100000
hprc4_L100000_6008	HG00621.2	HG00621#2#JAHBCC010000067.1	33784402	100000
hprc4_L100000_6009	HG00621.1	HG00621#1#JAHBCD010000016.1	67890266	100000
hprc4_L100000_6010	HG00438.1	HG00438#1#JAHBCB010000011.1	63513180	100000
hprc4_L100000_6011	HG00621.1	HG00621#1#JAHBCD010000011.1	30180446	100000
hprc4_L100000_6012	HG00621.2	HG00621#2#JAHBCC010000049.1	25591419	100000
hprc4_L100000_6013	HG00438.1	HG00438#1#JAHBCB010000021.1	25821120	100000
hprc4_L100000_6014	HG00621.1	HG00621#1#JAHBCD010000053.1	4748481	100000
hprc4_L100000_6015	HG00621.1	HG00621#1#JAHBCD010000035.1	23403080	100000
hprc4_L100000_6016	HG00438.1	HG00438#1#JAHBCB010000021.1	7602957	100000
hprc4_L100000_6017	HG00621.2	HG00621#2#JAHBCC010000009.1	15012208	100000
hprc4_L100000_6018	HG00438.2	HG00438#2#JAHBCA010000043.1	32623476	100000
hprc4_L100000_6019	HG00621.2	HG00621#2#JAHBCC010000028.1	33304292	100000
hprc4_L100000_6020	HG00438.2	HG00438#2#JAHBCA010000001.1	17493298	100000
hprc4_L100000_6021	HG00621.1	HG00621#1#JAHBCD010000024.1	33469148	100000
hprc4_L100000_6022	HG00438.2	HG00438#2#JAHBCA010000020.1	53831229	100000
hprc4_L100000_6023	HG00438.1	HG00438#1#JAHBCB010000058.1	8636021	100000
hprc4_L100000_6024	HG00621.2	HG00621#2#JAHBCC010000010.1	3825300	100000
hprc4_L100000_6025	HG00621.1	HG00621#1#JAHBCD010000058.1	6512731	100000
hprc4_L100000_6026	HG00438.1	HG00438#1#JAHBCB010000019.1	56229557	100000
hprc4_L100000_6027	HG00621.1	HG00621#1#JAHBCD010000023.1	7273061	100000
hprc4_L100000_6028	HG00438.2	HG00438#2#JAHBCA010000126.1	386029	100000
hprc4_L100000_6029	HG00438.1	HG00438#1#JAHBCB010000045.1	34891003	100000
hprc4_L100000_6030	HG00621.2	HG00621#2#JAHBCC010000062.1	2607847	100000
hprc4_L100000_6031	HG00438.1	HG00438#1#JAHBCB010000016.1	5917308	100000
hprc4_L100000_6032	HG00438.2	HG00438#2#JAHBCA010000012.1	54870503	100000
hprc4_L100000_6033	HG00438.1	HG00438#1#JAHBCB010000057.1	11512139	100000
hprc4_L100000_6034	HG00438.2	HG00438#2#JAHBCA010000004.1	44925109	100000
hprc4_L100000_6035	HG00438.1	HG00438#1#JAHBCB010000006.1	29564256	100000
hprc4_L100000_6036	HG00621.1	HG00621#1#JAHBCD010000022.1	72983955	100000
hprc4_L100000_6037	HG00621.2	HG00621#2#JAHBCC010000006.1	77422110	100000
hprc4_L100000_6038	HG00438.1	HG00438#1#JAHBCB010000011.1	74131929	100000
hprc4_L100000_6039	HG00621.1	HG00621#1#JAHBCD010000041.1	44174396	100000
hprc4_L100000_6040	HG00438.1	HG00438#1#JAHBCB010000011.1	44501076	100000
hprc4_L100000_6041	HG00621.1	HG00621#1#JAHBCD010000048.1	1759240	100000
hprc4_L100000_6042	HG00621.2	HG00621#2#JAHBCC010000026.1	6419690	100000
hprc4_L100000_6043	HG00621.1	HG00621#1#JAHBCD010000001.1	62056122	100000
hprc4_L100000_6044	HG00438.1	HG00438#1#JAHBCB010000001.1	38797381	100000
hprc4_L100000_6045	HG00438.2	HG00438#2#JAHBCA010000084.1	2662233	100000
hprc4_L100000_6046	HG00438.1	HG00438#1#JAHBCB010000051.1	15135928	100000
hprc4_L100000_6047	HG00438.1	HG00438#1#JAHBCB010000044.1	9733500	100000
hprc4_L100000_6048	HG00438.1	HG00438#1#JAHBCB010000062.1	2420689	100000
hprc4_L100000_6049	HG00621.1	HG00621#1#JAHBCD010000030.1	19451865	100000
hprc4_L100000_6050	HG00621.2	HG00621#2#JAHBCC010000060.1	18354646	100000
hprc4_L100000_6051	HG00438.1	HG00438#1#JAHBCB010000078.1	5990139	100000
hprc4_L100000_6052	HG00438.2	HG00438#2#JAHBCA010000069.1	3430603	100000
hprc4_L100000_6053	HG00621.2	HG00621#2#JAHBCC010000033.1	75128933	100000
hprc4_L100000_6054	HG00438.2	HG00438#2#JAHBCA010000003.1	42545231	100000
hprc4_L100000_6055	HG00438.1	HG00438#1#JAHBCB010000097.1	42788817	100000
hprc4_L100000_6056	HG00621.1	HG00621#1#JAHBCD010000041.1	71624744	100000
hprc4_L100000_6057	HG00438.1	HG00438#1#JAHBCB010000093.1	7214689	100000
hprc4_L100000_6058	HG00438.2	HG00438#2#JAHBCA010000018.1	35548866	100000
hprc4_L100000_6059	HG00438.1	HG00438#1#JAHBCB010000042.1	25467735	100000
hprc4_L100000_6060	HG00438.2	HG00438#2#JAHBCA010000002.1	24537518	100000
hprc4_L100000_6061	HG00438.2	HG00438#2#JAHBCA010000042.1	7047189	100000
hprc4_L100000_6062	HG00621.2	HG00621#2#JAHBCC010000073.1	4947274	100000
hprc4_L100000_6063	HG00438.1	HG00438#1#JAHBCB010000104.1	2955038	100000
hprc4_L100000_6064	HG00621.2	HG00621#2#JAHBCC010000020.1	90593223	100000
hprc4_L100000_6065	HG00438.2	HG00438#2#JAHBCA010000016.1	38948935	100000
hprc4_L100000_6066	HG00621.2	HG00621#2#JAHBCC010000062.1	25003121	100000
hprc4_L100000_6067	HG00621.2	HG00621#2#JAHBCC010000022.1	38059784	100000
hprc4_L100000_6068	HG00621.2	HG00621#2#JAHBCC010000030.1	1850803	100000
hprc4_L100000_6069	HG00621.2	HG00621#2#JAHBCC010000055.1	47228523	100000
hprc4_L100000_6070	HG00438.1	HG00438#1#JAHBCB010000001.1	26408630	100000
hprc4_L100000_6071	HG00621.2	HG00621#2#JAHBCC010000066.1	18260996	100000
hprc4_L100000_6072	HG00621.2	HG00621#2#JAHBCC010000017.1	9822982	100000
hprc4_L100000_6073	HG00621.1	HG00621#1#JAHBCD010000081.1	5197659	100000
hprc4_L100000_6074	HG00438.1	HG00438#1#JAHBCB010000003.1	123132463	100000
hprc4_L100000_6075	HG00621.2	HG00621#2#JAHBCC010000055.1	46856015	100000
hprc4_L100000_6076	HG00621.2	HG00621#2#JAHBCC010000024.1	20388459	100000
hprc4_L100000_6077	HG00621.1	HG00621#1#JAHBCD010000048.1	27780138	100000
hprc4_L100000_6078	HG00438.2	HG00438#2#JAHBCA010000042.1	40679603	100000
hprc4_L100000_6079	HG00621.2	HG00621#2#JAHBCC010000076.1	18855451	100000
hprc4_L100000_6080	HG00621.2	HG00621#2#JAHBCC010000008.1	48931893	100000
hprc4_L100000_6081	HG00621.2	HG00621#2#JAHBCC010000054.1	25520880	100000
hprc4_L100000_6082	HG00621.2	HG00621#2#JAHBCC010000033.1	32890645	100000
hprc4_L100000_6083	HG00621.2	HG00621#2#JAHBCC010000057.1	2715344	100000
hprc4_L100000_6084	HG00438.2	HG00438#2#JAHBCA010000036.1	31417406	100000
hprc4_L100000_6085	HG00438.2	HG00438#2#JAHBCA010000014.1	10642317	100000
hprc4_L100000_6086	HG00438.1	HG00438#1#JAHBCB010000045.1	54760928	100000
hprc4_L100000_6087	HG00621.2	HG00621#2#JAHBCC010000072.1	29668263	100000
hprc4_L100000_6088	HG00621.1	HG00621#1#JAHBCD010000009.1	27262775	100000
hprc4_L100000_6089	HG00621.2	HG00621#2#JAHBCC010000020.1	53826405	100000
hprc4_L100000_6090	HG00438.2	HG00438#2#JAHBCA010000021.1	19586197	100000
hprc4_L100000_6091	HG00438.2	HG00438#2#JAHBCA010000012.1	52045342	100000
hprc4_L100000_6092	HG00438.1	HG00438#1#JAHBCB010000031.1	16222256	100000
hprc4_L100000_6093	HG00438.1	HG00438#1#JAHBCB010000083.1	2927765	100000
hprc4_L100000_6094	HG00438.1	HG00438#1#JAHBCB010000013.1	4125696	100000
hprc4_L100000_6095	HG00621.1	HG00621#1#JAHBCD010000041.1	58685505	100000
hprc4_L100000_6096	HG00621.2	HG00621#2#JAHBCC010000019.1	23337717	100000
hprc4_L100000_6097	HG00621.1	HG00621#1#JAHBCD010000010.1	15480867	100000
hprc4_L100000_6098	HG00438.2	HG00438#2#JAHBCA010000002.1	41680946	100000
hprc4_L100000_6099	HG00621.2	HG00621#2#JAHBCC010000037.1	12877136	100000
hprc4_L100000_6100	HG00438.1	HG00438#1#JAHBCB010000045.1	63183473	100000
hprc4_L100000_6101	HG00621.2	HG00621#2#JAHBCC010000008.1	46581661	100000
hprc4_L100000_6102	HG00621.1	HG00621#1#JAHBCD010000064.1	20138395	100000
hprc4_L100000_6103	HG00438.2	HG00438#2#JAHBCA010000094.1	13475070	100000
hprc4_L100000_6104	HG00438.2	HG00438#2#JAHBCA010000033.1	40166199	100000
hprc4_L100000_6105	HG00621.2	HG00621#2#JAHBCC010000018.1	52349594	100000
hprc4_L100000_6106	HG00438.2	HG00438#2#JAHBCA010000059.1	1709316	100000
hprc4_L100000_6107	HG00438.1	HG00438#1#JAHBCB010000065.1	16890848	100000
hprc4_L100000_6108	HG00621.2	HG00621#2#JAHBCC010000071.1	9971962	100000
hprc4_L100000_6109	HG00438.2	HG00438#2#JAHBCA010000043.1	71428855	100000
hprc4_L100000_6110	HG00621.2	HG00621#2#JAHBCC010000072.1	15735931	100000
hprc4_L100000_6111	HG00438.1	HG00438#1#JAHBCB010000006.1	43615288	100000
hprc4_L100000_6112	HG00438.2	HG00438#2#JAHBCA010000036.1	25874555	100000
hprc4_L100000_6113	HG00438.1	HG00438#1#JAHBCB010000003.1	59522224	100000
hprc4_L100000_6114	HG00621.1	HG00621#1#JAHBCD010000037.1	35700587	100000
hprc4_L100000_6115	HG00438.2	HG00438#2#JAHBCA010000043.1	78863677	100000
hprc4_L100000_6116	HG00621.2	HG00621#2#JAHBCC010000028.1	32807098	100000
hprc4_L100000_6117	HG00438.1	HG00438#1#JAHBCB010000054.1	743659	100000
hprc4_L100000_6118	HG00621.2	HG00621#2#JAHBCC010000045.1	48958090	100000
hprc4_L100000_6119	HG00621.2	HG00621#2#JAHBCC010000014.1	84834270	100000
hprc4_L100000_6120	HG00621.1	HG00621#1#JAHBCD010000016.1	67620354	100000
hprc4_L100000_6121	HG00438.2	HG00438#2#JAHBCA010000103.1	6344022	100000
hprc4_L100000_6122	HG00438.1	HG00438#1#JAHBCB010000082.1	5175753	100000
hprc4_L100000_6123	HG00438.2	HG00438#2#JAHBCA010000073.1	9523912	100000
hprc4_L100000_6124	HG00621.1	HG00621#1#JAHBCD010000034.1	24534384	100000
hprc4_L100000_6125	HG00621.1	HG00621#1#JAHBCD010000044.1	912622	100000
hprc4_L100000_6126	HG00621.2	HG00621#2#JAHBCC010000013.1	22197643	100000
hprc4_L100000_6127	HG00438.2	HG00438#2#JAHBCA010000003.1	40245295	100000
hprc4_L100000_6128	HG00438.1	HG00438#1#JAHBCB010000071.1	11034689	100000
hprc4_L100000_6129	HG00438.2	HG00438#2#JAHBCA010000046.1	42901297	100000
hprc4_L100000_6130	HG00621.2	HG00621#2#JAHBCC010000004.1	9410835	100000
hprc4_L100000_6131	HG00621.1	HG00621#1#JAHBCD010000064.1	7862314	100000
hprc4_L100000_6132	HG00621.2	HG00621#2#JAHBCC010000055.1	6860870	100000
hprc4_L100000_6133	HG00621.2	HG00621#2#JAHBCC010000036.1	26408562	100000
hprc4_L100000_6134	HG00621.1	HG00621#1#JAHBCD010000034.1	6397685	100000
hprc4_L100000_6135	HG00621.2	HG00621#2#JAHBCC010000020.1	39200932	100000
hprc4_L100000_6136	HG00438.2	HG00438#2#JAHBCA010000005.1	21505402	100000
hprc4_L100000_6137	HG00438.2	HG00438#2#JAHBCA010000103.1	11563377	100000
hprc4_L100000_6138	HG00621.2	HG00621#2#JAHBCC010000008.1	13722883	100000
hprc4_L100000_6139	HG00621.2	HG00621#2#JAHBCC010000020.1	31121834	100000
hprc4_L100000_6140	HG00621.1	HG00621#1#JAHBCD010000016.1	2345459	100000
hprc4_L100000_6141	HG00438.2	HG00438#2#JAHBCA010000002.1	32480112	100000
hprc4_L100000_6142	HG00438.2	HG00438#2#JAHBCA010000008.1	36083440	100000
hprc4_L100000_6143	HG00438.1	HG00438#1#JAHBCB010000091.1	1776066	100000
hprc4_L100000_6144	HG00621.1	HG00621#1#JAHBCD010000048.1	7769355	100000
hprc4_L100000_6145	HG00438.2	HG00438#2#JAHBCA010000040.1	5145190	100000
hprc4_L100000_6146	HG00621.2	HG00621#2#JAHBCC010000026.1	25317633	100000
hprc4_L100000_6147	HG00621.2	HG00621#2#JAHBCC010000073.1	10921471	100000
hprc4_L100000_6148	HG00438.1	HG00438#1#JAHBCB010000044.1	19969309	100000
hprc4_L100000_6149	HG00438.1	HG00438#1#JAHBCB010000003.1	31002292	100000
hprc4_L100000_6150	HG00438.1	HG00438#1#JAHBCB010000015.1	1189590	100000
hprc4_L100000_6151	HG00621.2	HG00621#2#JAHBCC010000006.1	80939244	100000
hprc4_L100000_6152	HG00438.2	HG00438#2#JAHBCA010000065.1	1060264	100000
hprc4_L100000_6153	HG00621.2	HG00621#2#JAHBCC010000026.1	27658527	100000
hprc4_L100000_6154	HG00438.1	HG00438#1#JAHBCB010000008.1	86645746	100000
hprc4_L100000_6155	HG00438.1	HG00438#1#JAHBCB010000037.1	46473322	100000
hprc4_L100000_6156	HG00438.2	HG00438#2#JAHBCA010000010.1	88513322	100000
hprc4_L100000_6157	HG00621.2	HG00621#2#JAHBCC010000033.1	42976253	100000
hprc4_L100000_6158	HG00438.1	HG00438#1#JAHBCB010000017.1	7081037	100000
hprc4_L100000_6159	HG00621.2	HG00621#2#JAHBCC010000020.1	75100408	100000
hprc4_L100000_6160	HG00621.1	HG00621#1#JAHBCD010000047.1	85901051	100000
hprc4_L100000_6161	HG00438.2	HG00438#2#JAHBCA010000046.1	72336120	100000
hprc4_L100000_6162	HG00621.1	HG00621#1#JAHBCD010000041.1	59838171	100000
hprc4_L100000_6163	HG00621.2	HG00621#2#JAHBCC010000005.1	31482852	100000
hprc4_L100000_6164	HG00621.1	HG00621#1#JAHBCD010000064.1	18000532	100000
hprc4_L100000_6165	HG00438.2	HG00438#2#JAHBCA010000037.1	16749081	100000
hprc4_L100000_6166	HG00438.1	HG00438#1#JAHBCB010000006.1	35098439	100000
hprc4_L100000_6167	HG00621.1	HG00621#1#JAHBCD010000052.1	40653229	100000
hprc4_L100000_6168	HG00621.1	HG00621#1#JAHBCD010000037.1	39500700	100000
hprc4_L100000_6169	HG00438.1	HG00438#1#JAHBCB010000001.1	10145361	100000
hprc4_L100000_6170	HG00438.1	HG00438#1#JAHBCB010000003.1	28511598	100000
hprc4_L100000_6171	HG00438.2	HG00438#2#JAHBCA010000087.1	10524978	100000
hprc4_L100000_6172	HG00621.2	HG00621#2#JAHBCC010000001.1	28696401	100000
hprc4_L100000_6173	HG00621.2	HG00621#2#JAHBCC010000008.1	68810700	100000
hprc4_L100000_6174	HG00621.1	HG00621#1#JAHBCD010000050.1	60061246	100000
hprc4_L100000_6175	HG00621.1	HG00621#1#JAHBCD010000109.1	440749	100000
hprc4_L100000_6176	HG00621.1	HG00621#1#JAHBCD010000008.1	51259658	100000
hprc4_L100000_6177	HG00621.1	HG00621#1#JAHBCD010000007.1	26113073	100000
hprc4_L100000_6178	HG00621.2	HG00621#2#JAHBCC010000018.1	68911979	100000
hprc4_L100000_6179	HG00621.2	HG00621#2#JAHBCC010000049.1	13740186	100000
hprc4_L100000_6180	HG00621.2	HG00621#2#JAHBCC010000078.1	30316801	100000
hprc4_L100000_6181	HG00621.1	HG00621#1#JAHBCD010000062.1	3476718	100000
hprc4_L100000_6182	HG00621.2	HG00621#2#JAHBCC010000060.1	10822229	100000
hprc4_L100000_6183	HG00621.1	HG00621#1#JAHBCD010000052.1	18399145	100000
hprc4_L100000_6184	HG00621.1	HG00621#1#JAHBCD010000014.1	30063908	100000
hprc4_L100000_6185	HG00438.1	HG00438#1#JAHBCB010000003.1	100477319	100000
hprc4_L100000_6186	HG00621.1	HG00621#1#JAHBCD010000061.1	1138096	100000
hprc4_L100000_6187	HG00621.1	HG00621#1#JAHBCD010000031.1	33850672	100000
hprc4_L100000_6188	HG00438.2	HG00438#2#JAHBCA010000042.1	21848847	100000
hprc4_L100000_6189	HG00438.2	HG00438#2#JAHBCA010000011.1	98323310	100000
hprc4_L100000_6190	HG00621.1	HG00621#1#JAHBCD010000019.1	11023251	100000
hprc4_L100000_6191	HG00438.1	HG00438#1#JAHBCB010000008.1	71501514	100000
hprc4_L100000_6192	HG00621.2	HG00621#2#JAHBCC010000123.1	76128	100000
hprc4_L100000_6193	HG00438.2	HG00438#2#JAHBCA010000048.1	21368258	100000
hprc4_L100000_6194	HG00438.1	HG00438#1#JAHBCB010000006.1	40157345	100000
hprc4_L100000_6195	HG00438.2	HG00438#2#JAHBCA010000032.1	13582543	100000
hprc4_L100000_6196	HG00438.1	HG00438#1#JAHBCB010000032.1	2977347	100000
hprc4_L100000_6197	HG00621.1	HG00621#1#JAHBCD010000041.1	20417101	100000
hprc4_L100000_6198	HG00438.1	HG00438#1#JAHBCB010000057.1	48507177	100000
hprc4_L100000_6199	HG00438.2	HG00438#2#JAHBCA010000005.1	71362182	100000
hprc4_L100000_6200	HG00621.1	HG00621#1#JAHBCD010000041.1	41100488	100000
hprc4_L100000_6201	HG00621.1	HG00621#1#JAHBCD010000028.1	42515988	100000
hprc4_L100000_6202	HG00621.2	HG00621#2#JAHBCC010000009.1	1393905	100000
hprc4_L100000_6203	HG00621.1	HG00621#1#JAHBCD010000063.1	23650023	100000
hprc4_L100000_6204	HG00621.2	HG00621#2#JAHBCC010000033.1	276737	100000
hprc4_L100000_6205	HG00621.1	HG00621#1#JAHBCD010000001.1	92000920	100000
hprc4_L100000_6206	HG00438.2	HG00438#2#JAHBCA010000032.1	31951852	100000
hprc4_L100000_6207	HG00438.2	HG00438#2#JAHBCA010000022.1	18387987	100000
hprc4_L100000_6208	HG00621.1	HG00621#1#JAHBCD010000033.1	62621853	100000
hprc4_L100000_6209	HG00621.1	HG00621#1#JAHBCD010000072.1	252962	100000
hprc4_L100000_6210	HG00438.2	HG00438#2#JAHBCA010000002.1	86766790	100000
hprc4_L100000_6211	HG00438.1	HG00438#1#JAHBCB010000004.1	58064780	100000
hprc4_L100000_6212	HG00438.1	HG00438#1#JAHBCB010000022.1	13689636	100000
hprc4_L100000_6213	HG00438.1	HG00438#1#JAHBCB010000051.1	4067911	100000
hprc4_L100000_6214	HG00438.2	HG00438#2#JAHBCA010000053.1	6825836	100000
hprc4_L100000_6215	HG00438.1	HG00438#1#JAHBCB010000085.1	933030	100000
hprc4_L100000_6216	HG00438.1	HG00438#1#JAHBCB010000078.1	717807	100000
hprc4_L100000_6217	HG00621.1	HG00621#1#JAHBCD010000027.1	4973809	100000
hprc4_L100000_6218	HG00621.1	HG00621#1#JAHBCD010000021.1	32676139	100000
hprc4_L100000_6219	HG00621.2	HG00621#2#JAHBCC010000042.1	1431506	100000
hprc4_L100000_6220	HG00621.1	HG00621#1#JAHBCD010000016.1	71318028	100000
hprc4_L100000_6221	HG00621.2	HG00621#2#JAHBCC010000008.1	18315695	100000
hprc4_L100000_6222	HG00621.2	HG00621#2#JAHBCC010000011.1	17573377	100000
hprc4_L100000_6223	HG00438.2	HG00438#2#JAHBCA010000042.1	37862319	100000
hprc4_L100000_6224	HG00621.2	HG00621#2#JAHBCC010000045.1	237907	100000
hprc4_L100000_6225	HG00438.2	HG00438#2#JAHBCA010000041.1	9421946	100000
hprc4_L100000_6226	HG00621.1	HG00621#1#JAHBCD010000065.1	2138104	100000
hprc4_L100000_6227	HG00621.2	HG00621#2#JAHBCC010000087.1	15805793	100000
hprc4_L100000_6228	HG00621.2	HG00621#2#JAHBCC010000048.1	29381294	100000
hprc4_L100000_6229	HG00438.2	HG00438#2#JAHBCA010000002.1	90678773	100000
hprc4_L100000_6230	HG00621.2	HG00621#2#JAHBCC010000024.1	5516007	100000
hprc4_L100000_6231	HG00621.2	HG00621#2#JAHBCC010000023.1	18890064	100000
hprc4_L100000_6232	HG00438.1	HG00438#1#JAHBCB010000017.1	27009418	100000
hprc4_L100000_6233	HG00438.2	HG00438#2#JAHBCA010000056.1	4440017	100000
hprc4_L100000_6234	HG00621.2	HG00621#2#JAHBCC010000066.1	26377341	100000
hprc4_L100000_6235	HG00621.2	HG00621#2#JAHBCC010000033.1	54447211	100000
hprc4_L100000_6236	HG00621.2	HG00621#2#JAHBCC010000001.1	23549785	100000
hprc4_L100000_6237	HG00621.2	HG00621#2#JAHBCC010000024.1	84542	100000
hprc4_L100000_6238	HG00621.2	HG00621#2#JAHBCC010000059.1	2505583	100000
hprc4_L100000_6239	HG00621.1	HG00621#1#JAHBCD010000016.1	41522094	100000
hprc4_L100000_6240	HG00438.2	HG00438#2#JAHBCA010000062.1	705597	100000
hprc4_L100000_6241	HG00621.2	HG00621#2#JAHBCC010000054.1	35187688	100000
hprc4_L100000_6242	HG00621.2	HG00621#2#JAHBCC010000075.1	1057627	100000
hprc4_L100000_6243	HG00438.1	HG00438#1#JAHBCB010000129.1	4346017	100000
hprc4_L100000_6244	HG00621.2	HG00621#2#JAHBCC010000051.1	14881534	100000
hprc4_L100000_6245	HG00621.1	HG00621#1#JAHBCD010000017.1	38357346	100000
hprc4_L100000_6246	HG00621.2	HG00621#2#JAHBCC010000056.1	21330622	100000
hprc4_L100000_6247	HG00438.2	HG00438#2#JAHBCA010000012.1	66516285	100000
hprc4_L100000_6248	HG00621.2	HG00621#2#JAHBCC010000055.1	84729469	100000
hprc4_L100000_6249	HG00621.2	HG00621#2#JAHBCC010000006.1	118041179	100000
hprc4_L100000_6250	HG00621.2	HG00621#2#JAHBCC010000020.1	21937490	100000
hprc4_L100000_6251	HG00438.1	HG00438#1#JAHBCB010000048.1	10058583	100000
hprc4_L100000_6252	HG00438.2	HG00438#2#JAHBCA010000011.1	26277379	100000
hprc4_L100000_6253	HG00438.1	HG00438#1#JAHBCB010000004.1	7800185	100000
hprc4_L100000_6254	HG00438.1	HG00438#1#JAHBCB010000024.1	1814134	100000
hprc4_L100000_6255	HG00438.2	HG00438#2#JAHBCA010000058.1	1868451	100000
hprc4_L100000_6256	HG00621.2	HG00621#2#JAHBCC010000037.1	16142235	100000
hprc4_L100000_6257	HG00621.1	HG00621#1#JAHBCD010000063.1	27327459	100000
hprc4_L100000_6258	HG00621.2	HG00621#2#JAHBCC010000059.1	1605919	100000
hprc4_L100000_6259	HG00621.2	HG00621#2#JAHBCC010000049.1	7275154	100000
hprc4_L100000_6260	HG00438.1	HG00438#1#JAHBCB010000015.1	39654480	100000
hprc4_L100000_6261	HG00438.2	HG00438#2#JAHBCA010000030.1	437348	100000
hprc4_L100000_6262	HG00438.1	HG00438#1#JAHBCB010000027.1	36627960	100000
hprc4_L100000_6263	HG00438.2	HG00438#2#JAHBCA010000012.1	66976770	100000
hprc4_L100000_6264	HG00621.1	HG00621#1#JAHBCD010000032.1	21588807	100000
hprc4_L100000_6265	HG00621.1	HG00621#1#JAHBCD010000032.1	21402406	100000
hprc4_L100000_6266	HG00621.2	HG00621#2#JAHBCC010000039.1	93793132	100000
hprc4_L100000_6267	HG00621.2	HG00621#2#JAHBCC010000015.1	5219526	100000
hprc4_L100000_6268	HG00621.2	HG00621#2#JAHBCC010000034.1	56387125	100000
hprc4_L100000_6269	HG00438.1	HG00438#1#JAHBCB010000008.1	65764643	100000
hprc4_L100000_6270	HG00621.2	HG00621#2#JAHBCC010000006.1	44767423	100000
hprc4_L100000_6271	HG00438.2	HG00438#2#JAHBCA010000033.1	25002776	100000
hprc4_L100000_6272	HG00621.1	HG00621#1#JAHBCD010000015.1	15274352	100000
hprc4_L100000_6273	HG00621.2	HG00621#2#JAHBCC010000011.1	6884468	100000
hprc4_L100000_6274	HG00438.1	HG00438#1#JAHBCB010000009.1	13796058	100000
hprc4_L100000_6275	HG00621.2	HG00621#2#JAHBCC010000042.1	3943769	100000
hprc4_L100000_6276	HG00621.1	HG00621#1#JAHBCD010000009.1	43779284	100000
hprc4_L100000_6277	HG00438.2	HG00438#2#JAHBCA010000003.1	63960834	100000
hprc4_L100000_6278	HG00438.1	HG00438#1#JAHBCB010000036.1	3969335	100000
hprc4_L100000_6279	HG00438.1	HG00438#1#JAHBCB010000007.1	2122468	100000
hprc4_L100000_6280	HG00621.2	HG00621#2#JAHBCC010000020.1	61270822	100000
hprc4_L100000_6281	HG00621.1	HG00621#1#JAHBCD010000044.1	6087298	100000
hprc4_L100000_6282	HG00438.1	HG00438#1#JAHBCB010000042.1	22753032	100000
hprc4_L100000_6283	HG00621.1	HG00621#1#JAHBCD010000104.1	10261279	100000
hprc4_L100000_6284	HG00621.2	HG00621#2#JAHBCC010000076.1	34780045	100000
hprc4_L100000_6285	HG00438.2	HG00438#2#JAHBCA010000042.1	44272475	100000
hprc4_L100000_6286	HG00621.2	HG00621#2#JAHBCC010000026.1	12344368	100000
hprc4_L100000_6287	HG00621.2	HG00621#2#JAHBCC010000006.1	119003771	100000
hprc4_L100000_6288	HG00621.1	HG00621#1#JAHBCD010000027.1	16079898	100000
hprc4_L100000_6289	HG00438.1	HG00438#1#JAHBCB010000085.1	25937360	100000
hprc4_L100000_6290	HG00621.2	HG00621#2#JAHBCC010000087.1	10631318	100000
hprc4_L100000_6291	HG00621.2	HG00621#2#JAHBCC010000033.1	73857674	100000
hprc4_L100000_6292	HG00438.1	HG00438#1#JAHBCB010000032.1	13357901	100000
hprc4_L100000_6293	HG00621.2	HG00621#2#JAHBCC010000069.1	2450907	100000
hprc4_L100000_6294	HG00621.1	HG00621#1#JAHBCD010000025.1	23287341	100000
hprc4_L100000_6295	HG00438.1	HG00438#1#JAHBCB010000072.1	2898841	100000
hprc4_L100000_6296	HG00621.2	HG00621#2#JAHBCC010000011.1	7529119	100000
hprc4_L100000_6297	HG00438.2	HG00438#2#JAHBCA010000033.1	19789256	100000
hprc4_L100000_6298	HG00621.1	HG00621#1#JAHBCD010000011.1	10113328	100000
hprc4_L100000_6299	HG00621.2	HG00621#2#JAHBCC010000021.1	3146766	100000
hprc4_L100000_6300	HG00621.2	HG00621#2#JAHBCC010000031.1	17705641	100000
hprc4_L100000_6301	HG00621.1	HG00621#1#JAHBCD010000103.1	266719	100000
hprc4_L100000_6302	HG00438.1	HG00438#1#JAHBCB010000015.1	23507756	100000
hprc4_L100000_6303	HG00621.1	HG00621#1#JAHBCD010000005.1	34746746	100000
hprc4_L100000_6304	HG00621.2	HG00621#2#JAHBCC010000054.1	22470765	100000
hprc4_L100000_6305	HG00438.2	HG00438#2#JAHBCA010000025.1	9637638	100000
hprc4_L100000_6306	HG00438.1	HG00438#1#JAHBCB010000058.1	24256490	100000
hprc4_L100000_6307	HG00438.2	HG00438#2#JAHBCA010000052.1	9669588	100000
hprc4_L100000_6308	HG00621.1	HG00621#1#JAHBCD010000026.1	7687839	100000
hprc4_L100000_6309	HG00621.2	HG00621#2#JAHBCC010000039.1	35007364	100000
hprc4_L100000_6310	HG00438.2	HG00438#2#JAHBCA010000001.1	38618627	100000
hprc4_L100000_6311	HG00621.1	HG00621#1#JAHBCD010000009.1	47437554	100000
hprc4_L100000_6312	HG00438.1	HG00438#1#JAHBCB010000023.1	575731	100000
hprc4_L100000_6313	HG00621.2	HG00621#2#JAHBCC010000036.1	1221260	100000
hprc4_L100000_6314	HG00621.1	HG00621#1#JAHBCD010000092.1	250842	100000
hprc4_L100000_6315	HG00438.2	HG00438#2#JAHBCA010000056.1	7750531	100000
hprc4_L100000_6316	HG00438.2	HG00438#2#JAHBCA010000057.1	18273207	100000
hprc4_L100000_6317	HG00438.1	HG00438#1#JAHBCB010000011.1	11796171	100000
hprc4_L100000_6318	HG00621.1	HG00621#1#JAHBCD010000024.1	51750912	100000
hprc4_L100000_6319	HG00621.1	HG00621#1#JAHBCD010000047.1	23933362	100000
hprc4_L100000_6320	HG00621.1	HG00621#1#JAHBCD010000010.1	57932927	100000
hprc4_L100000_6321	HG00438.2	HG00438#2#JAHBCA010000052.1	982869	100000
hprc4_L100000_6322	HG00438.1	HG00438#1#JAHBCB010000015.1	75197800	100000
hprc4_L100000_6323	HG00621.1	HG00621#1#JAHBCD010000089.1	816672	100000
hprc4_L100000_6324	HG00438.2	HG00438#2#JAHBCA010000012.1	36178513	100000
hprc4_L100000_6325	HG00621.2	HG00621#2#JAHBCC010000007.1	8014046	100000
hprc4_L100000_6326	HG00438.1	HG00438#1#JAHBCB010000003.1	53921256	100000
hprc4_L100000_6327	HG00621.1	HG00621#1#JAHBCD010000124.1	70754	100000
hprc4_L100000_6328	HG00621.2	HG00621#2#JAHBCC010000055.1	36324322	100000
hprc4_L100000_6329	HG00621.1	HG00621#1#JAHBCD010000005.1	51804310	100000
hprc4_L100000_6330	HG00621.2	HG00621#2#JAHBCC010000008.1	74292376	100000
hprc4_L100000_6331	HG00621.2	HG00621#2#JAHBCC010000001.1	30755997	100000
hprc4_L100000_6332	HG00438.2	HG00438#2#JAHBCA010000049.1	2557837	100000
hprc4_L100000_6333	HG00621.1	HG00621#1#JAHBCD010000019.1	14698720	100000
hprc4_L100000_6334	HG00621.1	HG00621#1#JAHBCD010000052.1	41703389	100000
hprc4_L100000_6335	HG00438.1	HG00438#1#JAHBCB010000015.1	48958802	100000
hprc4_L100000_6336	HG00621.2	HG00621#2#JAHBCC010000022.1	76271115	100000
hprc4_L100000_6337	HG00438.1	HG00438#1#JAHBCB010000005.1	23456844	100000
hprc4_L100000_6338	HG00621.2	HG00621#2#JAHBCC010000034.1	62385992	100000
hprc4_L100000_6339	HG00621.1	HG00621#1#JAHBCD010000005.1	79489827	100000
hprc4_L100000_6340	HG00621.1	HG00621#1#JAHBCD010000087.1	3180267	100000
hprc4_L100000_6341	HG00621.1	HG00621#1#JAHBCD010000005.1	54912818	100000
hprc4_L100000_6342	HG00438.1	HG00438#1#JAHBCB010000005.1	28299880	100000
hprc4_L100000_6343	HG00438.1	HG00438#1#JAHBCB010000033.1	11565348	100000
hprc4_L100000_6344	HG00621.2	HG00621#2#JAHBCC010000007.1	27654743	100000
hprc4_L100000_6345	HG00621.1	HG00621#1#JAHBCD010000031.1	40808645	100000
hprc4_L100000_6346	HG00621.2	HG00621#2#JAHBCC010000076.1	9504603	100000
hprc4_L100000_6347	HG00438.1	HG00438#1#JAHBCB010000102.1	1371493	100000
hprc4_L100000_6348	HG00621.2	HG00621#2#JAHBCC010000041.1	9353201	100000
hprc4_L100000_6349	HG00438.2	HG00438#2#JAHBCA010000042.1	4192452	100000
hprc4_L100000_6350	HG00438.1	HG00438#1#JAHBCB010000017.1	26110425	100000
hprc4_L100000_6351	HG00438.2	HG00438#2#JAHBCA010000021.1	4534899	100000
hprc4_L100000_6352	HG00438.2	HG00438#2#JAHBCA010000106.1	1938379	100000
hprc4_L100000_6353	HG00621.1	HG00621#1#JAHBCD010000025.1	15964528	100000
hprc4_L100000_6354	HG00621.2	HG00621#2#JAHBCC010000019.1	19448990	100000
hprc4_L100000_6355	HG00438.2	HG00438#2#JAHBCA010000008.1	10207076	100000
hprc4_L100000_6356	HG00438.2	HG00438#2#JAHBCA010000035.1	21571935	100000
hprc4_L100000_6357	HG00438.1	HG00438#1#JAHBCB010000003.1	93398020	100000
hprc4_L100000_6358	HG00438.1	HG00438#1#JAHBCB010000005.1	33018136	100000
hprc4_L100000_6359	HG00621.2	HG00621#2#JAHBCC010000075.1	8978876	100000
hprc4_L100000_6360	HG00438.1	HG00438#1#JAHBCB010000011.1	42640388	100000
hprc4_L100000_6361	HG00438.1	HG00438#1#JAHBCB010000032.1	17247816	100000
hprc4_L100000_6362	HG00621.2	HG00621#2#JAHBCC010000023.1	7200079	100000
hprc4_L100000_6363	HG00438.2	HG00438#2#JAHBCA010000019.1	24136969	100000
hprc4_L100000_6364	HG00438.1	HG00438#1#JAHBCB010000111.1	2802003	100000
hprc4_L100000_6365	HG00621.1	HG00621#1#JAHBCD010000028.1	32618124	100000
hprc4_L100000_6366	HG00621.1	HG00621#1#JAHBCD010000027.1	17184865	100000
hprc4_L100000_6367	HG00621.2	HG00621#2#JAHBCC010000019.1	40562599	100000
hprc4_L100000_6368	HG00621.2	HG00621#2#JAHBCC010000001.1	23191642	100000
hprc4_L100000_6369	HG00438.2	HG00438#2#JAHBCA010000016.1	75446072	100000
hprc4_L100000_6370	HG00438.1	HG00438#1#JAHBCB010000068.1	17203957	100000
hprc4_L100000_6371	HG00621.1	HG00621#1#JAHBCD010000020.1	40458120	100000
hprc4_L100000_6372	HG00438.2	HG00438#2#JAHBCA010000003.1	65954658	100000
hprc4_L100000_6373	HG00621.1	HG00621#1#JAHBCD010000024.1	19486065	100000
hprc4_L100000_6374	HG00621.2	HG00621#2#JAHBCC010000032.1	9671939	100000
hprc4_L100000_6375	HG00438.1	HG00438#1#JAHBCB010000074.1	34139757	100000
hprc4_L100000_6376	HG00621.1	HG00621#1#JAHBCD010000009.1	45851521	100000
hprc4_L100000_6377	HG00438.1	HG00438#1#JAHBCB010000053.1	9582020	100000
hprc4_L100000_6378	HG00438.1	HG00438#1#JAHBCB010000046.1	2799983	100000
hprc4_L100000_6379	HG00438.1	HG00438#1#JAHBCB010000025.1	26087122	100000
hprc4_L100000_6380	HG00438.1	HG00438#1#JAHBCB010000104.1	1921467	100000
hprc4_L100000_6381	HG00438.2	HG00438#2#JAHBCA010000072.1	12354843	100000
hprc4_L100000_6382	HG00621.2	HG00621#2#JAHBCC010000040.1	5629353	100000
hprc4_L100000_6383	HG00621.2	HG00621#2#JAHBCC010000030.1	22812273	100000
hprc4_L100000_6384	HG00438.1	HG00438#1#JAHBCB010000006.1	18862226	100000
hprc4_L100000_6385	HG00438.2	HG00438#2#JAHBCA010000086.1	4129774	100000
hprc4_L100000_6386	HG00621.2	HG00621#2#JAHBCC010000026.1	35438357	100000
hprc4_L100000_6387	HG00438.2	HG00438#2#JAHBCA010000008.1	26115909	100000
hprc4_L100000_6388	HG00621.1	HG00621#1#JAHBCD010000086.1	386466	100000
hprc4_L100000_6389	HG00438.1	HG00438#1#JAHBCB010000022.1	5275545	100000
hprc4_L100000_6390	HG00621.2	HG00621#2#JAHBCC010000065.1	6134083	100000
hprc4_L100000_6391	HG00621.2	HG00621#2#JAHBCC010000045.1	41123212	100000
hprc4_L100000_6392	HG00438.1	HG00438#1#JAHBCB010000015.1	9015354	100000
hprc4_L100000_6393	HG00438.2	HG00438#2#JAHBCA010000071.1	5505218	100000
hprc4_L100000_6394	HG00438.2	HG00438#2#JAHBCA010000008.1	15028288	100000
hprc4_L100000_6395	HG00621.2	HG00621#2#JAHBCC010000031.1	44676243	100000
hprc4_L100000_6396	HG00621.2	HG00621#2#JAHBCC010000017.1	6449502	100000
hprc4_L100000_6397	HG00621.1	HG00621#1#JAHBCD010000042.1	9031692	100000
hprc4_L100000_6398	HG00621.1	HG00621#1#JAHBCD010000013.1	9002547	100000
hprc4_L100000_6399	HG00438.2	HG00438#2#JAHBCA010000092.1	2307476	100000
hprc4_L100000_6400	HG00438.2	HG00438#2#JAHBCA010000046.1	2977960	100000
hprc4_L100000_6401	HG00621.1	HG00621#1#JAHBCD010000072.1	7462970	100000
hprc4_L100000_6402	HG00438.2	HG00438#2#JAHBCA010000033.1	48008724	100000
hprc4_L100000_6403	HG00438.1	HG00438#1#JAHBCB010000016.1	70934986	100000
hprc4_L100000_6404	HG00438.2	HG00438#2#JAHBCA010000012.1	71949656	100000
hprc4_L100000_6405	HG00438.1	HG00438#1#JAHBCB010000016.1	18008837	100000
hprc4_L100000_6406	HG00438.2	HG00438#2#JAHBCA010000005.1	44235658	100000
hprc4_L100000_6407	HG00621.2	HG00621#2#JAHBCC010000025.1	7233091	100000
hprc4_L100000_6408	HG00621.1	HG00621#1#JAHBCD010000037.1	15611641	100000
hprc4_L100000_6409	HG00621.1	HG00621#1#JAHBCD010000047.1	48974723	100000
hprc4_L100000_6410	HG00438.2	HG00438#2#JAHBCA010000070.1	2763361	100000
hprc4_L100000_6411	HG00621.2	HG00621#2#JAHBCC010000066.1	17093750	100000
hprc4_L100000_6412	HG00621.1	HG00621#1#JAHBCD010000007.1	9783094	100000
hprc4_L100000_6413	HG00438.2	HG00438#2#JAHBCA010000043.1	56992923	100000
hprc4_L100000_6414	HG00621.2	HG00621#2#JAHBCC010000031.1	36070348	100000
hprc4_L100000_6415	HG00621.1	HG00621#1#JAHBCD010000064.1	44701499	100000
hprc4_L100000_6416	HG00621.2	HG00621#2#JAHBCC010000064.1	15781600	100000
hprc4_L100000_6417	HG00438.2	HG00438#2#JAHBCA010000021.1	885149	100000
hprc4_L100000_6418	HG00438.1	HG00438#1#JAHBCB010000019.1	59704374	100000
hprc4_L100000_6419	HG00621.2	HG00621#2#JAHBCC010000084.1	13413467	100000
hprc4_L100000_6420	HG00621.2	HG00621#2#JAHBCC010000039.1	84174682	100000
hprc4_L100000_6421	HG00621.2	HG00621#2#JAHBCC010000030.1	12719930	100000
hprc4_L100000_6422	HG00438.1	HG00438#1#JAHBCB010000018.1	19784806	100000
hprc4_L100000_6423	HG00621.1	HG00621#1#JAHBCD010000047.1	26312748	100000
hprc4_L100000_6424	HG00438.2	HG00438#2#JAHBCA010000002.1	23160812	100000
hprc4_L100000_6425	HG00621.1	HG00621#1#JAHBCD010000005.1	35043494	100000
hprc4_L100000_6426	HG00438.1	HG00438#1#JAHBCB010000067.1	12627520	100000
hprc4_L100000_6427	HG00621.2	HG00621#2#JAHBCC010000032.1	20079297	100000
hprc4_L100000_6428	HG00438.1	HG00438#1#JAHBCB010000025.1	19800244	100000
hprc4_L100000_6429	HG00621.2	HG00621#2#JAHBCC010000008.1	37908666	100000
hprc4_L100000_6430	HG00621.1	HG00621#1#JAHBCD010000039.1	2437923	100000
hprc4_L100000_6431	HG00621.1	HG00621#1#JAHBCD010000049.1	602600	100000
hprc4_L100000_6432	HG00621.2	HG00621#2#JAHBCC010000008.1	38830682	100000
hprc4_L100000_6433	HG00438.2	HG00438#2#JAHBCA010000054.1	20763650	100000
hprc4_L100000_6434	HG00438.1	HG00438#1#JAHBCB010000126.1	769215	100000
hprc4_L100000_6435	HG00438.1	HG00438#1#JAHBCB010000066.1	20593466	100000
hprc4_L100000_6436	HG00621.2	HG00621#2#JAHBCC010000022.1	85799299	100000
hprc4_L100000_6437	HG00438.1	HG00438#1#JAHBCB010000062.1	3730687	100000
hprc4_L100000_6438	HG00438.1	HG00438#1#JAHBCB010000001.1	3350913	100000
hprc4_L100000_6439	HG00621.2	HG00621#2#JAHBCC010000030.1	1084835	100000
hprc4_L100000_6440	HG00438.1	HG00438#1#JAHBCB010000006.1	22638028	100000
hprc4_L100000_6441	HG00438.2	HG00438#2#JAHBCA010000086.1	6220786	100000
hprc4_L100000_6442	HG00438.2	HG00438#2#JAHBCA010000002.1	91709113	100000
hprc4_L100000_6443	HG00621.2	HG00621#2#JAHBCC010000006.1	58357981	100000
hprc4_L100000_6444	HG00438.2	HG00438#2#JAHBCA010000055.1	26665941	100000
hprc4_L100000_6445	HG00438.1	HG00438#1#JAHBCB010000015.1	71496583	100000
hprc4_L100000_6446	HG00438.2	HG00438#2#JAHBCA010000016.1	63426607	100000
hprc4_L100000_6447	HG00438.1	HG00438#1#JAHBCB010000037.1	69196810	100000
hprc4_L100000_6448	HG00438.2	HG00438#2#JAHBCA010000042.1	1579655	100000
hprc4_L100000_6449	HG00438.1	HG00438#1#JAHBCB010000020.1	20367192	100000
hprc4_L100000_6450	HG00438.2	HG00438#2#JAHBCA010000002.1	131988099	100000
hprc4_L100000_6451	HG00621.2	HG00621#2#JAHBCC010000018.1	72604659	100000
hprc4_L100000_6452	HG00438.2	HG00438#2#JAHBCA010000058.1	15810122	100000
hprc4_L100000_6453	HG00621.1	HG00621#1#JAHBCD010000069.1	7066656	100000
hprc4_L100000_6454	HG00438.1	HG00438#1#JAHBCB010000004.1	13053878	100000
hprc4_L100000_6455	HG00621.2	HG00621#2#JAHBCC010000006.1	95952472	100000
hprc4_L100000_6456	HG00621.2	HG00621#2#JAHBCC010000005.1	53603284	100000
hprc4_L100000_6457	HG00621.2	HG00621#2#JAHBCC010000059.1	1020854	100000
hprc4_L100000_6458	HG00438.1	HG00438#1#JAHBCB010000003.1	100369342	100000
hprc4_L100000_6459	HG00621.2	HG00621#2#JAHBCC010000005.1	12402807	100000
hprc4_L100000_6460	HG00621.1	HG00621#1#JAHBCD010000037.1	7077969	100000
hprc4_L100000_6461	HG00621.2	HG00621#2#JAHBCC010000020.1	75290808	100000
hprc4_L100000_6462	HG00438.1	HG00438#1#JAHBCB010000003.1	46335922	100000
hprc4_L100000_6463	HG00621.1	HG00621#1#JAHBCD010000050.1	40637343	100000
hprc4_L100000_6464	HG00438.1	HG00438#1#JAHBCB010000001.1	21430241	100000
hprc4_L100000_6465	HG00621.1	HG00621#1#JAHBCD010000002.1	78467285	100000
hprc4_L100000_6466	HG00438.1	HG00438#1#JAHBCB010000015.1	6687901	100000
hprc4_L100000_6467	HG00621.2	HG00621#2#JAHBCC010000015.1	4631191	100000
hprc4_L100000_6468	HG00621.2	HG00621#2#JAHBCC010000018.1	7675626	100000
hprc4_L100000_6469	HG00621.2	HG00621#2#JAHBCC010000078.1	4555317	100000
hprc4_L100000_6470	HG00621.2	HG00621#2#JAHBCC010000022.1	70704998	100000
hprc4_L100000_6471	HG00621.2	HG00621#2#JAHBCC010000004.1	23300531	100000
hprc4_L100000_6472	HG00621.2	HG00621#2#JAHBCC010000036.1	30684125	100000
hprc4_L100000_6473	HG00438.2	HG00438#2#JAHBCA010000011.1	82936253	100000
hprc4_L100000_6474	HG00621.2	HG00621#2#JAHBCC010000080.1	3303476	100000
hprc4_L100000_6475	HG00621.2	HG00621#2#JAHBCC010000003.1	16464903	100000
hprc4_L100000_6476	HG00621.2	HG00621#2#JAHBCC010000045.1	56164913	100000
hprc4_L100000_6477	HG00438.1	HG00438#1#JAHBCB010000019.1	22233033	100000
hprc4_L100000_6478	HG00438.1	HG00438#1#JAHBCB010000019.1	17101455	100000
hprc4_L100000_6479	HG00438.1	HG00438#1#JAHBCB010000016.1	17055832	100000
hprc4_L100000_6480	HG00621.2	HG00621#2#JAHBCC010000056.1	28878412	100000
hprc4_L100000_6481	HG00438.2	HG00438#2#JAHBCA010000030.1	1049720	100000
hprc4_L100000_6482	HG00621.2	HG00621#2#JAHBCC010000047.1	2433436	100000
hprc4_L100000_6483	HG00438.2	HG00438#2#JAHBCA010000016.1	23343342	100000
hprc4_L100000_6484	HG00621.2	HG00621#2#JAHBCC010000028.1	14501744	100000
hprc4_L100000_6485	HG00621.2	HG00621#2#JAHBCC010000018.1	68372805	100000
hprc4_L100000_6486	HG00438.2	HG00438#2#JAHBCA010000016.1	79854493	100000
hprc4_L100000_6487	HG00438.2	HG00438#2#JAHBCA010000004.1	47614086	100000
hprc4_L100000_6488	HG00621.1	HG00621#1#JAHBCD010000021.1	64907322	100000
hprc4_L100000_6489	HG00621.1	HG00621#1#JAHBCD010000019.1	12281874	100000
hprc4_L100000_6490	HG00438.1	HG00438#1#JAHBCB010000022.1	50510631	100000
hprc4_L100000_6491	HG00621.1	HG00621#1#JAHBCD010000025.1	32441022	100000
hprc4_L100000_6492	HG00438.1	HG00438#1#JAHBCB010000077.1	3234825	100000
hprc4_L100000_6493	HG00621.2	HG00621#2#JAHBCC010000057.1	800888	100000
hprc4_L100000_6494	HG00438.1	HG00438#1#JAHBCB010000022.1	10000961	100000
hprc4_L100000_6495	HG00621.2	HG00621#2#JAHBCC010000022.1	30889229	100000
hprc4_L100000_6496	HG00621.2	HG00621#2#JAHBCC010000006.1	51477718	100000
hprc4_L100000_6497	HG00438.2	HG00438#2#JAHBCA010000035.1	17628344	100000
hprc4_L100000_6498	HG00438.1	HG00438#1#JAHBCB010000011.1	47473440	100000
hprc4_L100000_6499	HG00438.2	HG00438#2#JAHBCA010000045.1	14609343	100000
hprc4_L100000_6500	HG00438.2	HG00438#2#JAHBCA010000010.1	23961541	100000
hprc4_L100000_6501	HG00621.1	HG00621#1#JAHBCD010000037.1	38775039	100000
hprc4_L100000_6502	HG00621.1	HG00621#1#JAHBCD010000063.1	22577767	100000
hprc4_L100000_6503	HG00621.2	HG00621#2#JAHBCC010000078.1	14715481	100000
hprc4_L100000_6504	HG00438.2	HG00438#2#JAHBCA010000010.1	33416541	100000
hprc4_L100000_6505	HG00438.2	HG00438#2#JAHBCA010000095.1	6406384	100000
hprc4_L100000_6506	HG00621.2	HG00621#2#JAHBCC010000051.1	21097386	100000
hprc4_L100000_6507	HG00621.2	HG00621#2#JAHBCC010000003.1	6736715	100000
hprc4_L100000_6508	HG00621.2	HG00621#2#JAHBCC010000086.1	2026670	100000
hprc4_L100000_6509	HG00621.1	HG00621#1#JAHBCD010000048.1	3916103	100000
hprc4_L100000_6510	HG00438.2	HG00438#2#JAHBCA010000059.1	64113	100000
hprc4_L100000_6511	HG00438.1	HG00438#1#JAHBCB010000006.1	43148677	100000
hprc4_L100000_6512	HG00621.2	HG00621#2#JAHBCC010000006.1	39426213	100000
hprc4_L100000_6513	HG00621.2	HG00621#2#JAHBCC010000051.1	966865	100000
hprc4_L100000_6514	HG00438.1	HG00438#1#JAHBCB010000062.1	823279	100000
hprc4_L100000_6515	HG00438.1	HG00438#1#JAHBCB010000042.1	21574373	100000
hprc4_L100000_6516	HG00438.2	HG00438#2#JAHBCA010000032.1	32635060	100000
hprc4_L100000_6517	HG00621.2	HG00621#2#JAHBCC010000055.1	13584259	100000
hprc4_L100000_6518	HG00438.2	HG00438#2#JAHBCA010000048.1	20156015	100000
hprc4_L100000_6519	HG00621.2	HG00621#2#JAHBCC010000004.1	29117493	100000
hprc4_L100000_6520	HG00438.2	HG00438#2#JAHBCA010000054.1	10339609	100000
hprc4_L100000_6521	HG00438.2	HG00438#2#JAHBCA010000032.1	42800582	100000
hprc4_L100000_6522	HG00621.1	HG00621#1#JAHBCD010000002.1	77294152	100000
hprc4_L100000_6523	HG00438.2	HG00438#2#JAHBCA010000071.1	2590122	100000
hprc4_L100000_6524	HG00621.1	HG00621#1#JAHBCD010000008.1	19593368	100000
hprc4_L100000_6525	HG00621.2	HG00621#2#JAHBCC010000028.1	56204451	100000
hprc4_L100000_6526	HG00438.1	HG00438#1#JAHBCB010000005.1	12758330	100000
hprc4_L100000_6527	HG00621.1	HG00621#1#JAHBCD010000050.1	49247299	100000
hprc4_L100000_6528	HG00621.2	HG00621#2#JAHBCC010000006.1	84173391	100000
hprc4_L100000_6529	HG00438.2	HG00438#2#JAHBCA010000037.1	29376356	100000
hprc4_L100000_6530	HG00621.2	HG00621#2#JAHBCC010000123.1	267881	100000
hprc4_L100000_6531	HG00621.1	HG00621#1#JAHBCD010000016.1	51502081	100000
hprc4_L100000_6532	HG00438.2	HG00438#2#JAHBCA010000103.1	11189117	100000
hprc4_L100000_6533	HG00621.2	HG00621#2#JAHBCC010000038.1	1899400	100000
hprc4_L100000_6534	HG00621.2	HG00621#2#JAHBCC010000006.1	18022776	100000
hprc4_L100000_6535	HG00438.1	HG00438#1#JAHBCB010000022.1	3430015	100000
hprc4_L100000_6536	HG00621.1	HG00621#1#JAHBCD010000081.1	6470585	100000
hprc4_L100000_6537	HG00438.2	HG00438#2#JAHBCA010000030.1	11663062	100000
hprc4_L100000_6538	HG00621.2	HG00621#2#JAHBCC010000027.1	2267810	100000
hprc4_L100000_6539	HG00438.2	HG00438#2#JAHBCA010000033.1	33899528	100000
hprc4_L100000_6540	HG00438.2	HG00438#2#JAHBCA010000016.1	18664289	100000
hprc4_L100000_6541	HG00438.2	HG00438#2#JAHBCA010000022.1	32867447	100000
hprc4_L100000_6542	HG00438.1	HG00438#1#JAHBCB010000028.1	15721137	100000
hprc4_L100000_6543	HG00438.1	HG00438#1#JAHBCB010000037.1	36448548	100000
hprc4_L100000_6544	HG00621.2	HG00621#2#JAHBCC010000020.1	85329349	100000
hprc4_L100000_6545	HG00438.1	HG00438#1#JAHBCB010000011.1	40455537	100000
hprc4_L100000_6546	HG00621.2	HG00621#2#JAHBCC010000060.1	5192288	100000
hprc4_L100000_6547	HG00438.2	HG00438#2#JAHBCA010000008.1	25609586	100000
hprc4_L100000_6548	HG00621.2	HG00621#2#JAHBCC010000022.1	26560636	100000
hprc4_L100000_6549	HG00621.1	HG00621#1#JAHBCD010000081.1	685314	100000
hprc4_L100000_6550	HG00621.1	HG00621#1#JAHBCD010000001.1	37918722	100000
hprc4_L100000_6551	HG00621.2	HG00621#2#JAHBCC010000066.1	12320708	100000
hprc4_L100000_6552	HG00438.1	HG00438#1#JAHBCB010000013.1	10019662	100000
hprc4_L100000_6553	HG00621.2	HG00621#2#JAHBCC010000030.1	23076961	100000
hprc4_L100000_6554	HG00438.2	HG00438#2#JAHBCA010000043.1	57303562	100000
hprc4_L100000_6555	HG00621.1	HG00621#1#JAHBCD010000002.1	24480301	100000
hprc4_L100000_6556	HG00438.1	HG00438#1#JAHBCB010000067.1	13575544	100000
hprc4_L100000_6557	HG00621.2	HG00621#2#JAHBCC010000018.1	58918578	100000
hprc4_L100000_6558	HG00621.1	HG00621#1#JAHBCD010000001.1	48551667	100000
hprc4_L100000_6559	HG00438.1	HG00438#1#JAHBCB010000045.1	47921241	100000
hprc4_L100000_6560	HG00438.1	HG00438#1#JAHBCB010000049.1	20240394	100000
hprc4_L100000_6561	HG00621.2	HG00621#2#JAHBCC010000082.1	3698478	100000
hprc4_L100000_6562	HG00438.2	HG00438#2#JAHBCA010000021.1	7745461	100000
hprc4_L100000_6563	HG00621.1	HG00621#1#JAHBCD010000026.1	26089798	100000
hprc4_L100000_6564	HG00438.2	HG00438#2#JAHBCA010000002.1	127393043	100000
hprc4_L100000_6565	HG00621.1	HG00621#1#JAHBCD010000035.1	7004325	100000
hprc4_L100000_6566	HG00621.1	HG00621#1#JAHBCD010000001.1	15548290	100000
hprc4_L100000_6567	HG00438.1	HG00438#1#JAHBCB010000044.1	16661704	100000
hprc4_L100000_6568	HG00621.1	HG00621#1#JAHBCD010000024.1	22703465	100000
hprc4_L100000_6569	HG00438.1	HG00438#1#JAHBCB010000055.1	13733510	100000
hprc4_L100000_6570	HG00621.2	HG00621#2#JAHBCC010000055.1	43477769	100000
hprc4_L100000_6571	HG00621.1	HG00621#1#JAHBCD010000047.1	60609011	100000
hprc4_L100000_6572	HG00621.1	HG00621#1#JAHBCD010000044.1	2211889	100000
hprc4_L100000_6573	HG00621.1	HG00621#1#JAHBCD010000050.1	30312923	100000
hprc4_L100000_6574	HG00438.1	HG00438#1#JAHBCB010000015.1	16140035	100000
hprc4_L100000_6575	HG00438.1	HG00438#1#JAHBCB010000024.1	33233209	100000
hprc4_L100000_6576	HG00438.1	HG00438#1#JAHBCB010000091.1	2277091	100000
hprc4_L100000_6577	HG00438.1	HG00438#1#JAHBCB010000003.1	84902713	100000
hprc4_L100000_6578	HG00621.2	HG00621#2#JAHBCC010000028.1	36892600	100000
hprc4_L100000_6579	HG00621.2	HG00621#2#JAHBCC010000095.1	4070777	100000
hprc4_L100000_6580	HG00438.1	HG00438#1#JAHBCB010000074.1	24760039	100000
hprc4_L100000_6581	HG00438.2	HG00438#2#JAHBCA010000063.1	23252542	100000
hprc4_L100000_6582	HG00438.1	HG00438#1#JAHBCB010000021.1	37105995	100000
hprc4_L100000_6583	HG00621.1	HG00621#1#JAHBCD010000005.1	19653718	100000
hprc4_L100000_6584	HG00438.1	HG00438#1#JAHBCB010000001.1	42304412	100000
hprc4_L100000_6585	HG00621.1	HG00621#1#JAHBCD010000008.1	18884387	100000
hprc4_L100000_6586	HG00621.2	HG00621#2#JAHBCC010000095.1	5715366	100000
hprc4_L100000_6587	HG00438.1	HG00438#1#JAHBCB010000003.1	6420420	100000
hprc4_L100000_6588	HG00621.2	HG00621#2#JAHBCC010000049.1	26099772	100000
hprc4_L100000_6589	HG00438.1	HG00438#1#JAHBCB010000019.1	44620779	100000
hprc4_L100000_6590	HG00438.1	HG00438#1#JAHBCB010000018.1	105388522	100000
hprc4_L100000_6591	HG00621.1	HG00621#1#JAHBCD010000010.1	69450700	100000
hprc4_L100000_6592	HG00621.1	HG00621#1#JAHBCD010000030.1	4461518	100000
hprc4_L100000_6593	HG00438.1	HG00438#1#JAHBCB010000075.1	24483227	100000
hprc4_L100000_6594	HG00438.2	HG00438#2#JAHBCA010000016.1	67722445	100000
hprc4_L100000_6595	HG00621.1	HG00621#1#JAHBCD010000028.1	18291524	100000
hprc4_L100000_6596	HG00438.2	HG00438#2#JAHBCA010000056.1	3126074	100000
hprc4_L100000_6597	HG00621.1	HG00621#1#JAHBCD010000020.1	23516341	100000
hprc4_L100000_6598	HG00621.2	HG00621#2#JAHBCC010000084.1	622095	100000
hprc4_L100000_6599	HG00621.1	HG00621#1#JAHBCD010000021.1	3820468	100000
hprc4_L100000_6600	HG00621.2	HG00621#2#JAHBCC010000026.1	10982217	100000
hprc4_L100000_6601	HG00621.2	HG00621#2#JAHBCC010000023.1	14531471	100000
hprc4_L100000_6602	HG00438.1	HG00438#1#JAHBCB010000098.1	95551	100000
hprc4_L100000_6603	HG00621.2	HG00621#2#JAHBCC010000072.1	17315903	100000
hprc4_L100000_6604	HG00438.1	HG00438#1#JAHBCB010000018.1	72152305	100000
hprc4_L100000_6605	HG00438.2	HG00438#2#JAHBCA010000008.1	38614136	100000
hprc4_L100000_6606	HG00621.1	HG00621#1#JAHBCD010000016.1	47136879	100000
hprc4_L100000_6607	HG00621.1	HG00621#1#JAHBCD010000062.1	8533755	100000
hprc4_L100000_6608	HG00621.2	HG00621#2#JAHBCC010000004.1	18884249	100000
hprc4_L100000_6609	HG00621.1	HG00621#1#JAHBCD010000002.1	44711034	100000
hprc4_L100000_6610	HG00438.1	HG00438#1#JAHBCB010000037.1	40765920	100000
hprc4_L100000_6611	HG00621.1	HG00621#1#JAHBCD010000010.1	98840709	100000
hprc4_L100000_6612	HG00621.1	HG00621#1#JAHBCD010000017.1	2935175	100000
hprc4_L100000_6613	HG00438.2	HG00438#2#JAHBCA010000018.1	3419849	100000
hprc4_L100000_6614	HG00438.2	HG00438#2#JAHBCA010000126.1	2637346	100000
hprc4_L100000_6615	HG00438.2	HG00438#2#JAHBCA010000065.1	1084003	100000
hprc4_L100000_6616	HG00621.2	HG00621#2#JAHBCC010000020.1	68783005	100000
hprc4_L100000_6617	HG00438.2	HG00438#2#JAHBCA010000046.1	25878601	100000
hprc4_L100000_6618	HG00438.1	HG00438#1#JAHBCB010000058.1	12144475	100000
hprc4_L100000_6619	HG00621.1	HG00621#1#JAHBCD010000060.1	5176192	100000
hprc4_L100000_6620	HG00438.2	HG00438#2#JAHBCA010000010.1	94966271	100000
hprc4_L100000_6621	HG00621.1	HG00621#1#JAHBCD010000047.1	30987948	100000
hprc4_L100000_6622	HG00621.1	HG00621#1#JAHBCD010000052.1	38730022	100000
hprc4_L100000_6623	HG00438.2	HG00438#2#JAHBCA010000021.1	4403731	100000
hprc4_L100000_6624	HG00621.2	HG00621#2#JAHBCC010000027.1	13876032	100000
hprc4_L100000_6625	HG00438.1	HG00438#1#JAHBCB010000117.1	2441307	100000
hprc4_L100000_6626	HG00438.1	HG00438#1#JAHBCB010000006.1	42645743	100000
hprc4_L100000_6627	HG00621.2	HG00621#2#JAHBCC010000036.1	18451433	100000
hprc4_L100000_6628	HG00621.1	HG00621#1#JAHBCD010000016.1	64921629	100000
hprc4_L100000_6629	HG00438.2	HG00438#2#JAHBCA010000020.1	40301351	100000
hprc4_L100000_6630	HG00621.2	HG00621#2#JAHBCC010000065.1	20449014	100000
hprc4_L100000_6631	HG00438.2	HG00438#2#JAHBCA010000020.1	30951011	100000
hprc4_L100000_6632	HG00621.1	HG00621#1#JAHBCD010000014.1	32215581	100000
hprc4_L100000_6633	HG00438.2	HG00438#2#JAHBCA010000089.1	29230401	100000
hprc4_L100000_6634	HG00621.2	HG00621#2#JAHBCC010000058.1	8246869	100000
hprc4_L100000_6635	HG00621.2	HG00621#2#JAHBCC010000020.1	73403188	100000
hprc4_L100000_6636	HG00621.1	HG00621#1#JAHBCD010000016.1	41069963	100000
hprc4_L100000_6637	HG00438.1	HG00438#1#JAHBCB010000019.1	39052	100000
hprc4_L100000_6638	HG00621.1	HG00621#1#JAHBCD010000014.1	30881493	100000
hprc4_L100000_6639	HG00438.1	HG00438#1#JAHBCB010000004.1	34622955	100000
hprc4_L100000_6640	HG00621.2	HG00621#2#JAHBCC010000015.1	14322147	100000
hprc4_L100000_6641	HG00438.2	HG00438#2#JAHBCA010000011.1	54389078	100000
hprc4_L100000_6642	HG00621.1	HG00621#1#JAHBCD010000055.1	33017056	100000
hprc4_L100000_6643	HG00438.2	HG00438#2#JAHBCA010000002.1	122763034	100000
hprc4_L100000_6644	HG00438.1	HG00438#1#JAHBCB010000041.1	33328187	100000
hprc4_L100000_6645	HG00621.1	HG00621#1#JAHBCD010000015.1	1867355	100000
hprc4_L100000_6646	HG00438.2	HG00438#2#JAHBCA010000089.1	10155256	100000
hprc4_L100000_6647	HG00621.1	HG00621#1#JAHBCD010000010.1	43628957	100000
hprc4_L100000_6648	HG00438.2	HG00438#2#JAHBCA010000019.1	13145067	100000
hprc4_L100000_6649	HG00621.1	HG00621#1#JAHBCD010000019.1	11327984	100000
hprc4_L100000_6650	HG00438.1	HG00438#1#JAHBCB010000015.1	32863113	100000
hprc4_L100000_6651	HG00438.1	HG00438#1#JAHBCB010000019.1	99336219	100000
hprc4_L100000_6652	HG00438.2	HG00438#2#JAHBCA010000011.1	27955725	100000
hprc4_L100000_6653	HG00621.1	HG00621#1#JAHBCD010000010.1	70238203	100000
hprc4_L100000_6654	HG00621.2	HG00621#2#JAHBCC010000066.1	2492968	100000
hprc4_L100000_6655	HG00621.2	HG00621#2#JAHBCC010000082.1	4051613	100000
hprc4_L100000_6656	HG00621.2	HG00621#2#JAHBCC010000013.1	19061607	100000
hprc4_L100000_6657	HG00438.2	HG00438#2#JAHBCA010000005.1	61923426	100000
hprc4_L100000_6658	HG00438.2	HG00438#2#JAHBCA010000043.1	78923137	100000
hprc4_L100000_6659	HG00438.1	HG00438#1#JAHBCB010000036.1	17496337	100000
hprc4_L100000_6660	HG00438.1	HG00438#1#JAHBCB010000042.1	15994025	100000
hprc4_L100000_6661	HG00621.1	HG00621#1#JAHBCD010000014.1	34320694	100000
hprc4_L100000_6662	HG00621.2	HG00621#2#JAHBCC010000055.1	47376093	100000
hprc4_L100000_6663	HG00438.2	HG00438#2#JAHBCA010000003.1	34358506	100000
hprc4_L100000_6664	HG00621.1	HG00621#1#JAHBCD010000019.1	44034821	100000
hprc4_L100000_6665	HG00438.2	HG00438#2#JAHBCA010000033.1	38520761	100000
hprc4_L100000_6666	HG00438.1	HG00438#1#JAHBCB010000078.1	4826862	100000
hprc4_L100000_6667	HG00621.2	HG00621#2#JAHBCC010000032.1	20683147	100000
hprc4_L100000_6668	HG00621.1	HG00621#1#JAHBCD010000105.1	152879	100000
hprc4_L100000_6669	HG00621.2	HG00621#2#JAHBCC010000028.1	5497545	100000
hprc4_L100000_6670	HG00438.1	HG00438#1#JAHBCB010000072.1	1171456	100000
hprc4_L100000_6671	HG00438.2	HG00438#2#JAHBCA010000071.1	1049332	100000
hprc4_L100000_6672	HG00438.1	HG00438#1#JAHBCB010000011.1	1080106	100000
hprc4_L100000_6673	HG00438.2	HG00438#2#JAHBCA010000018.1	33965485	100000
hprc4_L100000_6674	HG00438.1	HG00438#1#JAHBCB010000008.1	63557289	100000
hprc4_L100000_6675	HG00438.2	HG00438#2#JAHBCA010000097.1	1842759	100000
hprc4_L100000_6676	HG00621.1	HG00621#1#JAHBCD010000024.1	10100992	100000
hprc4_L100000_6677	HG00621.1	HG00621#1#JAHBCD010000031.1	42219188	100000
hprc4_L100000_6678	HG00438.1	HG00438#1#JAHBCB010000055.1	7206845	100000
hprc4_L100000_6679	HG00621.2	HG00621#2#JAHBCC010000024.1	67813365	100000
hprc4_L100000_6680	HG00621.2	HG00621#2#JAHBCC010000014.1	7798096	100000
hprc4_L100000_6681	HG00621.2	HG00621#2#JAHBCC010000060.1	7412102	100000
hprc4_L100000_6682	HG00438.1	HG00438#1#JAHBCB010000072.1	506215	100000
hprc4_L100000_6683	HG00621.1	HG00621#1#JAHBCD010000001.1	26806618	100000
hprc4_L100000_6684	HG00438.2	HG00438#2#JAHBCA010000005.1	77953171	100000
hprc4_L100000_6685	HG00621.2	HG00621#2#JAHBCC010000006.1	6648979	100000
hprc4_L100000_6686	HG00621.1	HG00621#1#JAHBCD010000001.1	265652	100000
hprc4_L100000_6687	HG00621.1	HG00621#1#JAHBCD010000002.1	87573594	100000
hprc4_L100000_6688	HG00438.1	HG00438#1#JAHBCB010000019.1	96616145	100000
hprc4_L100000_6689	HG00438.1	HG00438#1#JAHBCB010000071.1	5895408	100000
hprc4_L100000_6690	HG00621.2	HG00621#2#JAHBCC010000022.1	74414359	100000
hprc4_L100000_6691	HG00621.1	HG00621#1#JAHBCD010000047.1	15118996	100000
hprc4_L100000_6692	HG00621.1	HG00621#1#JAHBCD010000014.1	26305370	100000
hprc4_L100000_6693	HG00438.2	HG00438#2#JAHBCA010000044.1	18257353	100000
hprc4_L100000_6694	HG00438.1	HG00438#1#JAHBCB010000019.1	85008485	100000
hprc4_L100000_6695	HG00621.2	HG00621#2#JAHBCC010000073.1	10627917	100000
hprc4_L100000_6696	HG00621.2	HG00621#2#JAHBCC010000007.1	5945931	100000
hprc4_L100000_6697	HG00438.1	HG00438#1#JAHBCB010000022.1	9045824	100000
hprc4_L100000_6698	HG00621.1	HG00621#1#JAHBCD010000002.1	85217588	100000
hprc4_L100000_6699	HG00438.2	HG00438#2#JAHBCA010000086.1	318003	100000
hprc4_L100000_6700	HG00438.2	HG00438#2#JAHBCA010000044.1	7879585	100000
hprc4_L100000_6701	HG00438.2	HG00438#2#JAHBCA010000100.1	93052	100000
hprc4_L100000_6702	HG00438.2	HG00438#2#JAHBCA010000002.1	2758019	100000
hprc4_L100000_6703	HG00438.1	HG00438#1#JAHBCB010000058.1	8866615	100000
hprc4_L100000_6704	HG00438.1	HG00438#1#JAHBCB010000006.1	44091043	100000
hprc4_L100000_6705	HG00621.2	HG00621#2#JAHBCC010000020.1	79757528	100000
hprc4_L100000_6706	HG00438.1	HG00438#1#JAHBCB010000037.1	69485059	100000
hprc4_L100000_6707	HG00438.2	HG00438#2#JAHBCA010000054.1	7630941	100000
hprc4_L100000_6708	HG00438.2	HG00438#2#JAHBCA010000089.1	12245181	100000
hprc4_L100000_6709	HG00621.1	HG00621#1#JAHBCD010000009.1	2543379	100000
hprc4_L100000_6710	HG00438.1	HG00438#1#JAHBCB010000041.1	33061769	100000
hprc4_L100000_6711	HG00621.2	HG00621#2#JAHBCC010000019.1	45108842	100000
hprc4_L100000_6712	HG00621.2	HG00621#2#JAHBCC010000060.1	547567	100000
hprc4_L100000_6713	HG00438.2	HG00438#2#JAHBCA010000069.1	9898872	100000
hprc4_L100000_6714	HG00621.2	HG00621#2#JAHBCC010000006.1	20954362	100000
hprc4_L100000_6715	HG00438.1	HG00438#1#JAHBCB010000047.1	18391091	100000
hprc4_L100000_6716	HG00438.2	HG00438#2#JAHBCA010000055.1	8643392	100000
hprc4_L100000_6717	HG00621.1	HG00621#1#JAHBCD010000030.1	18772511	100000
hprc4_L100000_6718	HG00438.2	HG00438#2#JAHBCA010000011.1	94795180	100000
hprc4_L100000_6719	HG00438.1	HG00438#1#JAHBCB010000092.1	7095652	100000
hprc4_L100000_6720	HG00621.1	HG00621#1#JAHBCD010000062.1	3874705	100000
hprc4_L100000_6721	HG00438.1	HG00438#1#JAHBCB010000017.1	3182431	100000
hprc4_L100000_6722	HG00621.2	HG00621#2#JAHBCC010000018.1	13913097	100000
hprc4_L100000_6723	HG00438.1	HG00438#1#JAHBCB010000015.1	24627355	100000
hprc4_L100000_6724	HG00438.2	HG00438#2#JAHBCA010000011.1	24053571	100000
hprc4_L100000_6725	HG00438.1	HG00438#1#JAHBCB010000042.1	32183301	100000
hprc4_L100000_6726	HG00438.2	HG00438#2#JAHBCA010000010.1	102025531	100000
hprc4_L100000_6727	HG00438.2	HG00438#2#JAHBCA010000010.1	73266192	100000
hprc4_L100000_6728	HG00621.2	HG00621#2#JAHBCC010000039.1	17158281	100000
hprc4_L100000_6729	HG00621.2	HG00621#2#JAHBCC010000027.1	2398898	100000
hprc4_L100000_6730	HG00438.2	HG00438#2#JAHBCA010000107.1	44263	100000
hprc4_L100000_6731	HG00438.2	HG00438#2#JAHBCA010000088.1	14604173	100000
hprc4_L100000_6732	HG00621.2	HG00621#2#JAHBCC010000048.1	7820936	100000
hprc4_L100000_6733	HG00621.2	HG00621#2#JAHBCC010000005.1	17596874	100000
hprc4_L100000_6734	HG00621.1	HG00621#1#JAHBCD010000007.1	11919383	100000
hprc4_L100000_6735	HG00621.1	HG00621#1#JAHBCD010000125.1	2405778	100000
hprc4_L100000_6736	HG00621.1	HG00621#1#JAHBCD010000062.1	15293608	100000
hprc4_L100000_6737	HG00621.2	HG00621#2#JAHBCC010000039.1	7921137	100000
hprc4_L100000_6738	HG00438.2	HG00438#2#JAHBCA010000012.1	52587511	100000
hprc4_L100000_6739	HG00621.1	HG00621#1#JAHBCD010000028.1	43380550	100000
hprc4_L100000_6740	HG00621.2	HG00621#2#JAHBCC010000030.1	908394	100000
hprc4_L100000_6741	HG00621.1	HG00621#1#JAHBCD010000033.1	12479491	100000
hprc4_L100000_6742	HG00438.2	HG00438#2#JAHBCA010000017.1	29264222	100000
hprc4_L100000_6743	HG00621.1	HG00621#1#JAHBCD010000021.1	61056492	100000
hprc4_L100000_6744	HG00621.2	HG00621#2#JAHBCC010000062.1	22835727	100000
hprc4_L100000_6745	HG00438.1	HG00438#1#JAHBCB010000010.1	20199342	100000
hprc4_L100000_6746	HG00621.1	HG00621#1#JAHBCD010000020.1	32314714	100000
hprc4_L100000_6747	HG00438.1	HG00438#1#JAHBCB010000018.1	77264742	100000
hprc4_L100000_6748	HG00438.2	HG00438#2#JAHBCA010000006.1	948566	100000
hprc4_L100000_6749	HG00621.2	HG00621#2#JAHBCC010000045.1	25051393	100000
hprc4_L100000_6750	HG00621.2	HG00621#2#JAHBCC010000060.1	1442862	100000
hprc4_L100000_6751	HG00438.1	HG00438#1#JAHBCB010000022.1	49517528	100000
hprc4_L100000_6752	HG00438.1	HG00438#1#JAHBCB010000049.1	6695669	100000
hprc4_L100000_6753	HG00621.2	HG00621#2#JAHBCC010000004.1	2183803	100000
hprc4_L100000_6754	HG00438.1	HG00438#1#JAHBCB010000041.1	17439139	100000
hprc4_L100000_6755	HG00621.2	HG00621#2#JAHBCC010000014.1	49219728	100000
hprc4_L100000_6756	HG00621.1	HG00621#1#JAHBCD010000032.1	43907221	100000
hprc4_L100000_6757	HG00621.1	HG00621#1#JAHBCD010000025.1	22912030	100000
hprc4_L100000_6758	HG00438.1	HG00438#1#JAHBCB010000036.1	13475861	100000
hprc4_L100000_6759	HG00438.1	HG00438#1#JAHBCB010000001.1	26723732	100000
hprc4_L100000_6760	HG00621.1	HG00621#1#JAHBCD010000010.1	36263801	100000
hprc4_L100000_6761	HG00621.2	HG00621#2#JAHBCC010000020.1	59754512	100000
hprc4_L100000_6762	HG00621.2	HG00621#2#JAHBCC010000037.1	54777380	100000
hprc4_L100000_6763	HG00438.1	HG00438#1#JAHBCB010000078.1	8870509	100000
hprc4_L100000_6764	HG00621.1	HG00621#1#JAHBCD010000063.1	30973629	100000
hprc4_L100000_6765	HG00621.2	HG00621#2#JAHBCC010000086.1	27806	100000
hprc4_L100000_6766	HG00621.2	HG00621#2#JAHBCC010000031.1	18668033	100000
hprc4_L100000_6767	HG00438.2	HG00438#2#JAHBCA010000019.1	19255675	100000
hprc4_L100000_6768	HG00438.1	HG00438#1#JAHBCB010000027.1	7080616	100000
hprc4_L100000_6769	HG00621.1	HG00621#1#JAHBCD010000104.1	2858873	100000
hprc4_L100000_6770	HG00621.1	HG00621#1#JAHBCD010000001.1	3511330	100000
hprc4_L100000_6771	HG00438.1	HG00438#1#JAHBCB010000018.1	48879807	100000
hprc4_L100000_6772	HG00621.1	HG00621#1#JAHBCD010000041.1	76481894	100000
hprc4_L100000_6773	HG00621.1	HG00621#1#JAHBCD010000016.1	64228399	100000
hprc4_L100000_6774	HG00621.2	HG00621#2#JAHBCC010000037.1	31677445	100000
hprc4_L100000_6775	HG00621.2	HG00621#2#JAHBCC010000048.1	7591055	100000
hprc4_L100000_6776	HG00438.2	HG00438#2#JAHBCA010000026.1	15441454	100000
hprc4_L100000_6777	HG00621.2	HG00621#2#JAHBCC010000078.1	24733293	100000
hprc4_L100000_6778	HG00438.1	HG00438#1#JAHBCB010000229.1	331	100000
hprc4_L100000_6779	HG00621.2	HG00621#2#JAHBCC010000036.1	5896606	100000
hprc4_L100000_6780	HG00621.1	HG00621#1#JAHBCD010000080.1	957964	100000
hprc4_L100000_6781	HG00621.2	HG00621#2#JAHBCC010000037.1	5968439	100000
hprc4_L100000_6782	HG00438.1	HG00438#1#JAHBCB010000003.1	122397	100000
hprc4_L100000_6783	HG00621.2	HG00621#2#JAHBCC010000085.1	2438971	100000
hprc4_L100000_6784	HG00621.2	HG00621#2#JAHBCC010000028.1	31144509	100000
hprc4_L100000_6785	HG00621.2	HG00621#2#JAHBCC010000008.1	19194984	100000
hprc4_L100000_6786	HG00438.1	HG00438#1#JAHBCB010000019.1	27188536	100000
hprc4_L100000_6787	HG00621.2	HG00621#2#JAHBCC010000019.1	48873348	100000
hprc4_L100000_6788	HG00621.1	HG00621#1#JAHBCD010000047.1	64820510	100000
hprc4_L100000_6789	HG00438.1	HG00438#1#JAHBCB010000019.1	91446525	100000
hprc4_L100000_6790	HG00438.2	HG00438#2#JAHBCA010000016.1	12722961	100000
hprc4_L100000_6791	HG00438.2	HG00438#2#JAHBCA010000008.1	94118372	100000
hprc4_L100000_6792	HG00438.2	HG00438#2#JAHBCA010000042.1	29599881	100000
hprc4_L100000_6793	HG00621.1	HG00621#1#JAHBCD010000037.1	34232141	100000
hprc4_L100000_6794	HG00438.2	HG00438#2#JAHBCA010000089.1	27919675	100000
hprc4_L100000_6795	HG00438.2	HG00438#2#JAHBCA010000002.1	90364061	100000
hprc4_L100000_6796	HG00621.1	HG00621#1#JAHBCD010000031.1	27947532	100000
hprc4_L100000_6797	HG00438.1	HG00438#1#JAHBCB010000014.1	43165297	100000
hprc4_L100000_6798	HG00438.2	HG00438#2#JAHBCA010000001.1	15722836	100000
hprc4_L100000_6799	HG00438.2	HG00438#2#JAHBCA010000032.1	17407604	100000
hprc4_L100000_6800	HG00438.1	HG00438#1#JAHBCB010000041.1	60398586	100000
hprc4_L100000_6801	HG00438.2	HG00438#2#JAHBCA010000035.1	24586858	100000
hprc4_L100000_6802	HG00621.2	HG00621#2#JAHBCC010000022.1	52822783	100000
hprc4_L100000_6803	HG00621.1	HG00621#1#JAHBCD010000035.1	23822597	100000
hprc4_L100000_6804	HG00621.2	HG00621#2#JAHBCC010000039.1	66636560	100000
hprc4_L100000_6805	HG00621.1	HG00621#1#JAHBCD010000026.1	3538823	100000
hprc4_L100000_6806	HG00621.1	HG00621#1#JAHBCD010000033.1	8065358	100000
hprc4_L100000_6807	HG00621.2	HG00621#2#JAHBCC010000035.1	12588652	100000
hprc4_L100000_6808	HG00438.2	HG00438#2#JAHBCA010000033.1	18771125	100000
hprc4_L100000_6809	HG00438.1	HG00438#1#JAHBCB010000045.1	24957028	100000
hprc4_L100000_6810	HG00438.2	HG00438#2#JAHBCA010000070.1	439319	100000
hprc4_L100000_6811	HG00438.2	HG00438#2#JAHBCA010000021.1	19699643	100000
hprc4_L100000_6812	HG00621.2	HG00621#2#JAHBCC010000079.1	4947504	100000
hprc4_L100000_6813	HG00621.2	HG00621#2#JAHBCC010000014.1	49787467	100000
hprc4_L100000_6814	HG00621.2	HG00621#2#JAHBCC010000033.1	75467117	100000
hprc4_L100000_6815	HG00621.2	HG00621#2#JAHBCC010000058.1	306993	100000
hprc4_L100000_6816	HG00438.1	HG00438#1#JAHBCB010000042.1	37252468	100000
hprc4_L100000_6817	HG00438.2	HG00438#2#JAHBCA010000015.1	27051557	100000
hprc4_L100000_6818	HG00621.2	HG00621#2#JAHBCC010000051.1	23209788	100000
hprc4_L100000_6819	HG00621.1	HG00621#1#JAHBCD010000056.1	890050	100000
hprc4_L100000_6820	HG00621.1	HG00621#1#JAHBCD010000019.1	27051052	100000
hprc4_L100000_6821	HG00621.2	HG00621#2#JAHBCC010000032.1	3192040	100000
hprc4_L100000_6822	HG00621.1	HG00621#1#JAHBCD010000064.1	37506515	100000
hprc4_L100000_6823	HG00621.2	HG00621#2#JAHBCC010000014.1	102994942	100000
hprc4_L100000_6824	HG00621.2	HG00621#2#JAHBCC010000006.1	75710693	100000
hprc4_L100000_6825	HG00438.2	HG00438#2#JAHBCA010000022.1	42381332	100000
hprc4_L100000_6826	HG00438.1	HG00438#1#JAHBCB010000002.1	44805273	100000
hprc4_L100000_6827	HG00438.1	HG00438#1#JAHBCB010000018.1	68328165	100000
hprc4_L100000_6828	HG00621.1	HG00621#1#JAHBCD010000021.1	70171541	100000
hprc4_L100000_6829	HG00621.2	HG00621#2#JAHBCC010000014.1	52111204	100000
hprc4_L100000_6830	HG00438.2	HG00438#2#JAHBCA010000058.1	17398317	100000
hprc4_L100000_6831	HG00621.1	HG00621#1#JAHBCD010000019.1	25964785	100000
hprc4_L100000_6832	HG00438.1	HG00438#1#JAHBCB010000002.1	9993323	100000
hprc4_L100000_6833	HG00438.1	HG00438#1#JAHBCB010000117.1	1318757	100000
hprc4_L100000_6834	HG00621.1	HG00621#1#JAHBCD010000026.1	24885990	100000
hprc4_L100000_6835	HG00621.2	HG00621#2#JAHBCC010000034.1	12483699	100000
hprc4_L100000_6836	HG00438.1	HG00438#1#JAHBCB010000008.1	41890196	100000
hprc4_L100000_6837	HG00621.1	HG00621#1#JAHBCD010000002.1	14976412	100000
hprc4_L100000_6838	HG00438.2	HG00438#2#JAHBCA010000005.1	83766976	100000
hprc4_L100000_6839	HG00621.2	HG00621#2#JAHBCC010000028.1	77263505	100000
hprc4_L100000_6840	HG00621.2	HG00621#2#JAHBCC010000018.1	55655916	100000
hprc4_L100000_6841	HG00621.1	HG00621#1#JAHBCD010000010.1	73805133	100000
hprc4_L100000_6842	HG00438.1	HG00438#1#JAHBCB010000041.1	4070884	100000
hprc4_L100000_6843	HG00621.1	HG00621#1#JAHBCD010000047.1	72166893	100000
hprc4_L100000_6844	HG00621.1	HG00621#1#JAHBCD010000033.1	60988991	100000
hprc4_L100000_6845	HG00621.1	HG00621#1#JAHBCD010000028.1	25530309	100000
hprc4_L100000_6846	HG00621.1	HG00621#1#JAHBCD010000017.1	8436395	100000
hprc4_L100000_6847	HG00438.1	HG00438#1#JAHBCB010000085.1	12184941	100000
hprc4_L100000_6848	HG00438.1	HG00438#1#JAHBCB010000018.1	73967945	100000
hprc4_L100000_6849	HG00621.1	HG00621#1#JAHBCD010000014.1	29314379	100000
hprc4_L100000_6850	HG00621.2	HG00621#2#JAHBCC010000045.1	24246357	100000
hprc4_L100000_6851	HG00438.2	HG00438#2#JAHBCA010000042.1	21554611	100000
hprc4_L100000_6852	HG00621.2	HG00621#2#JAHBCC010000027.1	745023	100000
hprc4_L100000_6853	HG00621.2	HG00621#2#JAHBCC010000006.1	18172694	100000
hprc4_L100000_6854	HG00621.1	HG00621#1#JAHBCD010000029.1	329054	100000
hprc4_L100000_6855	HG00621.1	HG00621#1#JAHBCD010000035.1	914898	100000
hprc4_L100000_6856	HG00621.2	HG00621#2#JAHBCC010000032.1	7559658	100000
hprc4_L100000_6857	HG00438.1	HG00438#1#JAHBCB010000041.1	3527555	100000
hprc4_L100000_6858	HG00438.2	HG00438#2#JAHBCA010000087.1	6499515	100000
hprc4_L100000_6859	HG00621.2	HG00621#2#JAHBCC010000039.1	67942698	100000
hprc4_L100000_6860	HG00621.1	HG00621#1#JAHBCD010000032.1	44848279	100000
hprc4_L100000_6861	HG00621.2	HG00621#2#JAHBCC010000028.1	67894361	100000
hprc4_L100000_6862	HG00621.1	HG00621#1#JAHBCD010000083.1	234668	100000
hprc4_L100000_6863	HG00438.1	HG00438#1#JAHBCB010000033.1	112139	100000
hprc4_L100000_6864	HG00438.2	HG00438#2#JAHBCA010000043.1	62171559	100000
hprc4_L100000_6865	HG00621.1	HG00621#1#JAHBCD010000055.1	15318885	100000
hprc4_L100000_6866	HG00621.2	HG00621#2#JAHBCC010000022.1	78087962	100000
hprc4_L100000_6867	HG00621.2	HG00621#2#JAHBCC010000037.1	1503635	100000
hprc4_L100000_6868	HG00621.2	HG00621#2#JAHBCC010000091.1	1179438	100000
hprc4_L100000_6869	HG00438.1	HG00438#1#JAHBCB010000011.1	37707467	100000
hprc4_L100000_6870	HG00621.1	HG00621#1#JAHBCD010000016.1	30703671	100000
hprc4_L100000_6871	HG00438.2	HG00438#2#JAHBCA010000002.1	83159265	100000
hprc4_L100000_6872	HG00621.2	HG00621#2#JAHBCC010000014.1	12966850	100000
hprc4_L100000_6873	HG00438.2	HG00438#2#JAHBCA010000076.1	7554417	100000
hprc4_L100000_6874	HG00621.1	HG00621#1#JAHBCD010000082.1	15174714	100000
hprc4_L100000_6875	HG00621.2	HG00621#2#JAHBCC010000025.1	13542646	100000
hprc4_L100000_6876	HG00621.1	HG00621#1#JAHBCD010000024.1	27495170	100000
hprc4_L100000_6877	HG00438.2	HG00438#2#JAHBCA010000023.1	34699214	100000
hprc4_L100000_6878	HG00438.1	HG00438#1#JAHBCB010000061.1	1547644	100000
hprc4_L100000_6879	HG00621.1	HG00621#1#JAHBCD010000001.1	76544263	100000
hprc4_L100000_6880	HG00438.2	HG00438#2#JAHBCA010000042.1	13133713	100000
hprc4_L100000_6881	HG00438.1	HG00438#1#JAHBCB010000048.1	1930476	100000
hprc4_L100000_6882	HG00621.2	HG00621#2#JAHBCC010000055.1	29330145	100000
hprc4_L100000_6883	HG00621.1	HG00621#1#JAHBCD010000002.1	99692378	100000
hprc4_L100000_6884	HG00438.2	HG00438#2#JAHBCA010000003.1	66664078	100000
hprc4_L100000_6885	HG00621.2	HG00621#2#JAHBCC010000053.1	6596840	100000
hprc4_L100000_6886	HG00438.2	HG00438#2#JAHBCA010000030.1	15745038	100000
hprc4_L100000_6887	HG00621.2	HG00621#2#JAHBCC010000018.1	73953661	100000
hprc4_L100000_6888	HG00438.2	HG00438#2#JAHBCA010000035.1	68558554	100000
hprc4_L100000_6889	HG00621.2	HG00621#2#JAHBCC010000070.1	14395609	100000
hprc4_L100000_6890	HG00621.1	HG00621#1#JAHBCD010000001.1	1336031	100000
hprc4_L100000_6891	HG00621.2	HG00621#2#JAHBCC010000076.1	30761983	100000
hprc4_L100000_6892	HG00621.1	HG00621#1#JAHBCD010000082.1	9802806	100000
hprc4_L100000_6893	HG00438.1	HG00438#1#JAHBCB010000032.1	6150358	100000
hprc4_L100000_6894	HG00621.2	HG00621#2#JAHBCC010000026.1	4351087	100000
hprc4_L100000_6895	HG00621.2	HG00621#2#JAHBCC010000024.1	9956659	100000
hprc4_L100000_6896	HG00621.2	HG00621#2#JAHBCC010000056.1	15541731	100000
hprc4_L100000_6897	HG00438.2	HG00438#2#JAHBCA010000008.1	75098386	100000
hprc4_L100000_6898	HG00621.1	HG00621#1#JAHBCD010000021.1	48984452	100000
hprc4_L100000_6899	HG00621.1	HG00621#1#JAHBCD010000022.1	80993826	100000
hprc4_L100000_6900	HG00438.1	HG00438#1#JAHBCB010000038.1	9229002	100000
hprc4_L100000_6901	HG00621.1	HG00621#1#JAHBCD010000055.1	16623219	100000
hprc4_L100000_6902	HG00621.1	HG00621#1#JAHBCD010000001.1	75274607	100000
hprc4_L100000_6903	HG00438.2	HG00438#2#JAHBCA010000037.1	20003511	100000
hprc4_L100000_6904	HG00438.1	HG00438#1#JAHBCB010000006.1	56310094	100000
hprc4_L100000_6905	HG00438.2	HG00438#2#JAHBCA010000046.1	45150708	100000
hprc4_L100000_6906	HG00621.1	HG00621#1#JAHBCD010000024.1	76872080	100000
hprc4_L100000_6907	HG00438.1	HG00438#1#JAHBCB010000045.1	37292772	100000
hprc4_L100000_6908	HG00621.2	HG00621#2#JAHBCC010000001.1	11093060	100000
hprc4_L100000_6909	HG00438.1	HG00438#1#JAHBCB010000053.1	2615971	100000
hprc4_L100000_6910	HG00438.1	HG00438#1#JAHBCB010000024.1	15085327	100000
hprc4_L100000_6911	HG00438.2	HG00438#2#JAHBCA010000095.1	3532989	100000
hprc4_L100000_6912	HG00621.2	HG00621#2#JAHBCC010000132.1	1166216	100000
hprc4_L100000_6913	HG00621.2	HG00621#2#JAHBCC010000039.1	8127399	100000
hprc4_L100000_6914	HG00621.2	HG00621#2#JAHBCC010000073.1	20444127	100000
hprc4_L100000_6915	HG00438.2	HG00438#2#JAHBCA010000023.1	38412068	100000
hprc4_L100000_6916	HG00621.1	HG00621#1#JAHBCD010000072.1	14412774	100000
hprc4_L100000_6917	HG00438.1	HG00438#1#JAHBCB010000078.1	9300947	100000
hprc4_L100000_6918	HG00621.2	HG00621#2#JAHBCC010000022.1	3160259	100000
hprc4_L100000_6919	HG00438.2	HG00438#2#JAHBCA010000015.1	36839201	100000
hprc4_L100000_6920	HG00621.1	HG00621#1#JAHBCD010000064.1	9743463	100000
hprc4_L100000_6921	HG00621.2	HG00621#2#JAHBCC010000051.1	9975925	100000
hprc4_L100000_6922	HG00438.1	HG00438#1#JAHBCB010000066.1	9979138	100000
hprc4_L100000_6923	HG00621.1	HG00621#1#JAHBCD010000047.1	25761658	100000
hprc4_L100000_6924	HG00438.2	HG00438#2#JAHBCA010000024.1	20024091	100000
hprc4_L100000_6925	HG00438.1	HG00438#1#JAHBCB010000074.1	20258599	100000
hprc4_L100000_6926	HG00438.2	HG00438#2#JAHBCA010000052.1	46690805	100000
hprc4_L100000_6927	HG00621.1	HG00621#1#JAHBCD010000019.1	2515912	100000
hprc4_L100000_6928	HG00621.1	HG00621#1#JAHBCD010000090.1	1798384	100000
hprc4_L100000_6929	HG00621.2	HG00621#2#JAHBCC010000028.1	58135797	100000
hprc4_L100000_6930	HG00438.1	HG00438#1#JAHBCB010000018.1	108007372	100000
hprc4_L100000_6931	HG00621.2	HG00621#2#JAHBCC010000004.1	37376488	100000
hprc4_L100000_6932	HG00621.1	HG00621#1#JAHBCD010000050.1	7117744	100000
hprc4_L100000_6933	HG00438.1	HG00438#1#JAHBCB010000028.1	22467902	100000
hprc4_L100000_6934	HG00438.1	HG00438#1#JAHBCB010000016.1	4447393	100000
hprc4_L100000_6935	HG00621.1	HG00621#1#JAHBCD010000005.1	74906377	100000
hprc4_L100000_6936	HG00438.1	HG00438#1#JAHBCB010000074.1	10011356	100000
hprc4_L100000_6937	HG00438.2	HG00438#2#JAHBCA010000002.1	76585528	100000
hprc4_L100000_6938	HG00438.2	HG00438#2#JAHBCA010000086.1	1544424	100000
hprc4_L100000_6939	HG00438.2	HG00438#2#JAHBCA010000035.1	13864413	100000
hprc4_L100000_6940	HG00621.2	HG00621#2#JAHBCC010000062.1	2348808	100000
hprc4_L100000_6941	HG00438.2	HG00438#2#JAHBCA010000043.1	49619304	100000
hprc4_L100000_6942	HG00621.2	HG00621#2#JAHBCC010000065.1	26290360	100000
hprc4_L100000_6943	HG00621.2	HG00621#2#JAHBCC010000012.1	2428928	100000
hprc4_L100000_6944	HG00438.2	HG00438#2#JAHBCA010000043.1	17357771	100000
hprc4_L100000_6945	HG00621.1	HG00621#1#JAHBCD010000041.1	54514474	100000
hprc4_L100000_6946	HG00438.2	HG00438#2#JAHBCA010000022.1	40809718	100000
hprc4_L100000_6947	HG00438.1	HG00438#1#JAHBCB010000012.1	3686188	100000
hprc4_L100000_6948	HG00621.2	HG00621#2#JAHBCC010000006.1	29485893	100000
hprc4_L100000_6949	HG00438.1	HG00438#1#JAHBCB010000019.1	16995909	100000
hprc4_L100000_6950	HG00621.2	HG00621#2#JAHBCC010000045.1	53979210	100000
hprc4_L100000_6951	HG00621.2	HG00621#2#JAHBCC010000074.1	4359270	100000
hprc4_L100000_6952	HG00621.1	HG00621#1#JAHBCD010000017.1	17993502	100000
hprc4_L100000_6953	HG00621.2	HG00621#2#JAHBCC010000042.1	14577316	100000
hprc4_L100000_6954	HG00438.1	HG00438#1#JAHBCB010000018.1	34003962	100000
hprc4_L100000_6955	HG00438.2	HG00438#2#JAHBCA010000043.1	52107070	100000
hprc4_L100000_6956	HG00438.2	HG00438#2#JAHBCA010000069.1	7201067	100000
hprc4_L100000_6957	HG00621.2	HG00621#2#JAHBCC010000070.1	6062133	100000
hprc4_L100000_6958	HG00621.2	HG00621#2#JAHBCC010000037.1	7307126	100000
hprc4_L100000_6959	HG00438.2	HG00438#2#JAHBCA010000022.1	8334120	100000
hprc4_L100000_6960	HG00438.1	HG00438#1#JAHBCB010000085.1	6794073	100000
hprc4_L100000_6961	HG00621.2	HG00621#2#JAHBCC010000059.1	5237854	100000
hprc4_L100000_6962	HG00438.1	HG00438#1#JAHBCB010000048.1	27082868	100000
hprc4_L100000_6963	HG00621.2	HG00621#2#JAHBCC010000101.1	2467968	100000
hprc4_L100000_6964	HG00621.1	HG00621#1#JAHBCD010000003.1	3452293	100000
hprc4_L100000_6965	HG00438.2	HG00438#2#JAHBCA010000010.1	28730655	100000
hprc4_L100000_6966	HG00621.2	HG00621#2#JAHBCC010000066.1	13143240	100000
hprc4_L100000_6967	HG00621.1	HG00621#1#JAHBCD010000026.1	25274451	100000
hprc4_L100000_6968	HG00438.1	HG00438#1#JAHBCB010000015.1	23205456	100000
hprc4_L100000_6969	HG00438.2	HG00438#2#JAHBCA010000037.1	3870482	100000
hprc4_L100000_6970	HG00621.2	HG00621#2#JAHBCC010000008.1	64304516	100000
hprc4_L100000_6971	HG00438.2	HG00438#2#JAHBCA010000052.1	30008580	100000
hprc4_L100000_6972	HG00438.2	HG00438#2#JAHBCA010000002.1	62385758	100000
hprc4_L100000_6973	HG00621.2	HG00621#2#JAHBCC010000055.1	90366401	100000
hprc4_L100000_6974	HG00621.1	HG00621#1#JAHBCD010000064.1	24621282	100000
hprc4_L100000_6975	HG00438.2	HG00438#2#JAHBCA010000070.1	4414454	100000
hprc4_L100000_6976	HG00621.2	HG00621#2#JAHBCC010000023.1	6822951	100000
hprc4_L100000_6977	HG00621.2	HG00621#2#JAHBCC010000028.1	2076765	100000
hprc4_L100000_6978	HG00438.2	HG00438#2#JAHBCA010000046.1	14047930	100000
hprc4_L100000_6979	HG00621.1	HG00621#1#JAHBCD010000053.1	6361201	100000
hprc4_L100000_6980	HG00438.1	HG00438#1#JAHBCB010000082.1	858368	100000
hprc4_L100000_6981	HG00621.1	HG00621#1#JAHBCD010000028.1	37876908	100000
hprc4_L100000_6982	HG00438.2	HG00438#2#JAHBCA010000033.1	7229714	100000
hprc4_L100000_6983	HG00621.2	HG00621#2#JAHBCC010000027.1	9983251	100000
hprc4_L100000_6984	HG00621.1	HG00621#1#JAHBCD010000031.1	49387604	100000
hprc4_L100000_6985	HG00438.2	HG00438#2#JAHBCA010000078.1	4113009	100000
hprc4_L100000_6986	HG00621.1	HG00621#1#JAHBCD010000062.1	12885495	100000
hprc4_L100000_6987	HG00438.2	HG00438#2#JAHBCA010000014.1	11588936	100000
hprc4_L100000_6988	HG00438.2	HG00438#2#JAHBCA010000018.1	27643412	100000
hprc4_L100000_6989	HG00438.1	HG00438#1#JAHBCB010000018.1	52565756	100000
hprc4_L100000_6990	HG00621.1	HG00621#1#JAHBCD010000150.1	1155382	100000
hprc4_L100000_6991	HG00621.2	HG00621#2#JAHBCC010000072.1	4851420	100000
hprc4_L100000_6992	HG00438.2	HG00438#2#JAHBCA010000005.1	45040491	100000
hprc4_L100000_6993	HG00438.1	HG00438#1#JAHBCB010000047.1	14844991	100000
hprc4_L100000_6994	HG00621.2	HG00621#2#JAHBCC010000066.1	10666657	100000
hprc4_L100000_6995	HG00621.1	HG00621#1#JAHBCD010000010.1	48421981	100000
hprc4_L100000_6996	HG00621.2	HG00621#2#JAHBCC010000032.1	27888134	100000
hprc4_L100000_6997	HG00621.2	HG00621#2#JAHBCC010000070.1	4426565	100000
hprc4_L100000_6998	HG00621.1	HG00621#1#JAHBCD010000036.1	1047073	100000
hprc4_L100000_6999	HG00621.2	HG00621#2#JAHBCC010000014.1	79710552	100000
hprc4_L100000_7000	HG00621.2	HG00621#2#JAHBCC010000048.1	48315839	100000
hprc4_L100000_7001	HG00438.1	HG00438#1#JAHBCB010000001.1	34292489	100000
hprc4_L100000_7002	HG00438.1	HG00438#1#JAHBCB010000011.1	67013283	100000
hprc4_L100000_7003	HG00438.2	HG00438#2#JAHBCA010000032.1	38288027	100000
hprc4_L100000_7004	HG00438.1	HG00438#1#JAHBCB010000008.1	77695120	100000
hprc4_L100000_7005	HG00438.1	HG00438#1#JAHBCB010000084.1	11608047	100000
hprc4_L100000_7006	HG00438.2	HG00438#2#JAHBCA010000055.1	17724971	100000
hprc4_L100000_7007	HG00621.2	HG00621#2#JAHBCC010000001.1	4027525	100000
hprc4_L100000_7008	HG00621.2	HG00621#2#JAHBCC010000036.1	39266744	100000
hprc4_L100000_7009	HG00621.1	HG00621#1#JAHBCD010000033.1	38374980	100000
hprc4_L100000_7010	HG00621.2	HG00621#2#JAHBCC010000016.1	2159041	100000
hprc4_L100000_7011	HG00438.1	HG00438#1#JAHBCB010000097.1	11893515	100000
hprc4_L100000_7012	HG00438.1	HG00438#1#JAHBCB010000015.1	40506128	100000
hprc4_L100000_7013	HG00621.2	HG00621#2#JAHBCC010000066.1	21972157	100000
hprc4_L100000_7014	HG00438.2	HG00438#2#JAHBCA010000063.1	16592478	100000
hprc4_L100000_7015	HG00438.1	HG00438#1#JAHBCB010000016.1	87425287	100000
hprc4_L100000_7016	HG00621.2	HG00621#2#JAHBCC010000026.1	7478290	100000
hprc4_L100000_7017	HG00438.1	HG00438#1#JAHBCB010000019.1	30006801	100000
hprc4_L100000_7018	HG00438.2	HG00438#2#JAHBCA010000087.1	6363030	100000
hprc4_L100000_7019	HG00621.1	HG00621#1#JAHBCD010000024.1	52106377	100000
hprc4_L100000_7020	HG00621.1	HG00621#1#JAHBCD010000002.1	70970189	100000
hprc4_L100000_7021	HG00438.1	HG00438#1#JAHBCB010000011.1	32844720	100000
hprc4_L100000_7022	HG00621.1	HG00621#1#JAHBCD010000014.1	49090849	100000
hprc4_L100000_7023	HG00438.1	HG00438#1#JAHBCB010000046.1	7648800	100000
hprc4_L100000_7024	HG00438.1	HG00438#1#JAHBCB010000028.1	18917853	100000
hprc4_L100000_7025	HG00621.2	HG00621#2#JAHBCC010000009.1	17992642	100000
hprc4_L100000_7026	HG00438.2	HG00438#2#JAHBCA010000046.1	5504004	100000
hprc4_L100000_7027	HG00621.1	HG00621#1#JAHBCD010000009.1	17854813	100000
hprc4_L100000_7028	HG00438.1	HG00438#1#JAHBCB010000024.1	63199710	100000
hprc4_L100000_7029	HG00621.2	HG00621#2#JAHBCC010000087.1	11446398	100000
hprc4_L100000_7030	HG00621.1	HG00621#1#JAHBCD010000057.1	1607603	100000
hprc4_L100000_7031	HG00621.1	HG00621#1#JAHBCD010000014.1	42201708	100000
hprc4_L100000_7032	HG00438.2	HG00438#2#JAHBCA010000012.1	67197614	100000
hprc4_L100000_7033	HG00621.2	HG00621#2#JAHBCC010000008.1	45264711	100000
hprc4_L100000_7034	HG00438.1	HG00438#1#JAHBCB010000041.1	2696684	100000
hprc4_L100000_7035	HG00621.1	HG00621#1#JAHBCD010000022.1	71808880	100000
hprc4_L100000_7036	HG00438.2	HG00438#2#JAHBCA010000059.1	3721809	100000
hprc4_L100000_7037	HG00438.2	HG00438#2#JAHBCA010000015.1	26921457	100000
hprc4_L100000_7038	HG00438.1	HG00438#1#JAHBCB010000081.1	537207	100000
hprc4_L100000_7039	HG00438.1	HG00438#1#JAHBCB010000016.1	33546837	100000
hprc4_L100000_7040	HG00621.2	HG00621#2#JAHBCC010000006.1	24579035	100000
hprc4_L100000_7041	HG00621.2	HG00621#2#JAHBCC010000017.1	29417748	100000
hprc4_L100000_7042	HG00621.2	HG00621#2#JAHBCC010000014.1	34280210	100000
hprc4_L100000_7043	HG00438.2	HG00438#2#JAHBCA010000046.1	50157992	100000
hprc4_L100000_7044	HG00438.2	HG00438#2#JAHBCA010000103.1	5957310	100000
hprc4_L100000_7045	HG00438.1	HG00438#1#JAHBCB010000037.1	39188072	100000
hprc4_L100000_7046	HG00438.2	HG00438#2#JAHBCA010000033.1	24236799	100000
hprc4_L100000_7047	HG00438.1	HG00438#1#JAHBCB010000021.1	47985394	100000
hprc4_L100000_7048	HG00438.2	HG00438#2#JAHBCA010000035.1	70160227	100000
hprc4_L100000_7049	HG00621.1	HG00621#1#JAHBCD010000064.1	45354261	100000
hprc4_L100000_7050	HG00621.2	HG00621#2#JAHBCC010000011.1	10516330	100000
hprc4_L100000_7051	HG00621.2	HG00621#2#JAHBCC010000056.1	23164043	100000
hprc4_L100000_7052	HG00621.1	HG00621#1#JAHBCD010000016.1	86448895	100000
hprc4_L100000_7053	HG00438.1	HG00438#1#JAHBCB010000052.1	2294849	100000
hprc4_L100000_7054	HG00621.2	HG00621#2#JAHBCC010000003.1	19668467	100000
hprc4_L100000_7055	HG00621.1	HG00621#1#JAHBCD010000047.1	19892906	100000
hprc4_L100000_7056	HG00621.2	HG00621#2#JAHBCC010000022.1	16411028	100000
hprc4_L100000_7057	HG00438.2	HG00438#2#JAHBCA010000071.1	14981719	100000
hprc4_L100000_7058	HG00621.1	HG00621#1#JAHBCD010000127.1	4531843	100000
hprc4_L100000_7059	HG00621.1	HG00621#1#JAHBCD010000011.1	44507281	100000
hprc4_L100000_7060	HG00438.2	HG00438#2#JAHBCA010000008.1	21667751	100000
hprc4_L100000_7061	HG00438.1	HG00438#1#JAHBCB010000072.1	12597562	100000
hprc4_L100000_7062	HG00621.1	HG00621#1#JAHBCD010000005.1	38186142	100000
hprc4_L100000_7063	HG00438.1	HG00438#1#JAHBCB010000011.1	73343600	100000
hprc4_L100000_7064	HG00621.1	HG00621#1#JAHBCD010000001.1	32313987	100000
hprc4_L100000_7065	HG00438.2	HG00438#2#JAHBCA010000069.1	6392584	100000
hprc4_L100000_7066	HG00438.2	HG00438#2#JAHBCA010000036.1	19958358	100000
hprc4_L100000_7067	HG00438.1	HG00438#1#JAHBCB010000032.1	54195488	100000
hprc4_L100000_7068	HG00621.1	HG00621#1#JAHBCD010000016.1	193380	100000
hprc4_L100000_7069	HG00621.1	HG00621#1#JAHBCD010000019.1	10129895	100000
hprc4_L100000_7070	HG00438.1	HG00438#1#JAHBCB010000097.1	9794580	100000
hprc4_L100000_7071	HG00621.2	HG00621#2#JAHBCC010000104.1	1571657	100000
hprc4_L100000_7072	HG00438.2	HG00438#2#JAHBCA010000082.1	2257777	100000
hprc4_L100000_7073	HG00438.1	HG00438#1#JAHBCB010000057.1	53085258	100000
hprc4_L100000_7074	HG00621.1	HG00621#1#JAHBCD010000002.1	97923483	100000
hprc4_L100000_7075	HG00438.1	HG00438#1#JAHBCB010000018.1	84811037	100000
hprc4_L100000_7076	HG00621.1	HG00621#1#JAHBCD010000037.1	19802269	100000
hprc4_L100000_7077	HG00621.1	HG00621#1#JAHBCD010000031.1	33156104	100000
hprc4_L100000_7078	HG00621.1	HG00621#1#JAHBCD010000024.1	37129905	100000
hprc4_L100000_7079	HG00438.2	HG00438#2#JAHBCA010000002.1	48188598	100000
hprc4_L100000_7080	HG00438.2	HG00438#2#JAHBCA010000057.1	893773	100000
hprc4_L100000_7081	HG00621.1	HG00621#1#JAHBCD010000026.1	33489402	100000
hprc4_L100000_7082	HG00438.1	HG00438#1#JAHBCB010000072.1	16116441	100000
hprc4_L100000_7083	HG00621.1	HG00621#1#JAHBCD010000023.1	19408507	100000
hprc4_L100000_7084	HG00438.2	HG00438#2#JAHBCA010000046.1	82378254	100000
hprc4_L100000_7085	HG00438.2	HG00438#2#JAHBCA010000095.1	4618066	100000
hprc4_L100000_7086	HG00438.2	HG00438#2#JAHBCA010000022.1	18757391	100000
hprc4_L100000_7087	HG00438.1	HG00438#1#JAHBCB010000005.1	10741659	100000
hprc4_L100000_7088	HG00438.2	HG00438#2#JAHBCA010000059.1	7307919	100000
hprc4_L100000_7089	HG00438.2	HG00438#2#JAHBCA010000005.1	13121371	100000
hprc4_L100000_7090	HG00621.1	HG00621#1#JAHBCD010000051.1	4900305	100000
hprc4_L100000_7091	HG00621.2	HG00621#2#JAHBCC010000025.1	328754	100000
hprc4_L100000_7092	HG00621.1	HG00621#1#JAHBCD010000002.1	40983123	100000
hprc4_L100000_7093	HG00438.2	HG00438#2#JAHBCA010000005.1	93678764	100000
hprc4_L100000_7094	HG00438.2	HG00438#2#JAHBCA010000033.1	13410363	100000
hprc4_L100000_7095	HG00438.2	HG00438#2#JAHBCA010000055.1	34747104	100000
hprc4_L100000_7096	HG00438.2	HG00438#2#JAHBCA010000005.1	65460752	100000
hprc4_L100000_7097	HG00621.2	HG00621#2#JAHBCC010000032.1	9690393	100000
hprc4_L100000_7098	HG00438.1	HG00438#1#JAHBCB010000085.1	15027808	100000
hprc4_L100000_7099	HG00621.2	HG00621#2#JAHBCC010000020.1	31678240	100000
hprc4_L100000_7100	HG00438.2	HG00438#2#JAHBCA010000033.1	48827467	100000
hprc4_L100000_7101	HG00621.2	HG00621#2#JAHBCC010000006.1	118007475	100000
hprc4_L100000_7102	HG00621.1	HG00621#1#JAHBCD010000026.1	21777815	100000
hprc4_L100000_7103	HG00438.1	HG00438#1#JAHBCB010000011.1	66523064	100000
hprc4_L100000_7104	HG00438.1	HG00438#1#JAHBCB010000072.1	15294125	100000
hprc4_L100000_7105	HG00621.2	HG00621#2#JAHBCC010000031.1	37137052	100000
hprc4_L100000_7106	HG00438.2	HG00438#2#JAHBCA010000044.1	5631211	100000
hprc4_L100000_7107	HG00621.2	HG00621#2#JAHBCC010000036.1	37908710	100000
hprc4_L100000_7108	HG00438.1	HG00438#1#JAHBCB010000058.1	13842674	100000
hprc4_L100000_7109	HG00621.1	HG00621#1#JAHBCD010000011.1	12396315	100000
hprc4_L100000_7110	HG00621.2	HG00621#2#JAHBCC010000030.1	7534905	100000
hprc4_L100000_7111	HG00438.2	HG00438#2#JAHBCA010000071.1	1212387	100000
hprc4_L100000_7112	HG00621.2	HG00621#2#JAHBCC010000008.1	50269803	100000
hprc4_L100000_7113	HG00621.1	HG00621#1#JAHBCD010000007.1	28890681	100000
hprc4_L100000_7114	HG00438.2	HG00438#2#JAHBCA010000004.1	51545908	100000
hprc4_L100000_7115	HG00621.2	HG00621#2#JAHBCC010000055.1	51238715	100000
hprc4_L100000_7116	HG00438.1	HG00438#1#JAHBCB010000016.1	29131283	100000
hprc4_L100000_7117	HG00621.1	HG00621#1#JAHBCD010000041.1	38676356	100000
hprc4_L100000_7118	HG00621.1	HG00621#1#JAHBCD010000037.1	31706528	100000
hprc4_L100000_7119	HG00438.1	HG00438#1#JAHBCB010000004.1	55934372	100000
hprc4_L100000_7120	HG00438.1	HG00438#1#JAHBCB010000075.1	11593913	100000
hprc4_L100000_7121	HG00621.1	HG00621#1#JAHBCD010000029.1	20285655	100000
hprc4_L100000_7122	HG00621.2	HG00621#2#JAHBCC010000055.1	68509832	100000
hprc4_L100000_7123	HG00621.2	HG00621#2#JAHBCC010000039.1	71682292	100000
hprc4_L100000_7124	HG00621.1	HG00621#1#JAHBCD010000008.1	7799039	100000
hprc4_L100000_7125	HG00621.1	HG00621#1#JAHBCD010000033.1	56436204	100000
hprc4_L100000_7126	HG00438.2	HG00438#2#JAHBCA010000069.1	1381372	100000
hprc4_L100000_7127	HG00438.2	HG00438#2#JAHBCA010000083.1	10329230	100000
hprc4_L100000_7128	HG00621.2	HG00621#2#JAHBCC010000017.1	19648058	100000
hprc4_L100000_7129	HG00438.2	HG00438#2#JAHBCA010000063.1	19948192	100000
hprc4_L100000_7130	HG00438.2	HG00438#2#JAHBCA010000048.1	8020919	100000
hprc4_L100000_7131	HG00438.2	HG00438#2#JAHBCA010000041.1	12455830	100000
hprc4_L100000_7132	HG00438.1	HG00438#1#JAHBCB010000037.1	68683009	100000
hprc4_L100000_7133	HG00621.1	HG00621#1#JAHBCD010000041.1	8359753	100000
hprc4_L100000_7134	HG00438.1	HG00438#1#JAHBCB010000036.1	6935957	100000
hprc4_L100000_7135	HG00438.2	HG00438#2#JAHBCA010000012.1	14126897	100000
hprc4_L100000_7136	HG00438.2	HG00438#2#JAHBCA010000001.1	28490238	100000
hprc4_L100000_7137	HG00438.1	HG00438#1#JAHBCB010000044.1	17147522	100000
hprc4_L100000_7138	HG00621.1	HG00621#1#JAHBCD010000016.1	26471787	100000
hprc4_L100000_7139	HG00438.2	HG00438#2#JAHBCA010000016.1	24807579	100000
hprc4_L100000_7140	HG00438.2	HG00438#2#JAHBCA010000052.1	4038304	100000
hprc4_L100000_7141	HG00438.2	HG00438#2#JAHBCA010000119.1	2230549	100000
hprc4_L100000_7142	HG00438.2	HG00438#2#JAHBCA010000046.1	59742052	100000
hprc4_L100000_7143	HG00621.2	HG00621#2#JAHBCC010000062.1	13274670	100000
hprc4_L100000_7144	HG00438.2	HG00438#2#JAHBCA010000076.1	16935993	100000
hprc4_L100000_7145	HG00438.1	HG00438#1#JAHBCB010000097.1	10968699	100000
hprc4_L100000_7146	HG00438.1	HG00438#1#JAHBCB010000097.1	9005163	100000
hprc4_L100000_7147	HG00621.1	HG00621#1#JAHBCD010000031.1	5771793	100000
hprc4_L100000_7148	HG00438.2	HG00438#2#JAHBCA010000037.1	3060391	100000
hprc4_L100000_7149	HG00438.1	HG00438#1#JAHBCB010000011.1	37567417	100000
hprc4_L100000_7150	HG00438.1	HG00438#1#JAHBCB010000005.1	31484252	100000
hprc4_L100000_7151	HG00621.2	HG00621#2#JAHBCC010000018.1	20760036	100000
hprc4_L100000_7152	HG00438.2	HG00438#2#JAHBCA010000013.1	620613	100000
hprc4_L100000_7153	HG00438.2	HG00438#2#JAHBCA010000012.1	21196916	100000
hprc4_L100000_7154	HG00438.2	HG00438#2#JAHBCA010000008.1	5636775	100000
hprc4_L100000_7155	HG00438.2	HG00438#2#JAHBCA010000018.1	35972217	100000
hprc4_L100000_7156	HG00438.1	HG00438#1#JAHBCB010000042.1	40410848	100000
hprc4_L100000_7157	HG00438.2	HG00438#2#JAHBCA010000040.1	43440468	100000
hprc4_L100000_7158	HG00438.1	HG00438#1#JAHBCB010000008.1	47678942	100000
hprc4_L100000_7159	HG00621.1	HG00621#1#JAHBCD010000017.1	27178882	100000
hprc4_L100000_7160	HG00621.1	HG00621#1#JAHBCD010000001.1	59896028	100000
hprc4_L100000_7161	HG00621.2	HG00621#2#JAHBCC010000045.1	91436	100000
hprc4_L100000_7162	HG00621.1	HG00621#1#JAHBCD010000028.1	27928266	100000
hprc4_L100000_7163	HG00621.2	HG00621#2#JAHBCC010000073.1	14085681	100000
hprc4_L100000_7164	HG00438.1	HG00438#1#JAHBCB010000008.1	59185741	100000
hprc4_L100000_7165	HG00621.2	HG00621#2#JAHBCC010000019.1	23574461	100000
hprc4_L100000_7166	HG00438.2	HG00438#2#JAHBCA010000180.1	93343	100000
hprc4_L100000_7167	HG00621.2	HG00621#2#JAHBCC010000067.1	25589206	100000
hprc4_L100000_7168	HG00438.2	HG00438#2#JAHBCA010000071.1	17113168	100000
hprc4_L100000_7169	HG00621.1	HG00621#1#JAHBCD010000017.1	32032014	100000
hprc4_L100000_7170	HG00621.1	HG00621#1#JAHBCD010000012.1	1685968	100000
hprc4_L100000_7171	HG00438.1	HG00438#1#JAHBCB010000031.1	5516073	100000
hprc4_L100000_7172	HG00621.2	HG00621#2#JAHBCC010000084.1	1362749	100000
hprc4_L100000_7173	HG00621.2	HG00621#2#JAHBCC010000055.1	3160681	100000
hprc4_L100000_7174	HG00438.2	HG00438#2#JAHBCA010000056.1	2979881	100000
hprc4_L100000_7175	HG00438.2	HG00438#2#JAHBCA010000018.1	5968025	100000
hprc4_L100000_7176	HG00438.1	HG00438#1#JAHBCB010000030.1	21366874	100000
hprc4_L100000_7177	HG00438.2	HG00438#2#JAHBCA010000035.1	46057743	100000
hprc4_L100000_7178	HG00621.1	HG00621#1#JAHBCD010000020.1	40148702	100000
hprc4_L100000_7179	HG00621.2	HG00621#2#JAHBCC010000033.1	102083696	100000
hprc4_L100000_7180	HG00438.1	HG00438#1#JAHBCB010000018.1	16444274	100000
hprc4_L100000_7181	HG00621.2	HG00621#2#JAHBCC010000003.1	17633156	100000
hprc4_L100000_7182	HG00621.1	HG00621#1#JAHBCD010000041.1	54718615	100000
hprc4_L100000_7183	HG00621.2	HG00621#2#JAHBCC010000104.1	974918	100000
hprc4_L100000_7184	HG00438.1	HG00438#1#JAHBCB010000032.1	28541571	100000
hprc4_L100000_7185	HG00621.1	HG00621#1#JAHBCD010000006.1	25885447	100000
hprc4_L100000_7186	HG00621.2	HG00621#2#JAHBCC010000014.1	36542223	100000
hprc4_L100000_7187	HG00621.1	HG00621#1#JAHBCD010000021.1	70159256	100000
hprc4_L100000_7188	HG00438.2	HG00438#2#JAHBCA010000025.1	12713678	100000
hprc4_L100000_7189	HG00438.1	HG00438#1#JAHBCB010000015.1	68184547	100000
hprc4_L100000_7190	HG00621.1	HG00621#1#JAHBCD010000041.1	54840739	100000
hprc4_L100000_7191	HG00438.2	HG00438#2#JAHBCA010000004.1	47583034	100000
hprc4_L100000_7192	HG00438.1	HG00438#1#JAHBCB010000006.1	41075030	100000
hprc4_L100000_7193	HG00438.2	HG00438#2#JAHBCA010000010.1	57081219	100000
hprc4_L100000_7194	HG00621.2	HG00621#2#JAHBCC010000009.1	6953837	100000
hprc4_L100000_7195	HG00621.1	HG00621#1#JAHBCD010000019.1	38298246	100000
hprc4_L100000_7196	HG00621.2	HG00621#2#JAHBCC010000062.1	2023593	100000
hprc4_L100000_7197	HG00438.2	HG00438#2#JAHBCA010000011.1	144635	100000
hprc4_L100000_7198	HG00621.1	HG00621#1#JAHBCD010000031.1	22177780	100000
hprc4_L100000_7199	HG00621.2	HG00621#2#JAHBCC010000051.1	32879522	100000
hprc4_L100000_7200	HG00438.2	HG00438#2#JAHBCA010000094.1	2116180	100000
hprc4_L100000_7201	HG00621.1	HG00621#1#JAHBCD010000023.1	12925447	100000
hprc4_L100000_7202	HG00621.1	HG00621#1#JAHBCD010000035.1	23142335	100000
hprc4_L100000_7203	HG00621.1	HG00621#1#JAHBCD010000044.1	4838642	100000
hprc4_L100000_7204	HG00438.1	HG00438#1#JAHBCB010000041.1	10018430	100000
hprc4_L100000_7205	HG00438.2	HG00438#2#JAHBCA010000002.1	121910457	100000
hprc4_L100000_7206	HG00621.1	HG00621#1#JAHBCD010000005.1	41882982	100000
hprc4_L100000_7207	HG00438.1	HG00438#1#JAHBCB010000065.1	9586870	100000
hprc4_L100000_7208	HG00438.1	HG00438#1#JAHBCB010000048.1	5635476	100000
hprc4_L100000_7209	HG00438.2	HG00438#2#JAHBCA010000008.1	48009058	100000
hprc4_L100000_7210	HG00438.1	HG00438#1#JAHBCB010000032.1	53934453	100000
hprc4_L100000_7211	HG00621.1	HG00621#1#JAHBCD010000028.1	14213455	100000
hprc4_L100000_7212	HG00621.2	HG00621#2#JAHBCC010000037.1	22700396	100000
hprc4_L100000_7213	HG00621.1	HG00621#1#JAHBCD010000084.1	11577776	100000
hprc4_L100000_7214	HG00438.1	HG00438#1#JAHBCB010000037.1	21769595	100000
hprc4_L100000_7215	HG00438.2	HG00438#2#JAHBCA010000073.1	324379	100000
hprc4_L100000_7216	HG00621.1	HG00621#1#JAHBCD010000021.1	18776715	100000
hprc4_L100000_7217	HG00438.2	HG00438#2#JAHBCA010000026.1	17633160	100000
hprc4_L100000_7218	HG00621.2	HG00621#2#JAHBCC010000070.1	14433105	100000
hprc4_L100000_7219	HG00438.2	HG00438#2#JAHBCA010000043.1	4787938	100000
hprc4_L100000_7220	HG00438.2	HG00438#2#JAHBCA010000048.1	4271514	100000
hprc4_L100000_7221	HG00438.2	HG00438#2#JAHBCA010000002.1	71938822	100000
hprc4_L100000_7222	HG00438.2	HG00438#2#JAHBCA010000019.1	37775306	100000
hprc4_L100000_7223	HG00621.2	HG00621#2#JAHBCC010000020.1	6586739	100000
hprc4_L100000_7224	HG00621.1	HG00621#1#JAHBCD010000019.1	43474296	100000
hprc4_L100000_7225	HG00621.1	HG00621#1#JAHBCD010000001.1	66909681	100000
hprc4_L100000_7226	HG00438.1	HG00438#1#JAHBCB010000071.1	11210513	100000
hprc4_L100000_7227	HG00438.2	HG00438#2#JAHBCA010000008.1	33625136	100000
hprc4_L100000_7228	HG00621.1	HG00621#1#JAHBCD010000024.1	49472869	100000
hprc4_L100000_7229	HG00438.2	HG00438#2#JAHBCA010000035.1	51546371	100000
hprc4_L100000_7230	HG00438.1	HG00438#1#JAHBCB010000003.1	54604368	100000
hprc4_L100000_7231	HG00438.1	HG00438#1#JAHBCB010000014.1	10795871	100000
hprc4_L100000_7232	HG00438.2	HG00438#2#JAHBCA010000107.1	2639589	100000
hprc4_L100000_7233	HG00438.2	HG00438#2#JAHBCA010000002.1	44556417	100000
hprc4_L100000_7234	HG00438.1	HG00438#1#JAHBCB010000001.1	4168972	100000
hprc4_L100000_7235	HG00621.1	HG00621#1#JAHBCD010000010.1	57762509	100000
hprc4_L100000_7236	HG00621.2	HG00621#2#JAHBCC010000055.1	57072855	100000
hprc4_L100000_7237	HG00621.2	HG00621#2#JAHBCC010000031.1	5984304	100000
hprc4_L100000_7238	HG00438.1	HG00438#1#JAHBCB010000044.1	41207511	100000
hprc4_L100000_7239	HG00621.2	HG00621#2#JAHBCC010000006.1	113286173	100000
hprc4_L100000_7240	HG00438.2	HG00438#2#JAHBCA010000043.1	29158928	100000
hprc4_L100000_7241	HG00438.1	HG00438#1#JAHBCB010000015.1	7517058	100000
hprc4_L100000_7242	HG00621.2	HG00621#2#JAHBCC010000008.1	68803114	100000
hprc4_L100000_7243	HG00438.1	HG00438#1#JAHBCB010000008.1	56599088	100000
hprc4_L100000_7244	HG00438.2	HG00438#2#JAHBCA010000006.1	8403151	100000
hprc4_L100000_7245	HG00621.2	HG00621#2#JAHBCC010000020.1	78271172	100000
hprc4_L100000_7246	HG00438.1	HG00438#1#JAHBCB010000097.1	17775778	100000
hprc4_L100000_7247	HG00621.1	HG00621#1#JAHBCD010000082.1	2513047	100000
hprc4_L100000_7248	HG00621.1	HG00621#1#JAHBCD010000066.1	22933215	100000
hprc4_L100000_7249	HG00438.1	HG00438#1#JAHBCB010000018.1	10388192	100000
hprc4_L100000_7250	HG00438.2	HG00438#2#JAHBCA010000022.1	10728685	100000
hprc4_L100000_7251	HG00621.1	HG00621#1#JAHBCD010000024.1	73194517	100000
hprc4_L100000_7252	HG00438.1	HG00438#1#JAHBCB010000016.1	86390647	100000
hprc4_L100000_7253	HG00438.2	HG00438#2#JAHBCA010000048.1	30312611	100000
hprc4_L100000_7254	HG00621.2	HG00621#2#JAHBCC010000079.1	4520810	100000
hprc4_L100000_7255	HG00621.1	HG00621#1#JAHBCD010000117.1	6186	100000
hprc4_L100000_7256	HG00438.1	HG00438#1#JAHBCB010000018.1	24280109	100000
hprc4_L100000_7257	HG00621.2	HG00621#2#JAHBCC010000006.1	43067875	100000
hprc4_L100000_7258	HG00438.2	HG00438#2#JAHBCA010000008.1	9319942	100000
hprc4_L100000_7259	HG00438.2	HG00438#2#JAHBCA010000048.1	27656753	100000
hprc4_L100000_7260	HG00621.1	HG00621#1#JAHBCD010000005.1	70039944	100000
hprc4_L100000_7261	HG00621.1	HG00621#1#JAHBCD010000023.1	7997690	100000
hprc4_L100000_7262	HG00621.1	HG00621#1#JAHBCD010000016.1	48533169	100000
hprc4_L100000_7263	HG00438.1	HG00438#1#JAHBCB010000004.1	37350390	100000
hprc4_L100000_7264	HG00621.2	HG00621#2#JAHBCC010000033.1	9251840	100000
hprc4_L100000_7265	HG00438.2	HG00438#2#JAHBCA010000192.1	19863	100000
hprc4_L100000_7266	HG00438.1	HG00438#1#JAHBCB010000057.1	3434986	100000
hprc4_L100000_7267	HG00621.2	HG00621#2#JAHBCC010000096.1	1373363	100000
hprc4_L100000_7268	HG00621.1	HG00621#1#JAHBCD010000151.1	208692	100000
hprc4_L100000_7269	HG00621.1	HG00621#1#JAHBCD010000048.1	4436710	100000
hprc4_L100000_7270	HG00438.1	HG00438#1#JAHBCB010000038.1	7703091	100000
hprc4_L100000_7271	HG00621.2	HG00621#2#JAHBCC010000025.1	19139688	100000
hprc4_L100000_7272	HG00438.2	HG00438#2#JAHBCA010000052.1	40861452	100000
hprc4_L100000_7273	HG00438.2	HG00438#2#JAHBCA010000003.1	31228329	100000
hprc4_L100000_7274	HG00438.2	HG00438#2#JAHBCA010000104.1	773598	100000
hprc4_L100000_7275	HG00438.2	HG00438#2#JAHBCA010000004.1	68453245	100000
hprc4_L100000_7276	HG00621.1	HG00621#1#JAHBCD010000032.1	14869760	100000
hprc4_L100000_7277	HG00438.1	HG00438#1#JAHBCB010000022.1	20760204	100000
hprc4_L100000_7278	HG00621.1	HG00621#1#JAHBCD010000047.1	729052	100000
hprc4_L100000_7279	HG00621.1	HG00621#1#JAHBCD010000050.1	57442023	100000
hprc4_L100000_7280	HG00438.2	HG00438#2#JAHBCA010000005.1	14120350	100000
hprc4_L100000_7281	HG00621.1	HG00621#1#JAHBCD010000008.1	35452412	100000
hprc4_L100000_7282	HG00621.2	HG00621#2#JAHBCC010000062.1	26443373	100000
hprc4_L100000_7283	HG00621.1	HG00621#1#JAHBCD010000050.1	52590146	100000
hprc4_L100000_7284	HG00621.2	HG00621#2#JAHBCC010000028.1	72411242	100000
hprc4_L100000_7285	HG00621.2	HG00621#2#JAHBCC010000024.1	25547923	100000
hprc4_L100000_7286	HG00438.1	HG00438#1#JAHBCB010000030.1	10641288	100000
hprc4_L100000_7287	HG00621.2	HG00621#2#JAHBCC010000039.1	3205256	100000
hprc4_L100000_7288	HG00438.1	HG00438#1#JAHBCB010000009.1	16572257	100000
hprc4_L100000_7289	HG00621.2	HG00621#2#JAHBCC010000034.1	5095145	100000
hprc4_L100000_7290	HG00621.2	HG00621#2#JAHBCC010000033.1	1763840	100000
hprc4_L100000_7291	HG00438.2	HG00438#2#JAHBCA010000023.1	35969651	100000
hprc4_L100000_7292	HG00621.1	HG00621#1#JAHBCD010000035.1	22316281	100000
hprc4_L100000_7293	HG00621.2	HG00621#2#JAHBCC010000083.1	1852560	100000
hprc4_L100000_7294	HG00621.1	HG00621#1#JAHBCD010000011.1	53826982	100000
hprc4_L100000_7295	HG00438.1	HG00438#1#JAHBCB010000037.1	75997738	100000
hprc4_L100000_7296	HG00621.1	HG00621#1#JAHBCD010000047.1	77140406	100000
hprc4_L100000_7297	HG00438.1	HG00438#1#JAHBCB010000020.1	11789175	100000
hprc4_L100000_7298	HG00621.1	HG00621#1#JAHBCD010000002.1	85359519	100000
hprc4_L100000_7299	HG00621.2	HG00621#2#JAHBCC010000044.1	2307354	100000
hprc4_L100000_7300	HG00438.2	HG00438#2#JAHBCA010000033.1	47000152	100000
hprc4_L100000_7301	HG00621.2	HG00621#2#JAHBCC010000018.1	52270908	100000
hprc4_L100000_7302	HG00621.1	HG00621#1#JAHBCD010000031.1	26311956	100000
hprc4_L100000_7303	HG00438.2	HG00438#2#JAHBCA010000020.1	47508330	100000
hprc4_L100000_7304	HG00438.2	HG00438#2#JAHBCA010000020.1	23936099	100000
hprc4_L100000_7305	HG00438.2	HG00438#2#JAHBCA010000067.1	3586568	100000
hprc4_L100000_7306	HG00621.2	HG00621#2#JAHBCC010000014.1	94999786	100000
hprc4_L100000_7307	HG00621.1	HG00621#1#JAHBCD010000033.1	39382234	100000
hprc4_L100000_7308	HG00438.1	HG00438#1#JAHBCB010000050.1	11123738	100000
hprc4_L100000_7309	HG00621.2	HG00621#2#JAHBCC010000007.1	12082086	100000
hprc4_L100000_7310	HG00438.2	HG00438#2#JAHBCA010000011.1	61171402	100000
hprc4_L100000_7311	HG00621.2	HG00621#2#JAHBCC010000082.1	8014459	100000
hprc4_L100000_7312	HG00621.2	HG00621#2#JAHBCC010000095.1	6809059	100000
hprc4_L100000_7313	HG00438.2	HG00438#2#JAHBCA010000002.1	77466132	100000
hprc4_L100000_7314	HG00621.2	HG00621#2#JAHBCC010000057.1	8670123	100000
hprc4_L100000_7315	HG00438.1	HG00438#1#JAHBCB010000057.1	47237116	100000
hprc4_L100000_7316	HG00621.1	HG00621#1#JAHBCD010000024.1	69182214	100000
hprc4_L100000_7317	HG00621.1	HG00621#1#JAHBCD010000022.1	65107376	100000
hprc4_L100000_7318	HG00438.2	HG00438#2#JAHBCA010000008.1	71968113	100000
hprc4_L100000_7319	HG00621.2	HG00621#2#JAHBCC010000024.1	9714124	100000
hprc4_L100000_7320	HG00438.1	HG00438#1#JAHBCB010000015.1	43030527	100000
hprc4_L100000_7321	HG00438.2	HG00438#2#JAHBCA010000005.1	95589455	100000
hprc4_L100000_7322	HG00621.2	HG00621#2#JAHBCC010000076.1	43064092	100000
hprc4_L100000_7323	HG00438.1	HG00438#1#JAHBCB010000001.1	37011571	100000
hprc4_L100000_7324	HG00621.1	HG00621#1#JAHBCD010000005.1	10458683	100000
hprc4_L100000_7325	HG00621.2	HG00621#2#JAHBCC010000002.1	2061017	100000
hprc4_L100000_7326	HG00621.1	HG00621#1#JAHBCD010000047.1	62770511	100000
hprc4_L100000_7327	HG00438.2	HG00438#2#JAHBCA010000016.1	30395577	100000
hprc4_L100000_7328	HG00621.2	HG00621#2#JAHBCC010000002.1	3060319	100000
hprc4_L100000_7329	HG00621.2	HG00621#2#JAHBCC010000104.1	1998119	100000
hprc4_L100000_7330	HG00438.2	HG00438#2#JAHBCA010000011.1	68798109	100000
hprc4_L100000_7331	HG00621.1	HG00621#1#JAHBCD010000028.1	18014435	100000
hprc4_L100000_7332	HG00621.2	HG00621#2#JAHBCC010000014.1	2926940	100000
hprc4_L100000_7333	HG00621.2	HG00621#2#JAHBCC010000005.1	24495414	100000
hprc4_L100000_7334	HG00621.2	HG00621#2#JAHBCC010000053.1	25578799	100000
hprc4_L100000_7335	HG00438.1	HG00438#1#JAHBCB010000011.1	15857866	100000
hprc4_L100000_7336	HG00621.1	HG00621#1#JAHBCD010000002.1	34177771	100000
hprc4_L100000_7337	HG00621.1	HG00621#1#JAHBCD010000104.1	4424242	100000
hprc4_L100000_7338	HG00438.2	HG00438#2#JAHBCA010000005.1	34321351	100000
hprc4_L100000_7339	HG00438.1	HG00438#1#JAHBCB010000018.1	76333870	100000
hprc4_L100000_7340	HG00621.2	HG00621#2#JAHBCC010000087.1	408807	100000
hprc4_L100000_7341	HG00438.2	HG00438#2#JAHBCA010000072.1	4279251	100000
hprc4_L100000_7342	HG00621.1	HG00621#1#JAHBCD010000031.1	48715417	100000
hprc4_L100000_7343	HG00438.1	HG00438#1#JAHBCB010000085.1	2529034	100000
hprc4_L100000_7344	HG00438.2	HG00438#2#JAHBCA010000011.1	83314055	100000
hprc4_L100000_7345	HG00438.1	HG00438#1#JAHBCB010000042.1	47083721	100000
hprc4_L100000_7346	HG00438.2	HG00438#2#JAHBCA010000081.1	1577767	100000
hprc4_L100000_7347	HG00438.2	HG00438#2#JAHBCA010000050.1	30563598	100000
hprc4_L100000_7348	HG00621.2	HG00621#2#JAHBCC010000033.1	52589685	100000
hprc4_L100000_7349	HG00621.2	HG00621#2#JAHBCC010000025.1	1917278	100000
hprc4_L100000_7350	HG00438.2	HG00438#2#JAHBCA010000023.1	37247894	100000
hprc4_L100000_7351	HG00621.2	HG00621#2#JAHBCC010000054.1	29279346	100000
hprc4_L100000_7352	HG00438.1	HG00438#1#JAHBCB010000024.1	8497625	100000
hprc4_L100000_7353	HG00621.2	HG00621#2#JAHBCC010000138.1	13465	100000
hprc4_L100000_7354	HG00438.1	HG00438#1#JAHBCB010000044.1	1004708	100000
hprc4_L100000_7355	HG00621.1	HG00621#1#JAHBCD010000082.1	26564954	100000
hprc4_L100000_7356	HG00438.2	HG00438#2#JAHBCA010000005.1	28419072	100000
hprc4_L100000_7357	HG00438.1	HG00438#1#JAHBCB010000092.1	13160565	100000
hprc4_L100000_7358	HG00438.2	HG00438#2#JAHBCA010000011.1	81304786	100000
hprc4_L100000_7359	HG00438.1	HG00438#1#JAHBCB010000011.1	42831709	100000
hprc4_L100000_7360	HG00438.2	HG00438#2#JAHBCA010000052.1	36634189	100000
hprc4_L100000_7361	HG00438.1	HG00438#1#JAHBCB010000058.1	18565514	100000
hprc4_L100000_7362	HG00438.1	HG00438#1#JAHBCB010000025.1	16100828	100000
hprc4_L100000_7363	HG00621.1	HG00621#1#JAHBCD010000035.1	20078205	100000
hprc4_L100000_7364	HG00438.2	HG00438#2#JAHBCA010000005.1	104217331	100000
hprc4_L100000_7365	HG00621.1	HG00621#1#JAHBCD010000037.1	36301814	100000
hprc4_L100000_7366	HG00438.2	HG00438#2#JAHBCA010000025.1	19639007	100000
hprc4_L100000_7367	HG00438.2	HG00438#2#JAHBCA010000040.1	47310781	100000
hprc4_L100000_7368	HG00438.1	HG00438#1#JAHBCB010000066.1	18718549	100000
hprc4_L100000_7369	HG00621.1	HG00621#1#JAHBCD010000125.1	2336636	100000
hprc4_L100000_7370	HG00438.1	HG00438#1#JAHBCB010000010.1	23364541	100000
hprc4_L100000_7371	HG00438.1	HG00438#1#JAHBCB010000032.1	25382947	100000
hprc4_L100000_7372	HG00438.2	HG00438#2#JAHBCA010000043.1	7572087	100000
hprc4_L100000_7373	HG00438.1	HG00438#1#JAHBCB010000003.1	66731638	100000
hprc4_L100000_7374	HG00621.2	HG00621#2#JAHBCC010000056.1	14690721	100000
hprc4_L100000_7375	HG00621.2	HG00621#2#JAHBCC010000054.1	31018289	100000
hprc4_L100000_7376	HG00621.2	HG00621#2#JAHBCC010000084.1	6249723	100000
hprc4_L100000_7377	HG00438.1	HG00438#1#JAHBCB010000016.1	4488822	100000
hprc4_L100000_7378	HG00621.2	HG00621#2#JAHBCC010000033.1	59521251	100000
hprc4_L100000_7379	HG00621.2	HG00621#2#JAHBCC010000078.1	26203685	100000
hprc4_L100000_7380	HG00438.2	HG00438#2#JAHBCA010000006.1	9081608	100000
hprc4_L100000_7381	HG00621.1	HG00621#1#JAHBCD010000030.1	1970154	100000
hprc4_L100000_7382	HG00438.2	HG00438#2#JAHBCA010000025.1	845962	100000
hprc4_L100000_7383	HG00438.1	HG00438#1#JAHBCB010000104.1	1323177	100000
hprc4_L100000_7384	HG00621.2	HG00621#2#JAHBCC010000066.1	21905263	100000
hprc4_L100000_7385	HG00621.2	HG00621#2#JAHBCC010000055.1	58670366	100000
hprc4_L100000_7386	HG00621.2	HG00621#2#JAHBCC010000006.1	125765971	100000
hprc4_L100000_7387	HG00621.1	HG00621#1#JAHBCD010000029.1	9500861	100000
hprc4_L100000_7388	HG00438.1	HG00438#1#JAHBCB010000072.1	933088	100000
hprc4_L100000_7389	HG00438.1	HG00438#1#JAHBCB010000016.1	46353067	100000
hprc4_L100000_7390	HG00621.1	HG00621#1#JAHBCD010000041.1	26572143	100000
hprc4_L100000_7391	HG00621.2	HG00621#2#JAHBCC010000071.1	12303877	100000
hprc4_L100000_7392	HG00621.2	HG00621#2#JAHBCC010000017.1	13654144	100000
hprc4_L100000_7393	HG00438.2	HG00438#2#JAHBCA010000020.1	48791868	100000
hprc4_L100000_7394	HG00438.1	HG00438#1#JAHBCB010000036.1	22484231	100000
hprc4_L100000_7395	HG00621.1	HG00621#1#JAHBCD010000064.1	18753247	100000
hprc4_L100000_7396	HG00621.2	HG00621#2#JAHBCC010000065.1	6701364	100000
hprc4_L100000_7397	HG00438.2	HG00438#2#JAHBCA010000022.1	10733413	100000
hprc4_L100000_7398	HG00621.2	HG00621#2#JAHBCC010000019.1	45326611	100000
hprc4_L100000_7399	HG00438.2	HG00438#2#JAHBCA010000035.1	58830459	100000
hprc4_L100000_7400	HG00438.1	HG00438#1#JAHBCB010000011.1	19741017	100000
hprc4_L100000_7401	HG00621.2	HG00621#2#JAHBCC010000028.1	18051948	100000
hprc4_L100000_7402	HG00438.1	HG00438#1#JAHBCB010000032.1	34594842	100000
hprc4_L100000_7403	HG00621.1	HG00621#1#JAHBCD010000026.1	13574011	100000
hprc4_L100000_7404	HG00621.2	HG00621#2#JAHBCC010000021.1	7573496	100000
hprc4_L100000_7405	HG00621.1	HG00621#1#JAHBCD010000026.1	4804615	100000
hprc4_L100000_7406	HG00438.1	HG00438#1#JAHBCB010000097.1	586703	100000
hprc4_L100000_7407	HG00438.1	HG00438#1#JAHBCB010000008.1	89337176	100000
hprc4_L100000_7408	HG00438.2	HG00438#2#JAHBCA010000008.1	9277775	100000
hprc4_L100000_7409	HG00438.1	HG00438#1#JAHBCB010000066.1	20709850	100000
hprc4_L100000_7410	HG00438.2	HG00438#2#JAHBCA010000089.1	26561509	100000
hprc4_L100000_7411	HG00621.1	HG00621#1#JAHBCD010000051.1	7506334	100000
hprc4_L100000_7412	HG00621.1	HG00621#1#JAHBCD010000047.1	52037612	100000
hprc4_L100000_7413	HG00621.1	HG00621#1#JAHBCD010000063.1	28770035	100000
hprc4_L100000_7414	HG00438.1	HG00438#1#JAHBCB010000012.1	18884121	100000
hprc4_L100000_7415	HG00621.2	HG00621#2#JAHBCC010000033.1	19326959	100000
hprc4_L100000_7416	HG00621.1	HG00621#1#JAHBCD010000017.1	20356925	100000
hprc4_L100000_7417	HG00438.1	HG00438#1#JAHBCB010000030.1	8145087	100000
hprc4_L100000_7418	HG00438.1	HG00438#1#JAHBCB010000017.1	15158243	100000
hprc4_L100000_7419	HG00621.1	HG00621#1#JAHBCD010000001.1	26265237	100000
hprc4_L100000_7420	HG00438.1	HG00438#1#JAHBCB010000019.1	58261183	100000
hprc4_L100000_7421	HG00438.1	HG00438#1#JAHBCB010000057.1	13594853	100000
hprc4_L100000_7422	HG00438.2	HG00438#2#JAHBCA010000003.1	12543386	100000
hprc4_L100000_7423	HG00438.2	HG00438#2#JAHBCA010000035.1	7617368	100000
hprc4_L100000_7424	HG00621.2	HG00621#2#JAHBCC010000074.1	5899593	100000
hprc4_L100000_7425	HG00438.1	HG00438#1#JAHBCB010000037.1	33985710	100000
hprc4_L100000_7426	HG00621.2	HG00621#2#JAHBCC010000001.1	142501	100000
hprc4_L100000_7427	HG00438.2	HG00438#2#JAHBCA010000005.1	25842806	100000
hprc4_L100000_7428	HG00621.2	HG00621#2#JAHBCC010000067.1	24252954	100000
hprc4_L100000_7429	HG00438.2	HG00438#2#JAHBCA010000012.1	56257245	100000
hprc4_L100000_7430	HG00621.1	HG00621#1#JAHBCD010000083.1	9243283	100000
hprc4_L100000_7431	HG00438.2	HG00438#2#JAHBCA010000033.1	33583334	100000
hprc4_L100000_7432	HG00438.1	HG00438#1#JAHBCB010000081.1	680711	100000
hprc4_L100000_7433	HG00438.2	HG00438#2#JAHBCA010000037.1	25166033	100000
hprc4_L100000_7434	HG00438.1	HG00438#1#JAHBCB010000003.1	28453750	100000
hprc4_L100000_7435	HG00621.2	HG00621#2#JAHBCC010000085.1	2205294	100000
hprc4_L100000_7436	HG00438.2	HG00438#2#JAHBCA010000063.1	15123387	100000
hprc4_L100000_7437	HG00438.1	HG00438#1#JAHBCB010000003.1	8764728	100000
hprc4_L100000_7438	HG00438.1	HG00438#1#JAHBCB010000003.1	109328025	100000
hprc4_L100000_7439	HG00621.2	HG00621#2#JAHBCC010000005.1	24814612	100000
hprc4_L100000_7440	HG00621.1	HG00621#1#JAHBCD010000031.1	4896775	100000
hprc4_L100000_7441	HG00438.1	HG00438#1#JAHBCB010000097.1	37597710	100000
hprc4_L100000_7442	HG00438.1	HG00438#1#JAHBCB010000033.1	12417001	100000
hprc4_L100000_7443	HG00438.1	HG00438#1#JAHBCB010000053.1	18051813	100000
hprc4_L100000_7444	HG00621.1	HG00621#1#JAHBCD010000064.1	16637142	100000
hprc4_L100000_7445	HG00621.2	HG00621#2#JAHBCC010000006.1	73390329	100000
hprc4_L100000_7446	HG00438.2	HG00438#2#JAHBCA010000014.1	1483900	100000
hprc4_L100000_7447	HG00438.2	HG00438#2#JAHBCA010000128.1	3382270	100000
hprc4_L100000_7448	HG00621.2	HG00621#2#JAHBCC010000024.1	65119050	100000
hprc4_L100000_7449	HG00621.2	HG00621#2#JAHBCC010000066.1	9084775	100000
hprc4_L100000_7450	HG00621.1	HG00621#1#JAHBCD010000024.1	34707412	100000
hprc4_L100000_7451	HG00438.2	HG00438#2#JAHBCA010000041.1	7881006	100000
hprc4_L100000_7452	HG00438.2	HG00438#2#JAHBCA010000032.1	40443288	100000
hprc4_L100000_7453	HG00621.2	HG00621#2#JAHBCC010000020.1	48146200	100000
hprc4_L100000_7454	HG00438.1	HG00438#1#JAHBCB010000019.1	51934412	100000
hprc4_L100000_7455	HG00438.1	HG00438#1#JAHBCB010000047.1	19313036	100000
hprc4_L100000_7456	HG00621.1	HG00621#1#JAHBCD010000041.1	44264530	100000
hprc4_L100000_7457	HG00438.2	HG00438#2#JAHBCA010000022.1	18791649	100000
hprc4_L100000_7458	HG00621.1	HG00621#1#JAHBCD010000029.1	34698802	100000
hprc4_L100000_7459	HG00438.2	HG00438#2#JAHBCA010000052.1	50158260	100000
hprc4_L100000_7460	HG00621.1	HG00621#1#JAHBCD010000082.1	3559863	100000
hprc4_L100000_7461	HG00621.2	HG00621#2#JAHBCC010000037.1	38736709	100000
hprc4_L100000_7462	HG00621.2	HG00621#2#JAHBCC010000009.1	18683923	100000
hprc4_L100000_7463	HG00621.2	HG00621#2#JAHBCC010000029.1	888987	100000
hprc4_L100000_7464	HG00621.2	HG00621#2#JAHBCC010000001.1	1672976	100000
hprc4_L100000_7465	HG00438.2	HG00438#2#JAHBCA010000030.1	8721879	100000
hprc4_L100000_7466	HG00438.2	HG00438#2#JAHBCA010000043.1	62947927	100000
hprc4_L100000_7467	HG00621.2	HG00621#2#JAHBCC010000076.1	20947066	100000
hprc4_L100000_7468	HG00621.2	HG00621#2#JAHBCC010000070.1	8172980	100000
hprc4_L100000_7469	HG00438.1	HG00438#1#JAHBCB010000005.1	8477218	100000
hprc4_L100000_7470	HG00621.2	HG00621#2#JAHBCC010000014.1	103176710	100000
hprc4_L100000_7471	HG00621.1	HG00621#1#JAHBCD010000001.1	59157729	100000
hprc4_L100000_7472	HG00621.1	HG00621#1#JAHBCD010000052.1	15496203	100000
hprc4_L100000_7473	HG00621.1	HG00621#1#JAHBCD010000063.1	31369555	100000
hprc4_L100000_7474	HG00438.1	HG00438#1#JAHBCB010000018.1	48823780	100000
hprc4_L100000_7475	HG00621.2	HG00621#2#JAHBCC010000006.1	661441	100000
hprc4_L100000_7476	HG00621.2	HG00621#2#JAHBCC010000019.1	47854259	100000
hprc4_L100000_7477	HG00621.2	HG00621#2#JAHBCC010000066.1	39971446	100000
hprc4_L100000_7478	HG00621.1	HG00621#1#JAHBCD010000064.1	50058048	100000
hprc4_L100000_7479	HG00438.2	HG00438#2#JAHBCA010000011.1	4022529	100000
hprc4_L100000_7480	HG00621.1	HG00621#1#JAHBCD010000047.1	86390249	100000
hprc4_L100000_7481	HG00438.1	HG00438#1#JAHBCB010000026.1	3150429	100000
hprc4_L100000_7482	HG00438.1	HG00438#1#JAHBCB010000082.1	1448367	100000
hprc4_L100000_7483	HG00621.2	HG00621#2#JAHBCC010000012.1	1139672	100000
hprc4_L100000_7484	HG00621.2	HG00621#2#JAHBCC010000033.1	16655506	100000
hprc4_L100000_7485	HG00621.1	HG00621#1#JAHBCD010000048.1	21743645	100000
hprc4_L100000_7486	HG00438.2	HG00438#2#JAHBCA010000026.1	9605657	100000
hprc4_L100000_7487	HG00621.2	HG00621#2#JAHBCC010000006.1	47484597	100000
hprc4_L100000_7488	HG00621.1	HG00621#1#JAHBCD010000026.1	26126730	100000
hprc4_L100000_7489	HG00438.2	HG00438#2#JAHBCA010000003.1	17933346	100000
hprc4_L100000_7490	HG00438.2	HG00438#2#JAHBCA010000011.1	63206459	100000
hprc4_L100000_7491	HG00438.2	HG00438#2#JAHBCA010000052.1	39756796	100000
hprc4_L100000_7492	HG00438.2	HG00438#2#JAHBCA010000023.1	11406731	100000
hprc4_L100000_7493	HG00438.1	HG00438#1#JAHBCB010000041.1	47568924	100000
hprc4_L100000_7494	HG00438.1	HG00438#1#JAHBCB010000042.1	28914818	100000
hprc4_L100000_7495	HG00438.1	HG00438#1#JAHBCB010000037.1	3605335	100000
hprc4_L100000_7496	HG00621.1	HG00621#1#JAHBCD010000047.1	46251044	100000
hprc4_L100000_7497	HG00621.2	HG00621#2#JAHBCC010000055.1	63875610	100000
hprc4_L100000_7498	HG00438.2	HG00438#2#JAHBCA010000012.1	1217097	100000
hprc4_L100000_7499	HG00438.1	HG00438#1#JAHBCB010000006.1	49561713	100000
hprc4_L100000_7500	HG00438.1	HG00438#1#JAHBCB010000028.1	13980046	100000
hprc4_L100000_7501	HG00621.2	HG00621#2#JAHBCC010000049.1	3131102	100000
hprc4_L100000_7502	HG00438.2	HG00438#2#JAHBCA010000053.1	16530406	100000
hprc4_L100000_7503	HG00438.2	HG00438#2#JAHBCA010000104.1	2936925	100000
hprc4_L100000_7504	HG00438.1	HG00438#1#JAHBCB010000049.1	4171007	100000
hprc4_L100000_7505	HG00438.2	HG00438#2#JAHBCA010000071.1	11391377	100000
hprc4_L100000_7506	HG00621.2	HG00621#2#JAHBCC010000036.1	19793573	100000
hprc4_L100000_7507	HG00621.2	HG00621#2#JAHBCC010000006.1	14866914	100000
hprc4_L100000_7508	HG00438.1	HG00438#1#JAHBCB010000033.1	18163328	100000
hprc4_L100000_7509	HG00438.1	HG00438#1#JAHBCB010000097.1	3537505	100000
hprc4_L100000_7510	HG00438.2	HG00438#2#JAHBCA010000071.1	6963077	100000
hprc4_L100000_7511	HG00621.2	HG00621#2#JAHBCC010000020.1	49436109	100000
hprc4_L100000_7512	HG00621.1	HG00621#1#JAHBCD010000024.1	17048339	100000
hprc4_L100000_7513	HG00621.1	HG00621#1#JAHBCD010000064.1	33132925	100000
hprc4_L100000_7514	HG00621.1	HG00621#1#JAHBCD010000041.1	59741820	100000
hprc4_L100000_7515	HG00621.1	HG00621#1#JAHBCD010000041.1	15411763	100000
hprc4_L100000_7516	HG00621.1	HG00621#1#JAHBCD010000016.1	14761934	100000
hprc4_L100000_7517	HG00438.1	HG00438#1#JAHBCB010000020.1	10074083	100000
hprc4_L100000_7518	HG00621.1	HG00621#1#JAHBCD010000027.1	29659164	100000
hprc4_L100000_7519	HG00621.2	HG00621#2#JAHBCC010000017.1	30924215	100000
hprc4_L100000_7520	HG00621.2	HG00621#2#JAHBCC010000065.1	14119252	100000
hprc4_L100000_7521	HG00621.1	HG00621#1#JAHBCD010000047.1	8548684	100000
hprc4_L100000_7522	HG00438.2	HG00438#2#JAHBCA010000003.1	26123471	100000
hprc4_L100000_7523	HG00621.1	HG00621#1#JAHBCD010000011.1	30285860	100000
hprc4_L100000_7524	HG00621.2	HG00621#2#JAHBCC010000014.1	58669113	100000
hprc4_L100000_7525	HG00621.1	HG00621#1#JAHBCD010000047.1	68747070	100000
hprc4_L100000_7526	HG00438.2	HG00438#2#JAHBCA010000091.1	1010630	100000
hprc4_L100000_7527	HG00621.1	HG00621#1#JAHBCD010000025.1	4802159	100000
hprc4_L100000_7528	HG00621.1	HG00621#1#JAHBCD010000080.1	7203043	100000
hprc4_L100000_7529	HG00438.1	HG00438#1#JAHBCB010000010.1	3011234	100000
hprc4_L100000_7530	HG00438.1	HG00438#1#JAHBCB010000019.1	55705398	100000
hprc4_L100000_7531	HG00438.1	HG00438#1#JAHBCB010000024.1	35243610	100000
hprc4_L100000_7532	HG00438.2	HG00438#2#JAHBCA010000010.1	54116949	100000
hprc4_L100000_7533	HG00438.2	HG00438#2#JAHBCA010000067.1	5666325	100000
hprc4_L100000_7534	HG00438.2	HG00438#2#JAHBCA010000076.1	4312477	100000
hprc4_L100000_7535	HG00621.1	HG00621#1#JAHBCD010000041.1	18621475	100000
hprc4_L100000_7536	HG00438.1	HG00438#1#JAHBCB010000008.1	9620602	100000
hprc4_L100000_7537	HG00438.1	HG00438#1#JAHBCB010000001.1	8519902	100000
hprc4_L100000_7538	HG00621.2	HG00621#2#JAHBCC010000013.1	23682557	100000
hprc4_L100000_7539	HG00438.1	HG00438#1#JAHBCB010000015.1	16629951	100000
hprc4_L100000_7540	HG00438.1	HG00438#1#JAHBCB010000053.1	6872908	100000
hprc4_L100000_7541	HG00621.2	HG00621#2#JAHBCC010000027.1	4337198	100000
hprc4_L100000_7542	HG00621.1	HG00621#1#JAHBCD010000016.1	48152005	100000
hprc4_L100000_7543	HG00621.1	HG00621#1#JAHBCD010000010.1	41215041	100000
hprc4_L100000_7544	HG00621.1	HG00621#1#JAHBCD010000021.1	52341502	100000
hprc4_L100000_7545	HG00438.2	HG00438#2#JAHBCA010000019.1	54474091	100000
hprc4_L100000_7546	HG00621.2	HG00621#2#JAHBCC010000066.1	44492609	100000
hprc4_L100000_7547	HG00438.2	HG00438#2#JAHBCA010000052.1	39744656	100000
hprc4_L100000_7548	HG00621.2	HG00621#2#JAHBCC010000028.1	57302239	100000
hprc4_L100000_7549	HG00438.2	HG00438#2#JAHBCA010000084.1	7663620	100000
hprc4_L100000_7550	HG00438.2	HG00438#2#JAHBCA010000025.1	25751402	100000
hprc4_L100000_7551	HG00438.2	HG00438#2#JAHBCA010000025.1	27273453	100000
hprc4_L100000_7552	HG00621.1	HG00621#1#JAHBCD010000008.1	9848852	100000
hprc4_L100000_7553	HG00438.1	HG00438#1#JAHBCB010000019.1	82656481	100000
hprc4_L100000_7554	HG00621.2	HG00621#2#JAHBCC010000039.1	56584760	100000
hprc4_L100000_7555	HG00438.2	HG00438#2#JAHBCA010000083.1	7502737	100000
hprc4_L100000_7556	HG00438.1	HG00438#1#JAHBCB010000011.1	24268815	100000
hprc4_L100000_7557	HG00438.2	HG00438#2#JAHBCA010000043.1	46777022	100000
hprc4_L100000_7558	HG00621.1	HG00621#1#JAHBCD010000047.1	92921236	100000
hprc4_L100000_7559	HG00621.2	HG00621#2#JAHBCC010000015.1	8010044	100000
hprc4_L100000_7560	HG00438.1	HG00438#1#JAHBCB010000037.1	27301028	100000
hprc4_L100000_7561	HG00621.2	HG00621#2#JAHBCC010000027.1	6963112	100000
hprc4_L100000_7562	HG00438.1	HG00438#1#JAHBCB010000003.1	18322763	100000
hprc4_L100000_7563	HG00438.2	HG00438#2#JAHBCA010000055.1	35929893	100000
hprc4_L100000_7564	HG00621.1	HG00621#1#JAHBCD010000052.1	17946619	100000
hprc4_L100000_7565	HG00438.1	HG00438#1#JAHBCB010000006.1	56608991	100000
hprc4_L100000_7566	HG00621.2	HG00621#2#JAHBCC010000022.1	63915855	100000
hprc4_L100000_7567	HG00438.2	HG00438#2#JAHBCA010000016.1	13834073	100000
hprc4_L100000_7568	HG00438.2	HG00438#2#JAHBCA010000035.1	1097816	100000
hprc4_L100000_7569	HG00438.1	HG00438#1#JAHBCB010000057.1	1442993	100000
hprc4_L100000_7570	HG00438.2	HG00438#2#JAHBCA010000035.1	30106744	100000
hprc4_L100000_7571	HG00438.1	HG00438#1#JAHBCB010000021.1	17165806	100000
hprc4_L100000_7572	HG00621.2	HG00621#2#JAHBCC010000005.1	45608939	100000
hprc4_L100000_7573	HG00621.1	HG00621#1#JAHBCD010000002.1	21060805	100000
hprc4_L100000_7574	HG00438.2	HG00438#2#JAHBCA010000050.1	7804860	100000
hprc4_L100000_7575	HG00438.2	HG00438#2#JAHBCA010000002.1	128911777	100000
hprc4_L100000_7576	HG00621.2	HG00621#2#JAHBCC010000037.1	19658384	100000
hprc4_L100000_7577	HG00438.2	HG00438#2#JAHBCA010000027.1	4965860	100000
hprc4_L100000_7578	HG00621.2	HG00621#2#JAHBCC010000068.1	548510	100000
hprc4_L100000_7579	HG00438.1	HG00438#1#JAHBCB010000003.1	77509425	100000
hprc4_L100000_7580	HG00621.2	HG00621#2#JAHBCC010000062.1	22682515	100000
hprc4_L100000_7581	HG00438.2	HG00438#2#JAHBCA010000019.1	5475887	100000
hprc4_L100000_7582	HG00438.2	HG00438#2#JAHBCA010000010.1	17109099	100000
hprc4_L100000_7583	HG00438.1	HG00438#1#JAHBCB010000021.1	364408	100000
hprc4_L100000_7584	HG00438.2	HG00438#2#JAHBCA010000103.1	7421841	100000
hprc4_L100000_7585	HG00438.1	HG00438#1#JAHBCB010000018.1	111494898	100000
hprc4_L100000_7586	HG00438.2	HG00438#2#JAHBCA010000004.1	29002246	100000
hprc4_L100000_7587	HG00621.1	HG00621#1#JAHBCD010000023.1	3043084	100000
hprc4_L100000_7588	HG00621.2	HG00621#2#JAHBCC010000076.1	10807260	100000
hprc4_L100000_7589	HG00438.2	HG00438#2#JAHBCA010000076.1	6551747	100000
hprc4_L100000_7590	HG00621.2	HG00621#2#JAHBCC010000045.1	58197127	100000
hprc4_L100000_7591	HG00438.1	HG00438#1#JAHBCB010000018.1	95875245	100000
hprc4_L100000_7592	HG00438.1	HG00438#1#JAHBCB010000057.1	1606759	100000
hprc4_L100000_7593	HG00438.2	HG00438#2#JAHBCA010000053.1	38384036	100000
hprc4_L100000_7594	HG00621.1	HG00621#1#JAHBCD010000025.1	4402402	100000
hprc4_L100000_7595	HG00621.2	HG00621#2#JAHBCC010000014.1	21543587	100000
hprc4_L100000_7596	HG00438.2	HG00438#2#JAHBCA010000021.1	1262955	100000
hprc4_L100000_7597	HG00438.1	HG00438#1#JAHBCB010000015.1	38119051	100000
hprc4_L100000_7598	HG00621.2	HG00621#2#JAHBCC010000022.1	3420363	100000
hprc4_L100000_7599	HG00438.1	HG00438#1#JAHBCB010000099.1	3452055	100000
hprc4_L100000_7600	HG00621.1	HG00621#1#JAHBCD010000021.1	20311213	100000
hprc4_L100000_7601	HG00438.2	HG00438#2#JAHBCA010000054.1	14650875	100000
hprc4_L100000_7602	HG00438.1	HG00438#1#JAHBCB010000011.1	23016122	100000
hprc4_L100000_7603	HG00621.1	HG00621#1#JAHBCD010000100.1	1382442	100000
hprc4_L100000_7604	HG00438.1	HG00438#1#JAHBCB010000021.1	34472156	100000
hprc4_L100000_7605	HG00438.1	HG00438#1#JAHBCB010000055.1	10777895	100000
hprc4_L100000_7606	HG00438.1	HG00438#1#JAHBCB010000010.1	16620557	100000
hprc4_L100000_7607	HG00621.2	HG00621#2#JAHBCC010000008.1	30405348	100000
hprc4_L100000_7608	HG00438.1	HG00438#1#JAHBCB010000061.1	12281767	100000
hprc4_L100000_7609	HG00621.2	HG00621#2#JAHBCC010000008.1	1061203	100000
hprc4_L100000_7610	HG00438.1	HG00438#1#JAHBCB010000016.1	52834430	100000
hprc4_L100000_7611	HG00438.1	HG00438#1#JAHBCB010000035.1	2749265	100000
hprc4_L100000_7612	HG00621.1	HG00621#1#JAHBCD010000025.1	15563941	100000
hprc4_L100000_7613	HG00438.2	HG00438#2#JAHBCA010000042.1	18291198	100000
hprc4_L100000_7614	HG00621.1	HG00621#1#JAHBCD010000001.1	58712244	100000
hprc4_L100000_7615	HG00438.1	HG00438#1#JAHBCB010000016.1	87798013	100000
hprc4_L100000_7616	HG00621.2	HG00621#2#JAHBCC010000018.1	84763106	100000
hprc4_L100000_7617	HG00438.1	HG00438#1#JAHBCB010000082.1	7127311	100000
hprc4_L100000_7618	HG00621.2	HG00621#2#JAHBCC010000048.1	2271569	100000
hprc4_L100000_7619	HG00621.2	HG00621#2#JAHBCC010000066.1	18830997	100000
hprc4_L100000_7620	HG00438.1	HG00438#1#JAHBCB010000017.1	24551751	100000
hprc4_L100000_7621	HG00438.2	HG00438#2#JAHBCA010000083.1	8402024	100000
hprc4_L100000_7622	HG00621.2	HG00621#2#JAHBCC010000055.1	16361179	100000
hprc4_L100000_7623	HG00621.1	HG00621#1#JAHBCD010000084.1	1117900	100000
hprc4_L100000_7624	HG00621.1	HG00621#1#JAHBCD010000008.1	27991272	100000
hprc4_L100000_7625	HG00438.1	HG00438#1#JAHBCB010000089.1	6361055	100000
hprc4_L100000_7626	HG00438.1	HG00438#1#JAHBCB010000006.1	16591326	100000
hprc4_L100000_7627	HG00438.1	HG00438#1#JAHBCB010000025.1	5071243	100000
hprc4_L100000_7628	HG00621.2	HG00621#2#JAHBCC010000016.1	10240227	100000
hprc4_L100000_7629	HG00438.1	HG00438#1#JAHBCB010000045.1	25571943	100000
hprc4_L100000_7630	HG00438.2	HG00438#2#JAHBCA010000003.1	57351640	100000
hprc4_L100000_7631	HG00438.1	HG00438#1#JAHBCB010000049.1	15922037	100000
hprc4_L100000_7632	HG00438.2	HG00438#2#JAHBCA010000011.1	54428132	100000
hprc4_L100000_7633	HG00438.2	HG00438#2#JAHBCA010000089.1	28909237	100000
hprc4_L100000_7634	HG00438.2	HG00438#2#JAHBCA010000012.1	70042933	100000
hprc4_L100000_7635	HG00621.2	HG00621#2#JAHBCC010000022.1	58873267	100000
hprc4_L100000_7636	HG00621.2	HG00621#2#JAHBCC010000034.1	63016934	100000
hprc4_L100000_7637	HG00438.2	HG00438#2#JAHBCA010000024.1	20058003	100000
hprc4_L100000_7638	HG00621.1	HG00621#1#JAHBCD010000026.1	32112846	100000
hprc4_L100000_7639	HG00438.1	HG00438#1#JAHBCB010000041.1	35077596	100000
hprc4_L100000_7640	HG00438.1	HG00438#1#JAHBCB010000015.1	24967362	100000
hprc4_L100000_7641	HG00621.1	HG00621#1#JAHBCD010000022.1	5638709	100000
hprc4_L100000_7642	HG00438.1	HG00438#1#JAHBCB010000001.1	42707965	100000
hprc4_L100000_7643	HG00438.2	HG00438#2#JAHBCA010000035.1	64032798	100000
hprc4_L100000_7644	HG00621.1	HG00621#1#JAHBCD010000044.1	1703270	100000
hprc4_L100000_7645	HG00621.2	HG00621#2#JAHBCC010000031.1	10139155	100000
hprc4_L100000_7646	HG00438.1	HG00438#1#JAHBCB010000076.1	180221	100000
hprc4_L100000_7647	HG00621.1	HG00621#1#JAHBCD010000006.1	26056402	100000
hprc4_L100000_7648	HG00438.1	HG00438#1#JAHBCB010000020.1	13592059	100000
hprc4_L100000_7649	HG00438.2	HG00438#2#JAHBCA010000046.1	13002564	100000
hprc4_L100000_7650	HG00621.2	HG00621#2#JAHBCC010000103.1	378400	100000
hprc4_L100000_7651	HG00621.1	HG00621#1#JAHBCD010000007.1	7279580	100000
hprc4_L100000_7652	HG00621.2	HG00621#2#JAHBCC010000019.1	3641668	100000
hprc4_L100000_7653	HG00438.1	HG00438#1#JAHBCB010000033.1	25719967	100000
hprc4_L100000_7654	HG00621.1	HG00621#1#JAHBCD010000047.1	54265076	100000
hprc4_L100000_7655	HG00621.2	HG00621#2#JAHBCC010000060.1	14669626	100000
hprc4_L100000_7656	HG00438.1	HG00438#1#JAHBCB010000010.1	27006262	100000
hprc4_L100000_7657	HG00621.2	HG00621#2#JAHBCC010000041.1	24572456	100000
hprc4_L100000_7658	HG00438.2	HG00438#2#JAHBCA010000053.1	52007839	100000
hprc4_L100000_7659	HG00438.1	HG00438#1#JAHBCB010000074.1	529657	100000
hprc4_L100000_7660	HG00621.2	HG00621#2#JAHBCC010000028.1	31696889	100000
hprc4_L100000_7661	HG00438.2	HG00438#2#JAHBCA010000008.1	31726319	100000
hprc4_L100000_7662	HG00438.2	HG00438#2#JAHBCA010000020.1	18167090	100000
hprc4_L100000_7663	HG00438.2	HG00438#2#JAHBCA010000095.1	7045056	100000
hprc4_L100000_7664	HG00621.2	HG00621#2#JAHBCC010000018.1	70014221	100000
hprc4_L100000_7665	HG00438.1	HG00438#1#JAHBCB010000031.1	12536660	100000
hprc4_L100000_7666	HG00438.2	HG00438#2#JAHBCA010000055.1	37338942	100000
hprc4_L100000_7667	HG00438.1	HG00438#1#JAHBCB010000099.1	1555475	100000
hprc4_L100000_7668	HG00438.2	HG00438#2#JAHBCA010000017.1	25222680	100000
hprc4_L100000_7669	HG00438.1	HG00438#1#JAHBCB010000019.1	32100831	100000
hprc4_L100000_7670	HG00621.1	HG00621#1#JAHBCD010000032.1	9226778	100000
hprc4_L100000_7671	HG00438.2	HG00438#2#JAHBCA010000003.1	33842105	100000
hprc4_L100000_7672	HG00621.1	HG00621#1#JAHBCD010000035.1	7980273	100000
hprc4_L100000_7673	HG00621.1	HG00621#1#JAHBCD010000001.1	17368251	100000
hprc4_L100000_7674	HG00621.1	HG00621#1#JAHBCD010000009.1	58836395	100000
hprc4_L100000_7675	HG00621.2	HG00621#2#JAHBCC010000087.1	8822591	100000
hprc4_L100000_7676	HG00438.1	HG00438#1#JAHBCB010000075.1	19795749	100000
hprc4_L100000_7677	HG00621.1	HG00621#1#JAHBCD010000051.1	3997567	100000
hprc4_L100000_7678	HG00621.2	HG00621#2#JAHBCC010000006.1	21108193	100000
hprc4_L100000_7679	HG00621.1	HG00621#1#JAHBCD010000026.1	33848757	100000
hprc4_L100000_7680	HG00438.1	HG00438#1#JAHBCB010000043.1	3732195	100000
hprc4_L100000_7681	HG00621.1	HG00621#1#JAHBCD010000062.1	42599910	100000
hprc4_L100000_7682	HG00438.1	HG00438#1#JAHBCB010000037.1	36059793	100000
hprc4_L100000_7683	HG00621.1	HG00621#1#JAHBCD010000032.1	34531716	100000
hprc4_L100000_7684	HG00621.2	HG00621#2#JAHBCC010000024.1	11488934	100000
hprc4_L100000_7685	HG00621.1	HG00621#1#JAHBCD010000014.1	7017031	100000
hprc4_L100000_7686	HG00621.2	HG00621#2#JAHBCC010000014.1	7933844	100000
hprc4_L100000_7687	HG00621.2	HG00621#2#JAHBCC010000006.1	59630165	100000
hprc4_L100000_7688	HG00438.1	HG00438#1#JAHBCB010000003.1	23885471	100000
hprc4_L100000_7689	HG00438.2	HG00438#2#JAHBCA010000070.1	14504305	100000
hprc4_L100000_7690	HG00438.1	HG00438#1#JAHBCB010000051.1	15065145	100000
hprc4_L100000_7691	HG00621.2	HG00621#2#JAHBCC010000067.1	16495446	100000
hprc4_L100000_7692	HG00621.1	HG00621#1#JAHBCD010000016.1	39914087	100000
hprc4_L100000_7693	HG00621.1	HG00621#1#JAHBCD010000064.1	3517039	100000
hprc4_L100000_7694	HG00621.1	HG00621#1#JAHBCD010000064.1	27407835	100000
hprc4_L100000_7695	HG00438.1	HG00438#1#JAHBCB010000037.1	52555510	100000
hprc4_L100000_7696	HG00621.1	HG00621#1#JAHBCD010000047.1	14700413	100000
hprc4_L100000_7697	HG00438.1	HG00438#1#JAHBCB010000022.1	56685531	100000
hprc4_L100000_7698	HG00438.2	HG00438#2#JAHBCA010000003.1	33946658	100000
hprc4_L100000_7699	HG00621.1	HG00621#1#JAHBCD010000025.1	10309057	100000
hprc4_L100000_7700	HG00621.2	HG00621#2#JAHBCC010000028.1	7994107	100000
hprc4_L100000_7701	HG00438.2	HG00438#2#JAHBCA010000099.1	1522975	100000
hprc4_L100000_7702	HG00621.2	HG00621#2#JAHBCC010000024.1	14326706	100000
hprc4_L100000_7703	HG00438.1	HG00438#1#JAHBCB010000018.1	32918519	100000
hprc4_L100000_7704	HG00621.2	HG00621#2#JAHBCC010000006.1	953067	100000
hprc4_L100000_7705	HG00621.2	HG00621#2#JAHBCC010000076.1	13193789	100000
hprc4_L100000_7706	HG00621.1	HG00621#1#JAHBCD010000050.1	31289327	100000
hprc4_L100000_7707	HG00438.1	HG00438#1#JAHBCB010000084.1	9512910	100000
hprc4_L100000_7708	HG00438.1	HG00438#1#JAHBCB010000002.1	44470161	100000
hprc4_L100000_7709	HG00438.2	HG00438#2#JAHBCA010000014.1	12116269	100000
hprc4_L100000_7710	HG00438.1	HG00438#1#JAHBCB010000041.1	16257252	100000
hprc4_L100000_7711	HG00621.2	HG00621#2#JAHBCC010000018.1	85611438	100000
hprc4_L100000_7712	HG00438.2	HG00438#2#JAHBCA010000008.1	89341693	100000
hprc4_L100000_7713	HG00438.1	HG00438#1#JAHBCB010000058.1	14752270	100000
hprc4_L100000_7714	HG00621.2	HG00621#2#JAHBCC010000045.1	21574280	100000
hprc4_L100000_7715	HG00621.1	HG00621#1#JAHBCD010000016.1	68709419	100000
hprc4_L100000_7716	HG00438.1	HG00438#1#JAHBCB010000020.1	12612534	100000
hprc4_L100000_7717	HG00438.1	HG00438#1#JAHBCB010000037.1	63357460	100000
hprc4_L100000_7718	HG00438.2	HG00438#2#JAHBCA010000057.1	2505072	100000
hprc4_L100000_7719	HG00438.1	HG00438#1#JAHBCB010000057.1	28413109	100000
hprc4_L100000_7720	HG00438.2	HG00438#2#JAHBCA010000106.1	1312245	100000
hprc4_L100000_7721	HG00438.2	HG00438#2#JAHBCA010000103.1	2469809	100000
hprc4_L100000_7722	HG00438.2	HG00438#2#JAHBCA010000041.1	6335502	100000
hprc4_L100000_7723	HG00438.1	HG00438#1#JAHBCB010000093.1	4899168	100000
hprc4_L100000_7724	HG00438.2	HG00438#2#JAHBCA010000022.1	43101053	100000
hprc4_L100000_7725	HG00438.1	HG00438#1#JAHBCB010000033.1	3875784	100000
hprc4_L100000_7726	HG00621.1	HG00621#1#JAHBCD010000037.1	27015431	100000
hprc4_L100000_7727	HG00621.2	HG00621#2#JAHBCC010000039.1	20973922	100000
hprc4_L100000_7728	HG00621.1	HG00621#1#JAHBCD010000006.1	22723018	100000
hprc4_L100000_7729	HG00621.1	HG00621#1#JAHBCD010000046.1	310337	100000
hprc4_L100000_7730	HG00621.1	HG00621#1#JAHBCD010000005.1	33132455	100000
hprc4_L100000_7731	HG00621.1	HG00621#1#JAHBCD010000050.1	31943542	100000
hprc4_L100000_7732	HG00438.2	HG00438#2#JAHBCA010000006.1	17325505	100000
hprc4_L100000_7733	HG00438.1	HG00438#1#JAHBCB010000037.1	93458139	100000
hprc4_L100000_7734	HG00438.2	HG00438#2#JAHBCA010000005.1	74596642	100000
hprc4_L100000_7735	HG00438.1	HG00438#1#JAHBCB010000074.1	15850380	100000
hprc4_L100000_7736	HG00621.2	HG00621#2#JAHBCC010000033.1	60547086	100000
hprc4_L100000_7737	HG00438.1	HG00438#1#JAHBCB010000034.1	3606047	100000
hprc4_L100000_7738	HG00621.2	HG00621#2#JAHBCC010000071.1	8609482	100000
hprc4_L100000_7739	HG00438.1	HG00438#1#JAHBCB010000011.1	51633310	100000
hprc4_L100000_7740	HG00438.1	HG00438#1#JAHBCB010000037.1	84497978	100000
hprc4_L100000_7741	HG00621.2	HG00621#2#JAHBCC010000038.1	1347212	100000
hprc4_L100000_7742	HG00621.2	HG00621#2#JAHBCC010000066.1	34226876	100000
hprc4_L100000_7743	HG00438.2	HG00438#2#JAHBCA010000007.1	4992962	100000
hprc4_L100000_7744	HG00621.2	HG00621#2#JAHBCC010000039.1	66141229	100000
hprc4_L100000_7745	HG00621.1	HG00621#1#JAHBCD010000041.1	13511406	100000
hprc4_L100000_7746	HG00621.1	HG00621#1#JAHBCD010000029.1	2348231	100000
hprc4_L100000_7747	HG00438.2	HG00438#2#JAHBCA010000054.1	6971258	100000
hprc4_L100000_7748	HG00621.1	HG00621#1#JAHBCD010000028.1	40818554	100000
hprc4_L100000_7749	HG00621.2	HG00621#2#JAHBCC010000016.1	147107	100000
hprc4_L100000_7750	HG00438.1	HG00438#1#JAHBCB010000016.1	51764079	100000
hprc4_L100000_7751	HG00621.2	HG00621#2#JAHBCC010000066.1	55421823	100000
hprc4_L100000_7752	HG00621.2	HG00621#2#JAHBCC010000019.1	42931672	100000
hprc4_L100000_7753	HG00621.1	HG00621#1#JAHBCD010000002.1	24948335	100000
hprc4_L100000_7754	HG00621.1	HG00621#1#JAHBCD010000055.1	32560041	100000
hprc4_L100000_7755	HG00438.1	HG00438#1#JAHBCB010000042.1	28110460	100000
hprc4_L100000_7756	HG00438.1	HG00438#1#JAHBCB010000005.1	12967348	100000
hprc4_L100000_7757	HG00438.1	HG00438#1#JAHBCB010000058.1	6375104	100000
hprc4_L100000_7758	HG00438.1	HG00438#1#JAHBCB010000094.1	5342424	100000
hprc4_L100000_7759	HG00621.1	HG00621#1#JAHBCD010000066.1	4357451	100000
hprc4_L100000_7760	HG00621.2	HG00621#2#JAHBCC010000049.1	22625841	100000
hprc4_L100000_7761	HG00621.1	HG00621#1#JAHBCD010000001.1	73360903	100000
hprc4_L100000_7762	HG00438.2	HG00438#2#JAHBCA010000054.1	17272172	100000
hprc4_L100000_7763	HG00438.1	HG00438#1#JAHBCB010000071.1	5852688	100000
hprc4_L100000_7764	HG00438.1	HG00438#1#JAHBCB010000014.1	6085368	100000
hprc4_L100000_7765	HG00621.1	HG00621#1#JAHBCD010000009.1	68135294	100000
hprc4_L100000_7766	HG00621.2	HG00621#2#JAHBCC010000045.1	29210532	100000
hprc4_L100000_7767	HG00621.1	HG00621#1#JAHBCD010000001.1	86812659	100000
hprc4_L100000_7768	HG00621.1	HG00621#1#JAHBCD010000026.1	20618202	100000
hprc4_L100000_7769	HG00438.1	HG00438#1#JAHBCB010000020.1	24762229	100000
hprc4_L100000_7770	HG00621.1	HG00621#1#JAHBCD010000021.1	41014993	100000
hprc4_L100000_7771	HG00438.1	HG00438#1#JAHBCB010000046.1	27604422	100000
hprc4_L100000_7772	HG00621.2	HG00621#2#JAHBCC010000032.1	20730061	100000
hprc4_L100000_7773	HG00438.1	HG00438#1#JAHBCB010000066.1	11494861	100000
hprc4_L100000_7774	HG00438.1	HG00438#1#JAHBCB010000033.1	19613730	100000
hprc4_L100000_7775	HG00621.1	HG00621#1#JAHBCD010000022.1	51449727	100000
hprc4_L100000_7776	HG00438.1	HG00438#1#JAHBCB010000042.1	48681370	100000
hprc4_L100000_7777	HG00621.1	HG00621#1#JAHBCD010000016.1	30193950	100000
hprc4_L100000_7778	HG00621.1	HG00621#1#JAHBCD010000029.1	9292720	100000
hprc4_L100000_7779	HG00621.1	HG00621#1#JAHBCD010000047.1	13832767	100000
hprc4_L100000_7780	HG00438.2	HG00438#2#JAHBCA010000012.1	74602634	100000
hprc4_L100000_7781	HG00621.1	HG00621#1#JAHBCD010000033.1	8396597	100000
hprc4_L100000_7782	HG00621.1	HG00621#1#JAHBCD010000106.1	6723368	100000
hprc4_L100000_7783	HG00438.1	HG00438#1#JAHBCB010000031.1	11119881	100000
hprc4_L100000_7784	HG00438.1	HG00438#1#JAHBCB010000011.1	68644188	100000
hprc4_L100000_7785	HG00621.2	HG00621#2#JAHBCC010000133.1	177319	100000
hprc4_L100000_7786	HG00438.1	HG00438#1#JAHBCB010000093.1	2414814	100000
hprc4_L100000_7787	HG00438.2	HG00438#2#JAHBCA010000005.1	66089346	100000
hprc4_L100000_7788	HG00621.1	HG00621#1#JAHBCD010000083.1	3783205	100000
hprc4_L100000_7789	HG00621.1	HG00621#1#JAHBCD010000041.1	22411013	100000
hprc4_L100000_7790	HG00438.2	HG00438#2#JAHBCA010000012.1	8651730	100000
hprc4_L100000_7791	HG00438.1	HG00438#1#JAHBCB010000045.1	7179803	100000
hprc4_L100000_7792	HG00438.2	HG00438#2#JAHBCA010000043.1	40476124	100000
hprc4_L100000_7793	HG00621.1	HG00621#1#JAHBCD010000109.1	4754721	100000
hprc4_L100000_7794	HG00438.2	HG00438#2#JAHBCA010000066.1	13800831	100000
hprc4_L100000_7795	HG00438.1	HG00438#1#JAHBCB010000016.1	41862269	100000
hprc4_L100000_7796	HG00621.2	HG00621#2#JAHBCC010000021.1	8560918	100000
hprc4_L100000_7797	HG00621.2	HG00621#2#JAHBCC010000085.1	1529774	100000
hprc4_L100000_7798	HG00438.1	HG00438#1#JAHBCB010000075.1	21264626	100000
hprc4_L100000_7799	HG00621.1	HG00621#1#JAHBCD010000024.1	21101223	100000
hprc4_L100000_7800	HG00621.2	HG00621#2#JAHBCC010000028.1	61390431	100000
hprc4_L100000_7801	HG00621.2	HG00621#2#JAHBCC010000055.1	27891511	100000
hprc4_L100000_7802	HG00621.2	HG00621#2#JAHBCC010000031.1	30231824	100000
hprc4_L100000_7803	HG00621.1	HG00621#1#JAHBCD010000010.1	94993830	100000
hprc4_L100000_7804	HG00438.1	HG00438#1#JAHBCB010000096.1	3809618	100000
hprc4_L100000_7805	HG00621.1	HG00621#1#JAHBCD010000032.1	42123395	100000
hprc4_L100000_7806	HG00621.2	HG00621#2#JAHBCC010000030.1	13550039	100000
hprc4_L100000_7807	HG00621.2	HG00621#2#JAHBCC010000015.1	25143758	100000
hprc4_L100000_7808	HG00438.1	HG00438#1#JAHBCB010000011.1	49165087	100000
hprc4_L100000_7809	HG00621.1	HG00621#1#JAHBCD010000148.1	11046	100000
hprc4_L100000_7810	HG00438.2	HG00438#2#JAHBCA010000019.1	39090336	100000
hprc4_L100000_7811	HG00621.2	HG00621#2#JAHBCC010000037.1	13898851	100000
hprc4_L100000_7812	HG00438.1	HG00438#1#JAHBCB010000021.1	18396498	100000
hprc4_L100000_7813	HG00438.2	HG00438#2#JAHBCA010000033.1	21204807	100000
hprc4_L100000_7814	HG00621.1	HG00621#1#JAHBCD010000016.1	82531468	100000
hprc4_L100000_7815	HG00438.2	HG00438#2#JAHBCA010000035.1	4026556	100000
hprc4_L100000_7816	HG00438.1	HG00438#1#JAHBCB010000003.1	29214362	100000
hprc4_L100000_7817	HG00438.2	HG00438#2#JAHBCA010000002.1	85935556	100000
hprc4_L100000_7818	HG00438.2	HG00438#2#JAHBCA010000004.1	62112137	100000
hprc4_L100000_7819	HG00621.2	HG00621#2#JAHBCC010000034.1	59788038	100000
hprc4_L100000_7820	HG00438.1	HG00438#1#JAHBCB010000017.1	19860019	100000
hprc4_L100000_7821	HG00438.2	HG00438#2#JAHBCA010000057.1	9340823	100000
hprc4_L100000_7822	HG00438.1	HG00438#1#JAHBCB010000002.1	34317883	100000
hprc4_L100000_7823	HG00438.2	HG00438#2#JAHBCA010000001.1	24676338	100000
hprc4_L100000_7824	HG00438.2	HG00438#2#JAHBCA010000003.1	1153655	100000
hprc4_L100000_7825	HG00621.2	HG00621#2#JAHBCC010000009.1	15944061	100000
hprc4_L100000_7826	HG00438.2	HG00438#2#JAHBCA010000004.1	16443129	100000
hprc4_L100000_7827	HG00621.1	HG00621#1#JAHBCD010000021.1	41642536	100000
hprc4_L100000_7828	HG00621.1	HG00621#1#JAHBCD010000055.1	23985372	100000
hprc4_L100000_7829	HG00438.1	HG00438#1#JAHBCB010000018.1	81685679	100000
hprc4_L100000_7830	HG00438.1	HG00438#1#JAHBCB010000001.1	1975870	100000
hprc4_L100000_7831	HG00438.1	HG00438#1#JAHBCB010000097.1	45666562	100000
hprc4_L100000_7832	HG00621.2	HG00621#2#JAHBCC010000005.1	42463781	100000
hprc4_L100000_7833	HG00621.2	HG00621#2#JAHBCC010000049.1	7129531	100000
hprc4_L100000_7834	HG00438.2	HG00438#2#JAHBCA010000010.1	33232135	100000
hprc4_L100000_7835	HG00438.1	HG00438#1#JAHBCB010000019.1	37776723	100000
hprc4_L100000_7836	HG00438.1	HG00438#1#JAHBCB010000026.1	424214	100000
hprc4_L100000_7837	HG00438.2	HG00438#2#JAHBCA010000113.1	193057	100000
hprc4_L100000_7838	HG00438.2	HG00438#2#JAHBCA010000010.1	84209384	100000
hprc4_L100000_7839	HG00438.2	HG00438#2#JAHBCA010000048.1	10695484	100000
hprc4_L100000_7840	HG00621.2	HG00621#2#JAHBCC010000005.1	47007866	100000
hprc4_L100000_7841	HG00438.2	HG00438#2#JAHBCA010000037.1	2665492	100000
hprc4_L100000_7842	HG00621.2	HG00621#2#JAHBCC010000008.1	61364366	100000
hprc4_L100000_7843	HG00621.1	HG00621#1#JAHBCD010000033.1	58029795	100000
hprc4_L100000_7844	HG00621.2	HG00621#2#JAHBCC010000045.1	33703403	100000
hprc4_L100000_7845	HG00621.1	HG00621#1#JAHBCD010000025.1	26145197	100000
hprc4_L100000_7846	HG00438.2	HG00438#2#JAHBCA010000003.1	30136458	100000
hprc4_L100000_7847	HG00621.2	HG00621#2#JAHBCC010000034.1	3854853	100000
hprc4_L100000_7848	HG00621.2	HG00621#2#JAHBCC010000005.1	1078738	100000
hprc4_L100000_7849	HG00438.1	HG00438#1#JAHBCB010000038.1	7463743	100000
hprc4_L100000_7850	HG00438.1	HG00438#1#JAHBCB010000053.1	13725407	100000
hprc4_L100000_7851	HG00621.2	HG00621#2#JAHBCC010000022.1	5125438	100000
hprc4_L100000_7852	HG00621.2	HG00621#2#JAHBCC010000001.1	18530807	100000
hprc4_L100000_7853	HG00438.1	HG00438#1#JAHBCB010000053.1	1742122	100000
hprc4_L100000_7854	HG00438.1	HG00438#1#JAHBCB010000020.1	20820534	100000
hprc4_L100000_7855	HG00621.1	HG00621#1#JAHBCD010000005.1	21435640	100000
hprc4_L100000_7856	HG00438.1	HG00438#1#JAHBCB010000021.1	47073344	100000
hprc4_L100000_7857	HG00621.1	HG00621#1#JAHBCD010000029.1	39859836	100000
hprc4_L100000_7858	HG00438.1	HG00438#1#JAHBCB010000022.1	8889191	100000
hprc4_L100000_7859	HG00621.2	HG00621#2#JAHBCC010000022.1	13551676	100000
hprc4_L100000_7860	HG00438.1	HG00438#1#JAHBCB010000037.1	82678089	100000
hprc4_L100000_7861	HG00438.1	HG00438#1#JAHBCB010000032.1	25691038	100000
hprc4_L100000_7862	HG00621.2	HG00621#2#JAHBCC010000067.1	32257432	100000
hprc4_L100000_7863	HG00621.2	HG00621#2#JAHBCC010000082.1	5217709	100000
hprc4_L100000_7864	HG00438.2	HG00438#2#JAHBCA010000073.1	15919081	100000
hprc4_L100000_7865	HG00621.1	HG00621#1#JAHBCD010000027.1	13157641	100000
hprc4_L100000_7866	HG00438.1	HG00438#1#JAHBCB010000041.1	10282752	100000
hprc4_L100000_7867	HG00621.2	HG00621#2#JAHBCC010000053.1	22946165	100000
hprc4_L100000_7868	HG00621.1	HG00621#1#JAHBCD010000025.1	7843930	100000
hprc4_L100000_7869	HG00621.1	HG00621#1#JAHBCD010000014.1	8741816	100000
hprc4_L100000_7870	HG00621.2	HG00621#2#JAHBCC010000023.1	21754790	100000
hprc4_L100000_7871	HG00621.1	HG00621#1#JAHBCD010000037.1	9687583	100000
hprc4_L100000_7872	HG00621.2	HG00621#2#JAHBCC010000002.1	3824625	100000
hprc4_L100000_7873	HG00438.1	HG00438#1#JAHBCB010000031.1	8854912	100000
hprc4_L100000_7874	HG00438.2	HG00438#2#JAHBCA010000008.1	86906938	100000
hprc4_L100000_7875	HG00438.1	HG00438#1#JAHBCB010000021.1	44178728	100000
hprc4_L100000_7876	HG00438.2	HG00438#2#JAHBCA010000011.1	35610891	100000
hprc4_L100000_7877	HG00438.1	HG00438#1#JAHBCB010000072.1	13542601	100000
hprc4_L100000_7878	HG00621.1	HG00621#1#JAHBCD010000005.1	84750508	100000
hprc4_L100000_7879	HG00438.2	HG00438#2#JAHBCA010000012.1	72063258	100000
hprc4_L100000_7880	HG00621.1	HG00621#1#JAHBCD010000006.1	1776382	100000
hprc4_L100000_7881	HG00438.1	HG00438#1#JAHBCB010000021.1	10237260	100000
hprc4_L100000_7882	HG00621.2	HG00621#2#JAHBCC010000020.1	17764821	100000
hprc4_L100000_7883	HG00438.2	HG00438#2#JAHBCA010000044.1	11048124	100000
hprc4_L100000_7884	HG00621.1	HG00621#1#JAHBCD010000011.1	4003285	100000
hprc4_L100000_7885	HG00621.1	HG00621#1#JAHBCD010000109.1	22434427	100000
hprc4_L100000_7886	HG00438.2	HG00438#2#JAHBCA010000007.1	1767226	100000
hprc4_L100000_7887	HG00621.2	HG00621#2#JAHBCC010000029.1	5779253	100000
hprc4_L100000_7888	HG00621.1	HG00621#1#JAHBCD010000124.1	454687	100000
hprc4_L100000_7889	HG00621.1	HG00621#1#JAHBCD010000078.1	10437498	100000
hprc4_L100000_7890	HG00438.1	HG00438#1#JAHBCB010000095.1	57743	100000
hprc4_L100000_7891	HG00621.1	HG00621#1#JAHBCD010000011.1	41335995	100000
hprc4_L100000_7892	HG00621.2	HG00621#2#JAHBCC010000039.1	81195470	100000
hprc4_L100000_7893	HG00621.2	HG00621#2#JAHBCC010000027.1	12486643	100000
hprc4_L100000_7894	HG00438.1	HG00438#1#JAHBCB010000045.1	5952358	100000
hprc4_L100000_7895	HG00621.2	HG00621#2#JAHBCC010000109.1	550821	100000
hprc4_L100000_7896	HG00438.2	HG00438#2#JAHBCA010000066.1	9448275	100000
hprc4_L100000_7897	HG00621.2	HG00621#2#JAHBCC010000005.1	52461231	100000
hprc4_L100000_7898	HG00438.2	HG00438#2#JAHBCA010000020.1	54505196	100000
hprc4_L100000_7899	HG00621.1	HG00621#1#JAHBCD010000013.1	5498515	100000
hprc4_L100000_7900	HG00621.2	HG00621#2#JAHBCC010000034.1	3704830	100000
hprc4_L100000_7901	HG00438.1	HG00438#1#JAHBCB010000003.1	66381600	100000
hprc4_L100000_7902	HG00438.1	HG00438#1#JAHBCB010000010.1	23652892	100000
hprc4_L100000_7903	HG00621.1	HG00621#1#JAHBCD010000002.1	53913227	100000
hprc4_L100000_7904	HG00621.1	HG00621#1#JAHBCD010000023.1	4998610	100000
hprc4_L100000_7905	HG00621.1	HG00621#1#JAHBCD010000002.1	45100537	100000
hprc4_L100000_7906	HG00621.1	HG00621#1#JAHBCD010000110.1	11561910	100000
hprc4_L100000_7907	HG00438.2	HG00438#2#JAHBCA010000071.1	23736278	100000
hprc4_L100000_7908	HG00438.2	HG00438#2#JAHBCA010000055.1	29641221	100000
hprc4_L100000_7909	HG00621.1	HG00621#1#JAHBCD010000048.1	13347067	100000
hprc4_L100000_7910	HG00621.2	HG00621#2#JAHBCC010000066.1	45771398	100000
hprc4_L100000_7911	HG00438.1	HG00438#1#JAHBCB010000005.1	3444022	100000
hprc4_L100000_7912	HG00438.2	HG00438#2#JAHBCA010000043.1	42850739	100000
hprc4_L100000_7913	HG00438.1	HG00438#1#JAHBCB010000030.1	23339691	100000
hprc4_L100000_7914	HG00438.1	HG00438#1#JAHBCB010000003.1	35909435	100000
hprc4_L100000_7915	HG00621.1	HG00621#1#JAHBCD010000007.1	278515	100000
hprc4_L100000_7916	HG00621.2	HG00621#2#JAHBCC010000071.1	12086874	100000
hprc4_L100000_7917	HG00438.2	HG00438#2#JAHBCA010000089.1	16257285	100000
hprc4_L100000_7918	HG00621.2	HG00621#2#JAHBCC010000008.1	40947132	100000
hprc4_L100000_7919	HG00438.2	HG00438#2#JAHBCA010000033.1	24511923	100000
hprc4_L100000_7920	HG00438.2	HG00438#2#JAHBCA010000067.1	3078111	100000
hprc4_L100000_7921	HG00438.1	HG00438#1#JAHBCB010000062.1	13101748	100000
hprc4_L100000_7922	HG00438.1	HG00438#1#JAHBCB010000045.1	30664853	100000
hprc4_L100000_7923	HG00438.1	HG00438#1#JAHBCB010000012.1	5258651	100000
hprc4_L100000_7924	HG00438.2	HG00438#2#JAHBCA010000003.1	15213674	100000
hprc4_L100000_7925	HG00621.1	HG00621#1#JAHBCD010000064.1	2938536	100000
hprc4_L100000_7926	HG00621.1	HG00621#1#JAHBCD010000029.1	2736433	100000
hprc4_L100000_7927	HG00621.1	HG00621#1#JAHBCD010000041.1	1836403	100000
hprc4_L100000_7928	HG00621.1	HG00621#1#JAHBCD010000010.1	46131282	100000
hprc4_L100000_7929	HG00438.2	HG00438#2#JAHBCA010000001.1	20260425	100000
hprc4_L100000_7930	HG00438.1	HG00438#1#JAHBCB010000018.1	27372163	100000
hprc4_L100000_7931	HG00621.2	HG00621#2#JAHBCC010000028.1	48082678	100000
hprc4_L100000_7932	HG00621.1	HG00621#1#JAHBCD010000026.1	22926115	100000
hprc4_L100000_7933	HG00621.2	HG00621#2#JAHBCC010000040.1	2627305	100000
hprc4_L100000_7934	HG00438.1	HG00438#1#JAHBCB010000026.1	588713	100000
hprc4_L100000_7935	HG00621.2	HG00621#2#JAHBCC010000001.1	11340434	100000
hprc4_L100000_7936	HG00438.1	HG00438#1#JAHBCB010000019.1	33854004	100000
hprc4_L100000_7937	HG00621.2	HG00621#2#JAHBCC010000049.1	23303728	100000
hprc4_L100000_7938	HG00438.1	HG00438#1#JAHBCB010000027.1	7022532	100000
hprc4_L100000_7939	HG00438.1	HG00438#1#JAHBCB010000068.1	23702092	100000
hprc4_L100000_7940	HG00621.2	HG00621#2#JAHBCC010000033.1	88764513	100000
hprc4_L100000_7941	HG00438.1	HG00438#1#JAHBCB010000085.1	10459887	100000
hprc4_L100000_7942	HG00438.2	HG00438#2#JAHBCA010000067.1	7405068	100000
hprc4_L100000_7943	HG00438.2	HG00438#2#JAHBCA010000112.1	308640	100000
hprc4_L100000_7944	HG00621.1	HG00621#1#JAHBCD010000016.1	9898319	100000
hprc4_L100000_7945	HG00438.1	HG00438#1#JAHBCB010000008.1	5931494	100000
hprc4_L100000_7946	HG00621.1	HG00621#1#JAHBCD010000016.1	48415498	100000
hprc4_L100000_7947	HG00438.2	HG00438#2#JAHBCA010000042.1	31699304	100000
hprc4_L100000_7948	HG00621.2	HG00621#2#JAHBCC010000015.1	16677325	100000
hprc4_L100000_7949	HG00621.1	HG00621#1#JAHBCD010000044.1	4257934	100000
hprc4_L100000_7950	HG00621.2	HG00621#2#JAHBCC010000045.1	30681615	100000
hprc4_L100000_7951	HG00621.1	HG00621#1#JAHBCD010000002.1	22908091	100000
hprc4_L100000_7952	HG00438.1	HG00438#1#JAHBCB010000078.1	576984	100000
hprc4_L100000_7953	HG00438.2	HG00438#2#JAHBCA010000030.1	6732924	100000
hprc4_L100000_7954	HG00438.2	HG00438#2#JAHBCA010000035.1	48430747	100000
hprc4_L100000_7955	HG00621.2	HG00621#2#JAHBCC010000003.1	11435356	100000
hprc4_L100000_7956	HG00621.1	HG00621#1#JAHBCD010000034.1	14474938	100000
hprc4_L100000_7957	HG00621.1	HG00621#1#JAHBCD010000112.1	521633	100000
hprc4_L100000_7958	HG00621.2	HG00621#2#JAHBCC010000023.1	19721746	100000
hprc4_L100000_7959	HG00621.1	HG00621#1#JAHBCD010000041.1	18268817	100000
hprc4_L100000_7960	HG00438.2	HG00438#2#JAHBCA010000003.1	30541264	100000
hprc4_L100000_7961	HG00438.2	HG00438#2#JAHBCA010000016.1	32936359	100000
hprc4_L100000_7962	HG00438.2	HG00438#2#JAHBCA010000024.1	15742301	100000
hprc4_L100000_7963	HG00621.2	HG00621#2#JAHBCC010000006.1	101664717	100000
hprc4_L100000_7964	HG00438.2	HG00438#2#JAHBCA010000212.1	31935	100000
hprc4_L100000_7965	HG00438.2	HG00438#2#JAHBCA010000017.1	30588439	100000
hprc4_L100000_7966	HG00438.2	HG00438#2#JAHBCA010000003.1	30878027	100000
hprc4_L100000_7967	HG00438.1	HG00438#1#JAHBCB010000003.1	9200692	100000
hprc4_L100000_7968	HG00438.2	HG00438#2#JAHBCA010000014.1	12528505	100000
hprc4_L100000_7969	HG00438.1	HG00438#1#JAHBCB010000024.1	60049806	100000
hprc4_L100000_7970	HG00621.1	HG00621#1#JAHBCD010000034.1	23869890	100000
hprc4_L100000_7971	HG00438.1	HG00438#1#JAHBCB010000067.1	2999155	100000
hprc4_L100000_7972	HG00621.1	HG00621#1#JAHBCD010000010.1	65256244	100000
hprc4_L100000_7973	HG00621.2	HG00621#2#JAHBCC010000063.1	5981481	100000
hprc4_L100000_7974	HG00438.1	HG00438#1#JAHBCB010000049.1	22386468	100000
hprc4_L100000_7975	HG00621.1	HG00621#1#JAHBCD010000114.1	3353682	100000
hprc4_L100000_7976	HG00438.2	HG00438#2#JAHBCA010000077.1	3230468	100000
hprc4_L100000_7977	HG00438.1	HG00438#1#JAHBCB010000040.1	6446986	100000
hprc4_L100000_7978	HG00438.2	HG00438#2#JAHBCA010000059.1	4377476	100000
hprc4_L100000_7979	HG00621.1	HG00621#1#JAHBCD010000106.1	5337105	100000
hprc4_L100000_7980	HG00438.1	HG00438#1#JAHBCB010000016.1	55352772	100000
hprc4_L100000_7981	HG00621.1	HG00621#1#JAHBCD010000019.1	5289421	100000
hprc4_L100000_7982	HG00438.2	HG00438#2#JAHBCA010000053.1	20133544	100000
hprc4_L100000_7983	HG00621.1	HG00621#1#JAHBCD010000004.1	3846779	100000
hprc4_L100000_7984	HG00438.2	HG00438#2#JAHBCA010000033.1	36052122	100000
hprc4_L100000_7985	HG00438.1	HG00438#1#JAHBCB010000020.1	26824591	100000
hprc4_L100000_7986	HG00621.1	HG00621#1#JAHBCD010000024.1	42501372	100000
hprc4_L100000_7987	HG00621.1	HG00621#1#JAHBCD010000037.1	7897929	100000
hprc4_L100000_7988	HG00621.2	HG00621#2#JAHBCC010000054.1	33764229	100000
hprc4_L100000_7989	HG00621.2	HG00621#2#JAHBCC010000055.1	50799036	100000
hprc4_L100000_7990	HG00438.1	HG00438#1#JAHBCB010000057.1	1657805	100000
hprc4_L100000_7991	HG00621.2	HG00621#2#JAHBCC010000011.1	17951395	100000
hprc4_L100000_7992	HG00438.2	HG00438#2#JAHBCA010000069.1	4293296	100000
hprc4_L100000_7993	HG00621.1	HG00621#1#JAHBCD010000007.1	20783115	100000
hprc4_L100000_7994	HG00438.1	HG00438#1#JAHBCB010000030.1	23079026	100000
hprc4_L100000_7995	HG00438.2	HG00438#2#JAHBCA010000137.1	310835	100000
hprc4_L100000_7996	HG00621.2	HG00621#2#JAHBCC010000055.1	93872338	100000
hprc4_L100000_7997	HG00621.1	HG00621#1#JAHBCD010000006.1	31719179	100000
hprc4_L100000_7998	HG00438.1	HG00438#1#JAHBCB010000092.1	1580309	100000
hprc4_L100000_7999	HG00438.2	HG00438#2#JAHBCA010000152.1	290449	100000
hprc4_L100000_8000	HG00438.1	HG00438#1#JAHBCB010000037.1	17687586	100000
hprc4_L100000_8001	HG00438.1	HG00438#1#JAHBCB010000117.1	3384266	100000
hprc4_L100000_8002	HG00621.2	HG00621#2#JAHBCC010000034.1	54292448	100000
hprc4_L100000_8003	HG00438.1	HG00438#1#JAHBCB010000018.1	22374706	100000
hprc4_L100000_8004	HG00438.1	HG00438#1#JAHBCB010000028.1	16893753	100000
hprc4_L100000_8005	HG00438.2	HG00438#2#JAHBCA010000089.1	3879000	100000
hprc4_L100000_8006	HG00621.2	HG00621#2#JAHBCC010000037.1	54770223	100000
hprc4_L100000_8007	HG00438.2	HG00438#2#JAHBCA010000038.1	1207348	100000
hprc4_L100000_8008	HG00621.2	HG00621#2#JAHBCC010000020.1	24947112	100000
hprc4_L100000_8009	HG00621.2	HG00621#2#JAHBCC010000033.1	36832285	100000
hprc4_L100000_8010	HG00621.1	HG00621#1#JAHBCD010000109.1	341944	100000
hprc4_L100000_8011	HG00438.1	HG00438#1#JAHBCB010000005.1	21291819	100000
hprc4_L100000_8012	HG00438.1	HG00438#1#JAHBCB010000008.1	20260867	100000
hprc4_L100000_8013	HG00621.1	HG00621#1#JAHBCD010000010.1	2792520	100000
hprc4_L100000_8014	HG00438.1	HG00438#1#JAHBCB010000036.1	13918780	100000
hprc4_L100000_8015	HG00621.1	HG00621#1#JAHBCD010000033.1	46490074	100000
hprc4_L100000_8016	HG00438.2	HG00438#2#JAHBCA010000005.1	22692724	100000
hprc4_L100000_8017	HG00438.1	HG00438#1#JAHBCB010000018.1	203487	100000
hprc4_L100000_8018	HG00438.2	HG00438#2#JAHBCA010000013.1	2185720	100000
hprc4_L100000_8019	HG00621.1	HG00621#1#JAHBCD010000016.1	57524165	100000
hprc4_L100000_8020	HG00438.2	HG00438#2#JAHBCA010000022.1	27378166	100000
hprc4_L100000_8021	HG00438.2	HG00438#2#JAHBCA010000020.1	14403172	100000
hprc4_L100000_8022	HG00438.2	HG00438#2#JAHBCA010000035.1	13787594	100000
hprc4_L100000_8023	HG00438.2	HG00438#2#JAHBCA010000011.1	42436314	100000
hprc4_L100000_8024	HG00438.2	HG00438#2#JAHBCA010000004.1	56956875	100000
hprc4_L100000_8025	HG00621.1	HG00621#1#JAHBCD010000145.1	212503	100000
hprc4_L100000_8026	HG00438.1	HG00438#1#JAHBCB010000019.1	77819826	100000
hprc4_L100000_8027	HG00621.1	HG00621#1#JAHBCD010000001.1	31824526	100000
hprc4_L100000_8028	HG00438.1	HG00438#1#JAHBCB010000030.1	22946670	100000
hprc4_L100000_8029	HG00621.2	HG00621#2#JAHBCC010000067.1	17799354	100000
hprc4_L100000_8030	HG00621.1	HG00621#1#JAHBCD010000098.1	6491401	100000
hprc4_L100000_8031	HG00438.1	HG00438#1#JAHBCB010000023.1	24972669	100000
hprc4_L100000_8032	HG00621.2	HG00621#2#JAHBCC010000028.1	48025805	100000
hprc4_L100000_8033	HG00438.2	HG00438#2#JAHBCA010000002.1	11812836	100000
hprc4_L100000_8034	HG00621.1	HG00621#1#JAHBCD010000024.1	78927436	100000
hprc4_L100000_8035	HG00621.1	HG00621#1#JAHBCD010000022.1	25429994	100000
hprc4_L100000_8036	HG00438.2	HG00438#2#JAHBCA010000046.1	70415832	100000
hprc4_L100000_8037	HG00438.1	HG00438#1#JAHBCB010000068.1	7492865	100000
hprc4_L100000_8038	HG00621.1	HG00621#1#JAHBCD010000047.1	80353819	100000
hprc4_L100000_8039	HG00438.1	HG00438#1#JAHBCB010000051.1	8674307	100000
hprc4_L100000_8040	HG00621.2	HG00621#2#JAHBCC010000033.1	15546491	100000
hprc4_L100000_8041	HG00438.1	HG00438#1#JAHBCB010000015.1	42979839	100000
hprc4_L100000_8042	HG00438.2	HG00438#2#JAHBCA010000071.1	8966602	100000
hprc4_L100000_8043	HG00438.1	HG00438#1#JAHBCB010000104.1	512276	100000
hprc4_L100000_8044	HG00438.1	HG00438#1#JAHBCB010000023.1	14543644	100000
hprc4_L100000_8045	HG00621.2	HG00621#2#JAHBCC010000018.1	63800422	100000
hprc4_L100000_8046	HG00621.2	HG00621#2#JAHBCC010000059.1	18421774	100000
hprc4_L100000_8047	HG00621.1	HG00621#1#JAHBCD010000052.1	3712276	100000
hprc4_L100000_8048	HG00621.2	HG00621#2#JAHBCC010000084.1	9028248	100000
hprc4_L100000_8049	HG00621.1	HG00621#1#JAHBCD010000017.1	7561546	100000
hprc4_L100000_8050	HG00438.2	HG00438#2#JAHBCA010000055.1	22762035	100000
hprc4_L100000_8051	HG00438.1	HG00438#1#JAHBCB010000021.1	8540493	100000
hprc4_L100000_8052	HG00621.1	HG00621#1#JAHBCD010000021.1	67536428	100000
hprc4_L100000_8053	HG00438.1	HG00438#1#JAHBCB010000019.1	84237310	100000
hprc4_L100000_8054	HG00621.2	HG00621#2#JAHBCC010000033.1	15601349	100000
hprc4_L100000_8055	HG00438.1	HG00438#1#JAHBCB010000073.1	2985412	100000
hprc4_L100000_8056	HG00621.1	HG00621#1#JAHBCD010000011.1	24587424	100000
hprc4_L100000_8057	HG00621.2	HG00621#2#JAHBCC010000058.1	17100788	100000
hprc4_L100000_8058	HG00438.1	HG00438#1#JAHBCB010000018.1	115445139	100000
hprc4_L100000_8059	HG00438.1	HG00438#1#JAHBCB010000031.1	8617912	100000
hprc4_L100000_8060	HG00438.1	HG00438#1#JAHBCB010000156.1	437744	100000
hprc4_L100000_8061	HG00621.2	HG00621#2#JAHBCC010000013.1	23115313	100000
hprc4_L100000_8062	HG00438.1	HG00438#1#JAHBCB010000016.1	58195654	100000
hprc4_L100000_8063	HG00438.2	HG00438#2#JAHBCA010000010.1	29023759	100000
hprc4_L100000_8064	HG00621.1	HG00621#1#JAHBCD010000081.1	10594357	100000
hprc4_L100000_8065	HG00438.1	HG00438#1#JAHBCB010000065.1	5135973	100000
hprc4_L100000_8066	HG00438.1	HG00438#1#JAHBCB010000037.1	31374983	100000
hprc4_L100000_8067	HG00438.1	HG00438#1#JAHBCB010000014.1	42393274	100000
hprc4_L100000_8068	HG00621.1	HG00621#1#JAHBCD010000017.1	23408398	100000
hprc4_L100000_8069	HG00621.2	HG00621#2#JAHBCC010000020.1	90416234	100000
hprc4_L100000_8070	HG00621.2	HG00621#2#JAHBCC010000006.1	113535634	100000
hprc4_L100000_8071	HG00621.2	HG00621#2#JAHBCC010000007.1	26063883	100000
hprc4_L100000_8072	HG00438.1	HG00438#1#JAHBCB010000019.1	70664694	100000
hprc4_L100000_8073	HG00438.2	HG00438#2#JAHBCA010000055.1	24720609	100000
hprc4_L100000_8074	HG00621.1	HG00621#1#JAHBCD010000031.1	30940367	100000
hprc4_L100000_8075	HG00621.1	HG00621#1#JAHBCD010000063.1	19903244	100000
hprc4_L100000_8076	HG00621.2	HG00621#2#JAHBCC010000073.1	11264932	100000
hprc4_L100000_8077	HG00621.1	HG00621#1#JAHBCD010000055.1	25219930	100000
hprc4_L100000_8078	HG00438.2	HG00438#2#JAHBCA010000020.1	4536082	100000
hprc4_L100000_8079	HG00621.1	HG00621#1#JAHBCD010000039.1	19028209	100000
hprc4_L100000_8080	HG00438.1	HG00438#1#JAHBCB010000002.1	12882492	100000
hprc4_L100000_8081	HG00621.2	HG00621#2#JAHBCC010000011.1	14979369	100000
hprc4_L100000_8082	HG00621.2	HG00621#2#JAHBCC010000078.1	8265291	100000
hprc4_L100000_8083	HG00621.2	HG00621#2#JAHBCC010000030.1	9164147	100000
hprc4_L100000_8084	HG00621.1	HG00621#1#JAHBCD010000125.1	2222264	100000
hprc4_L100000_8085	HG00621.2	HG00621#2#JAHBCC010000020.1	92305771	100000
hprc4_L100000_8086	HG00438.2	HG00438#2#JAHBCA010000075.1	26907	100000
hprc4_L100000_8087	HG00621.2	HG00621#2#JAHBCC010000040.1	9816001	100000
hprc4_L100000_8088	HG00438.1	HG00438#1#JAHBCB010000019.1	98919456	100000
hprc4_L100000_8089	HG00621.1	HG00621#1#JAHBCD010000005.1	66654702	100000
hprc4_L100000_8090	HG00621.2	HG00621#2#JAHBCC010000028.1	6058594	100000
hprc4_L100000_8091	HG00438.1	HG00438#1#JAHBCB010000022.1	43786098	100000
hprc4_L100000_8092	HG00438.1	HG00438#1#JAHBCB010000048.1	28892087	100000
hprc4_L100000_8093	HG00621.1	HG00621#1#JAHBCD010000020.1	34337908	100000
hprc4_L100000_8094	HG00621.2	HG00621#2#JAHBCC010000021.1	14126601	100000
hprc4_L100000_8095	HG00621.1	HG00621#1#JAHBCD010000022.1	63587136	100000
hprc4_L100000_8096	HG00438.1	HG00438#1#JAHBCB010000140.1	1447032	100000
hprc4_L100000_8097	HG00621.2	HG00621#2#JAHBCC010000093.1	3182438	100000
hprc4_L100000_8098	HG00621.1	HG00621#1#JAHBCD010000066.1	5186983	100000
hprc4_L100000_8099	HG00621.1	HG00621#1#JAHBCD010000006.1	23000240	100000
hprc4_L100000_8100	HG00438.1	HG00438#1#JAHBCB010000019.1	53754416	100000
hprc4_L100000_8101	HG00621.1	HG00621#1#JAHBCD010000002.1	100408532	100000
hprc4_L100000_8102	HG00438.1	HG00438#1#JAHBCB010000094.1	6809136	100000
hprc4_L100000_8103	HG00438.1	HG00438#1#JAHBCB010000003.1	125629871	100000
hprc4_L100000_8104	HG00621.2	HG00621#2#JAHBCC010000006.1	46708795	100000
hprc4_L100000_8105	HG00621.2	HG00621#2#JAHBCC010000032.1	2439139	100000
hprc4_L100000_8106	HG00438.2	HG00438#2#JAHBCA010000036.1	26414309	100000
hprc4_L100000_8107	HG00621.2	HG00621#2#JAHBCC010000033.1	86883914	100000
hprc4_L100000_8108	HG00438.2	HG00438#2#JAHBCA010000033.1	5964544	100000
hprc4_L100000_8109	HG00621.2	HG00621#2#JAHBCC010000020.1	79547114	100000
hprc4_L100000_8110	HG00438.1	HG00438#1#JAHBCB010000031.1	13069348	100000
hprc4_L100000_8111	HG00438.2	HG00438#2#JAHBCA010000037.1	19928329	100000
hprc4_L100000_8112	HG00621.1	HG00621#1#JAHBCD010000024.1	16521998	100000
hprc4_L100000_8113	HG00621.1	HG00621#1#JAHBCD010000028.1	42269178	100000
hprc4_L100000_8114	HG00438.1	HG00438#1#JAHBCB010000003.1	75472176	100000
hprc4_L100000_8115	HG00438.2	HG00438#2#JAHBCA010000055.1	29596632	100000
hprc4_L100000_8116	HG00621.1	HG00621#1#JAHBCD010000034.1	51364275	100000
hprc4_L100000_8117	HG00621.1	HG00621#1#JAHBCD010000033.1	25000079	100000
hprc4_L100000_8118	HG00621.1	HG00621#1#JAHBCD010000016.1	44145937	100000
hprc4_L100000_8119	HG00438.1	HG00438#1#JAHBCB010000015.1	69114042	100000
hprc4_L100000_8120	HG00621.2	HG00621#2#JAHBCC010000037.1	9548089	100000
hprc4_L100000_8121	HG00621.2	HG00621#2#JAHBCC010000073.1	2571468	100000
hprc4_L100000_8122	HG00438.2	HG00438#2#JAHBCA010000020.1	42408255	100000
hprc4_L100000_8123	HG00438.1	HG00438#1#JAHBCB010000024.1	7475863	100000
hprc4_L100000_8124	HG00621.1	HG00621#1#JAHBCD010000024.1	35678007	100000
hprc4_L100000_8125	HG00438.2	HG00438#2#JAHBCA010000011.1	4898169	100000
hprc4_L100000_8126	HG00621.2	HG00621#2#JAHBCC010000005.1	4078592	100000
hprc4_L100000_8127	HG00438.1	HG00438#1#JAHBCB010000037.1	43376230	100000
hprc4_L100000_8128	HG00438.2	HG00438#2#JAHBCA010000031.1	13206604	100000
hprc4_L100000_8129	HG00621.1	HG00621#1#JAHBCD010000001.1	35625518	100000
hprc4_L100000_8130	HG00438.2	HG00438#2#JAHBCA010000152.1	296628	100000
hprc4_L100000_8131	HG00438.1	HG00438#1#JAHBCB010000011.1	57566233	100000
hprc4_L100000_8132	HG00621.2	HG00621#2#JAHBCC010000020.1	7310139	100000
hprc4_L100000_8133	HG00621.1	HG00621#1#JAHBCD010000020.1	39246848	100000
hprc4_L100000_8134	HG00438.1	HG00438#1#JAHBCB010000014.1	8543181	100000
hprc4_L100000_8135	HG00621.2	HG00621#2#JAHBCC010000067.1	5413767	100000
hprc4_L100000_8136	HG00621.2	HG00621#2#JAHBCC010000005.1	50960828	100000
hprc4_L100000_8137	HG00438.2	HG00438#2#JAHBCA010000052.1	20954386	100000
hprc4_L100000_8138	HG00438.1	HG00438#1#JAHBCB010000067.1	4547515	100000
hprc4_L100000_8139	HG00438.2	HG00438#2#JAHBCA010000023.1	1719393	100000
hprc4_L100000_8140	HG00621.2	HG00621#2#JAHBCC010000006.1	85944501	100000
hprc4_L100000_8141	HG00621.1	HG00621#1#JAHBCD010000016.1	31543864	100000
hprc4_L100000_8142	HG00621.2	HG00621#2#JAHBCC010000039.1	61870729	100000
hprc4_L100000_8143	HG00621.2	HG00621#2#JAHBCC010000026.1	17710317	100000
hprc4_L100000_8144	HG00621.2	HG00621#2#JAHBCC010000039.1	5564523	100000
hprc4_L100000_8145	HG00438.2	HG00438#2#JAHBCA010000087.1	2940655	100000
hprc4_L100000_8146	HG00438.2	HG00438#2#JAHBCA010000043.1	47591727	100000
hprc4_L100000_8147	HG00621.1	HG00621#1#JAHBCD010000098.1	251641	100000
hprc4_L100000_8148	HG00438.2	HG00438#2#JAHBCA010000008.1	20473949	100000
hprc4_L100000_8149	HG00438.1	HG00438#1#JAHBCB010000047.1	2106293	100000
hprc4_L100000_8150	HG00438.2	HG00438#2#JAHBCA010000002.1	103331233	100000
hprc4_L100000_8151	HG00438.2	HG00438#2#JAHBCA010000033.1	51098488	100000
hprc4_L100000_8152	HG00438.2	HG00438#2#JAHBCA010000010.1	77678846	100000
hprc4_L100000_8153	HG00438.1	HG00438#1#JAHBCB010000078.1	5100076	100000
hprc4_L100000_8154	HG00438.2	HG00438#2#JAHBCA010000002.1	3624938	100000
hprc4_L100000_8155	HG00438.2	HG00438#2#JAHBCA010000053.1	17424907	100000
hprc4_L100000_8156	HG00438.2	HG00438#2#JAHBCA010000016.1	47144459	100000
hprc4_L100000_8157	HG00438.2	HG00438#2#JAHBCA010000002.1	130625818	100000
hprc4_L100000_8158	HG00621.1	HG00621#1#JAHBCD010000005.1	39961646	100000
hprc4_L100000_8159	HG00438.1	HG00438#1#JAHBCB010000045.1	6359119	100000
hprc4_L100000_8160	HG00621.1	HG00621#1#JAHBCD010000016.1	77579918	100000
hprc4_L100000_8161	HG00621.1	HG00621#1#JAHBCD010000047.1	82839983	100000
hprc4_L100000_8162	HG00621.1	HG00621#1#JAHBCD010000010.1	77964206	100000
hprc4_L100000_8163	HG00621.1	HG00621#1#JAHBCD010000029.1	38701506	100000
hprc4_L100000_8164	HG00438.1	HG00438#1#JAHBCB010000015.1	66541280	100000
hprc4_L100000_8165	HG00621.1	HG00621#1#JAHBCD010000016.1	36497677	100000
hprc4_L100000_8166	HG00438.1	HG00438#1#JAHBCB010000072.1	6783442	100000
hprc4_L100000_8167	HG00438.1	HG00438#1#JAHBCB010000006.1	26636400	100000
hprc4_L100000_8168	HG00621.2	HG00621#2#JAHBCC010000014.1	102538086	100000
hprc4_L100000_8169	HG00438.2	HG00438#2#JAHBCA010000014.1	33448418	100000
hprc4_L100000_8170	HG00621.1	HG00621#1#JAHBCD010000070.1	2007087	100000
hprc4_L100000_8171	HG00621.2	HG00621#2#JAHBCC010000078.1	11666508	100000
hprc4_L100000_8172	HG00438.2	HG00438#2#JAHBCA010000008.1	88765342	100000
hprc4_L100000_8173	HG00438.2	HG00438#2#JAHBCA010000054.1	20594749	100000
hprc4_L100000_8174	HG00621.2	HG00621#2#JAHBCC010000034.1	65200314	100000
hprc4_L100000_8175	HG00621.2	HG00621#2#JAHBCC010000045.1	55293430	100000
hprc4_L100000_8176	HG00621.1	HG00621#1#JAHBCD010000009.1	13518858	100000
hprc4_L100000_8177	HG00621.2	HG00621#2#JAHBCC010000033.1	44799504	100000
hprc4_L100000_8178	HG00438.2	HG00438#2#JAHBCA010000042.1	24685299	100000
hprc4_L100000_8179	HG00438.2	HG00438#2#JAHBCA010000045.1	7767895	100000
hprc4_L100000_8180	HG00621.1	HG00621#1#JAHBCD010000011.1	32484047	100000
hprc4_L100000_8181	HG00438.2	HG00438#2#JAHBCA010000072.1	9659366	100000
hprc4_L100000_8182	HG00621.2	HG00621#2#JAHBCC010000024.1	79476858	100000
hprc4_L100000_8183	HG00621.2	HG00621#2#JAHBCC010000070.1	16086474	100000
hprc4_L100000_8184	HG00621.1	HG00621#1#JAHBCD010000022.1	42087348	100000
hprc4_L100000_8185	HG00621.2	HG00621#2#JAHBCC010000033.1	42463941	100000
hprc4_L100000_8186	HG00621.1	HG00621#1#JAHBCD010000035.1	23126632	100000
hprc4_L100000_8187	HG00438.1	HG00438#1#JAHBCB010000046.1	6031010	100000
hprc4_L100000_8188	HG00621.1	HG00621#1#JAHBCD010000011.1	5388098	100000
hprc4_L100000_8189	HG00438.1	HG00438#1#JAHBCB010000023.1	12188065	100000
hprc4_L100000_8190	HG00621.2	HG00621#2#JAHBCC010000061.1	1720879	100000
hprc4_L100000_8191	HG00438.1	HG00438#1#JAHBCB010000048.1	17422279	100000
hprc4_L100000_8192	HG00621.1	HG00621#1#JAHBCD010000031.1	47326724	100000
hprc4_L100000_8193	HG00621.2	HG00621#2#JAHBCC010000039.1	79741754	100000
hprc4_L100000_8194	HG00621.2	HG00621#2#JAHBCC010000047.1	105344	100000
hprc4_L100000_8195	HG00438.2	HG00438#2#JAHBCA010000043.1	2375237	100000
hprc4_L100000_8196	HG00621.2	HG00621#2#JAHBCC010000048.1	1094326	100000
hprc4_L100000_8197	HG00438.2	HG00438#2#JAHBCA010000073.1	6750188	100000
hprc4_L100000_8198	HG00621.1	HG00621#1#JAHBCD010000072.1	4056700	100000
hprc4_L100000_8199	HG00621.1	HG00621#1#JAHBCD010000024.1	59230131	100000
hprc4_L100000_8200	HG00438.2	HG00438#2#JAHBCA010000082.1	284407	100000
hprc4_L100000_8201	HG00621.2	HG00621#2#JAHBCC010000005.1	30861111	100000
hprc4_L100000_8202	HG00438.2	HG00438#2#JAHBCA010000002.1	88829294	100000
hprc4_L100000_8203	HG00621.1	HG00621#1#JAHBCD010000055.1	24816876	100000
hprc4_L100000_8204	HG00438.1	HG00438#1#JAHBCB010000042.1	16695479	100000
hprc4_L100000_8205	HG00438.1	HG00438#1#JAHBCB010000031.1	4419997	100000
hprc4_L100000_8206	HG00438.2	HG00438#2#JAHBCA010000001.1	14641223	100000
hprc4_L100000_8207	HG00438.2	HG00438#2#JAHBCA010000095.1	691576	100000
hprc4_L100000_8208	HG00621.1	HG00621#1#JAHBCD010000012.1	8653216	100000
hprc4_L100000_8209	HG00621.2	HG00621#2#JAHBCC010000018.1	80949020	100000
hprc4_L100000_8210	HG00438.1	HG00438#1#JAHBCB010000003.1	68285910	100000
hprc4_L100000_8211	HG00438.1	HG00438#1#JAHBCB010000030.1	1966126	100000
hprc4_L100000_8212	HG00438.2	HG00438#2#JAHBCA010000032.1	54692015	100000
hprc4_L100000_8213	HG00621.2	HG00621#2#JAHBCC010000075.1	8604039	100000
hprc4_L100000_8214	HG00438.1	HG00438#1#JAHBCB010000046.1	14212388	100000
hprc4_L100000_8215	HG00438.1	HG00438#1#JAHBCB010000075.1	4988134	100000
hprc4_L100000_8216	HG00438.2	HG00438#2#JAHBCA010000023.1	27420339	100000
hprc4_L100000_8217	HG00438.1	HG00438#1#JAHBCB010000028.1	19901049	100000
hprc4_L100000_8218	HG00438.1	HG00438#1#JAHBCB010000014.1	11100771	100000
hprc4_L100000_8219	HG00438.2	HG00438#2#JAHBCA010000025.1	23777573	100000
hprc4_L100000_8220	HG00438.2	HG00438#2#JAHBCA010000006.1	14633595	100000
hprc4_L100000_8221	HG00438.1	HG00438#1#JAHBCB010000074.1	31769478	100000
hprc4_L100000_8222	HG00621.2	HG00621#2#JAHBCC010000028.1	33259065	100000
hprc4_L100000_8223	HG00438.1	HG00438#1#JAHBCB010000087.1	506624	100000
hprc4_L100000_8224	HG00621.1	HG00621#1#JAHBCD010000007.1	832941	100000
hprc4_L100000_8225	HG00438.1	HG00438#1#JAHBCB010000050.1	17751788	100000
hprc4_L100000_8226	HG00621.1	HG00621#1#JAHBCD010000030.1	6086462	100000
hprc4_L100000_8227	HG00438.1	HG00438#1#JAHBCB010000006.1	10346727	100000
hprc4_L100000_8228	HG00621.1	HG00621#1#JAHBCD010000037.1	15655291	100000
hprc4_L100000_8229	HG00438.1	HG00438#1#JAHBCB010000077.1	1360694	100000
hprc4_L100000_8230	HG00438.2	HG00438#2#JAHBCA010000008.1	1578153	100000
hprc4_L100000_8231	HG00438.2	HG00438#2#JAHBCA010000076.1	3244645	100000
hprc4_L100000_8232	HG00438.2	HG00438#2#JAHBCA010000016.1	57644509	100000
hprc4_L100000_8233	HG00621.1	HG00621#1#JAHBCD010000019.1	14336142	100000
hprc4_L100000_8234	HG00438.1	HG00438#1#JAHBCB010000024.1	60321741	100000
hprc4_L100000_8235	HG00438.2	HG00438#2#JAHBCA010000063.1	14745343	100000
hprc4_L100000_8236	HG00438.1	HG00438#1#JAHBCB010000041.1	20690799	100000
hprc4_L100000_8237	HG00438.2	HG00438#2#JAHBCA010000106.1	2410089	100000
hprc4_L100000_8238	HG00621.2	HG00621#2#JAHBCC010000007.1	26254312	100000
hprc4_L100000_8239	HG00621.1	HG00621#1#JAHBCD010000048.1	3630284	100000
hprc4_L100000_8240	HG00621.1	HG00621#1#JAHBCD010000104.1	4452960	100000
hprc4_L100000_8241	HG00438.1	HG00438#1#JAHBCB010000017.1	26707302	100000
hprc4_L100000_8242	HG00621.2	HG00621#2#JAHBCC010000028.1	19791888	100000
hprc4_L100000_8243	HG00621.2	HG00621#2#JAHBCC010000004.1	32425278	100000
hprc4_L100000_8244	HG00438.1	HG00438#1#JAHBCB010000049.1	14580785	100000
hprc4_L100000_8245	HG00438.2	HG00438#2#JAHBCA010000060.1	3106505	100000
hprc4_L100000_8246	HG00621.2	HG00621#2#JAHBCC010000039.1	18633744	100000
hprc4_L100000_8247	HG00438.2	HG00438#2#JAHBCA010000002.1	72499101	100000
hprc4_L100000_8248	HG00621.2	HG00621#2#JAHBCC010000056.1	29393922	100000
hprc4_L100000_8249	HG00621.2	HG00621#2#JAHBCC010000020.1	12590599	100000
hprc4_L100000_8250	HG00621.1	HG00621#1#JAHBCD010000016.1	43551156	100000
hprc4_L100000_8251	HG00621.1	HG00621#1#JAHBCD010000019.1	6700668	100000
hprc4_L100000_8252	HG00438.1	HG00438#1#JAHBCB010000011.1	7451118	100000
hprc4_L100000_8253	HG00438.1	HG00438#1#JAHBCB010000023.1	23874365	100000
hprc4_L100000_8254	HG00621.2	HG00621#2#JAHBCC010000006.1	87608329	100000
hprc4_L100000_8255	HG00621.1	HG00621#1#JAHBCD010000050.1	6534264	100000
hprc4_L100000_8256	HG00438.1	HG00438#1#JAHBCB010000008.1	87229672	100000
hprc4_L100000_8257	HG00438.2	HG00438#2#JAHBCA010000022.1	9981543	100000
hprc4_L100000_8258	HG00621.2	HG00621#2#JAHBCC010000009.1	9014749	100000
hprc4_L100000_8259	HG00621.2	HG00621#2#JAHBCC010000022.1	53662402	100000
hprc4_L100000_8260	HG00621.2	HG00621#2#JAHBCC010000066.1	47227309	100000
hprc4_L100000_8261	HG00621.2	HG00621#2#JAHBCC010000008.1	73532333	100000
hprc4_L100000_8262	HG00438.2	HG00438#2#JAHBCA010000033.1	35290327	100000
hprc4_L100000_8263	HG00621.2	HG00621#2#JAHBCC010000073.1	18047238	100000
hprc4_L100000_8264	HG00621.2	HG00621#2#JAHBCC010000032.1	27879068	100000
hprc4_L100000_8265	HG00621.1	HG00621#1#JAHBCD010000053.1	10857272	100000
hprc4_L100000_8266	HG00621.2	HG00621#2#JAHBCC010000059.1	6141167	100000
hprc4_L100000_8267	HG00438.2	HG00438#2#JAHBCA010000004.1	13118619	100000
hprc4_L100000_8268	HG00438.1	HG00438#1#JAHBCB010000011.1	78056389	100000
hprc4_L100000_8269	HG00438.1	HG00438#1#JAHBCB010000032.1	18576976	100000
hprc4_L100000_8270	HG00438.1	HG00438#1#JAHBCB010000048.1	34432182	100000
hprc4_L100000_8271	HG00438.1	HG00438#1#JAHBCB010000012.1	1845266	100000
hprc4_L100000_8272	HG00438.2	HG00438#2#JAHBCA010000016.1	17524833	100000
hprc4_L100000_8273	HG00621.2	HG00621#2#JAHBCC010000048.1	40794972	100000
hprc4_L100000_8274	HG00621.2	HG00621#2#JAHBCC010000028.1	78570044	100000
hprc4_L100000_8275	HG00438.2	HG00438#2#JAHBCA010000040.1	27080226	100000
hprc4_L100000_8276	HG00621.1	HG00621#1#JAHBCD010000124.1	3609195	100000
hprc4_L100000_8277	HG00621.1	HG00621#1#JAHBCD010000031.1	56347306	100000
hprc4_L100000_8278	HG00438.1	HG00438#1#JAHBCB010000085.1	18504354	100000
hprc4_L100000_8279	HG00438.2	HG00438#2#JAHBCA010000008.1	19750948	100000
hprc4_L100000_8280	HG00621.2	HG00621#2#JAHBCC010000014.1	96866892	100000
hprc4_L100000_8281	HG00621.1	HG00621#1#JAHBCD010000037.1	30088063	100000
hprc4_L100000_8282	HG00621.1	HG00621#1#JAHBCD010000047.1	50638135	100000
hprc4_L100000_8283	HG00621.2	HG00621#2#JAHBCC010000017.1	20435917	100000
hprc4_L100000_8284	HG00438.2	HG00438#2#JAHBCA010000018.1	16713159	100000
hprc4_L100000_8285	HG00438.2	HG00438#2#JAHBCA010000061.1	914489	100000
hprc4_L100000_8286	HG00438.2	HG00438#2#JAHBCA010000020.1	29461920	100000
hprc4_L100000_8287	HG00621.2	HG00621#2#JAHBCC010000006.1	96242244	100000
hprc4_L100000_8288	HG00621.1	HG00621#1#JAHBCD010000032.1	30708925	100000
hprc4_L100000_8289	HG00438.2	HG00438#2#JAHBCA010000019.1	19223972	100000
hprc4_L100000_8290	HG00438.1	HG00438#1#JAHBCB010000092.1	3907676	100000
hprc4_L100000_8291	HG00621.1	HG00621#1#JAHBCD010000023.1	7465542	100000
hprc4_L100000_8292	HG00438.2	HG00438#2#JAHBCA010000019.1	48183246	100000
hprc4_L100000_8293	HG00438.2	HG00438#2#JAHBCA010000008.1	29250725	100000
hprc4_L100000_8294	HG00438.2	HG00438#2#JAHBCA010000010.1	2656965	100000
hprc4_L100000_8295	HG00621.2	HG00621#2#JAHBCC010000036.1	22861722	100000
hprc4_L100000_8296	HG00621.2	HG00621#2#JAHBCC010000082.1	97893	100000
hprc4_L100000_8297	HG00438.1	HG00438#1#JAHBCB010000024.1	74638816	100000
hprc4_L100000_8298	HG00621.1	HG00621#1#JAHBCD010000064.1	42241967	100000
hprc4_L100000_8299	HG00438.2	HG00438#2#JAHBCA010000012.1	49975838	100000
hprc4_L100000_8300	HG00621.1	HG00621#1#JAHBCD010000016.1	755597	100000
hprc4_L100000_8301	HG00621.1	HG00621#1#JAHBCD010000050.1	14426476	100000
hprc4_L100000_8302	HG00438.1	HG00438#1#JAHBCB010000015.1	34699874	100000
hprc4_L100000_8303	HG00621.2	HG00621#2#JAHBCC010000058.1	15788479	100000
hprc4_L100000_8304	HG00621.1	HG00621#1#JAHBCD010000037.1	38868914	100000
hprc4_L100000_8305	HG00438.1	HG00438#1#JAHBCB010000024.1	56605707	100000
hprc4_L100000_8306	HG00438.2	HG00438#2#JAHBCA010000003.1	21070232	100000
hprc4_L100000_8307	HG00621.1	HG00621#1#JAHBCD010000104.1	11816166	100000
hprc4_L100000_8308	HG00621.2	HG00621#2#JAHBCC010000048.1	30767064	100000
hprc4_L100000_8309	HG00621.1	HG00621#1#JAHBCD010000063.1	16103025	100000
hprc4_L100000_8310	HG00621.2	HG00621#2#JAHBCC010000041.1	26972477	100000
hprc4_L100000_8311	HG00438.2	HG00438#2#JAHBCA010000004.1	45585548	100000
hprc4_L100000_8312	HG00621.1	HG00621#1#JAHBCD010000002.1	8373117	100000
hprc4_L100000_8313	HG00621.2	HG00621#2#JAHBCC010000065.1	25166741	100000
hprc4_L100000_8314	HG00438.1	HG00438#1#JAHBCB010000043.1	6805564	100000
hprc4_L100000_8315	HG00438.2	HG00438#2#JAHBCA010000082.1	6167038	100000
hprc4_L100000_8316	HG00621.1	HG00621#1#JAHBCD010000033.1	27165222	100000
hprc4_L100000_8317	HG00621.2	HG00621#2#JAHBCC010000028.1	2683535	100000
hprc4_L100000_8318	HG00621.1	HG00621#1#JAHBCD010000010.1	7215158	100000
hprc4_L100000_8319	HG00621.2	HG00621#2#JAHBCC010000053.1	20337094	100000
hprc4_L100000_8320	HG00438.2	HG00438#2#JAHBCA010000046.1	61293804	100000
hprc4_L100000_8321	HG00438.2	HG00438#2#JAHBCA010000060.1	3344719	100000
hprc4_L100000_8322	HG00621.1	HG00621#1#JAHBCD010000016.1	22338612	100000
hprc4_L100000_8323	HG00438.2	HG00438#2#JAHBCA010000020.1	30529788	100000
hprc4_L100000_8324	HG00438.1	HG00438#1#JAHBCB010000047.1	11032228	100000
hprc4_L100000_8325	HG00438.2	HG00438#2#JAHBCA010000005.1	61731054	100000
hprc4_L100000_8326	HG00621.1	HG00621#1#JAHBCD010000008.1	3564105	100000
hprc4_L100000_8327	HG00621.2	HG00621#2#JAHBCC010000006.1	80547505	100000
hprc4_L100000_8328	HG00621.2	HG00621#2#JAHBCC010000041.1	4256537	100000
hprc4_L100000_8329	HG00438.1	HG00438#1#JAHBCB010000099.1	5944338	100000
hprc4_L100000_8330	HG00438.2	HG00438#2#JAHBCA010000033.1	45588688	100000
hprc4_L100000_8331	HG00621.2	HG00621#2#JAHBCC010000076.1	24981014	100000
hprc4_L100000_8332	HG00438.2	HG00438#2#JAHBCA010000008.1	25942972	100000
hprc4_L100000_8333	HG00621.2	HG00621#2#JAHBCC010000036.1	25050106	100000
hprc4_L100000_8334	HG00438.1	HG00438#1#JAHBCB010000016.1	71699960	100000
hprc4_L100000_8335	HG00438.1	HG00438#1#JAHBCB010000016.1	29057547	100000
hprc4_L100000_8336	HG00438.2	HG00438#2#JAHBCA010000004.1	57035359	100000
hprc4_L100000_8337	HG00621.2	HG00621#2#JAHBCC010000018.1	60464976	100000
hprc4_L100000_8338	HG00438.1	HG00438#1#JAHBCB010000044.1	38159653	100000
hprc4_L100000_8339	HG00438.1	HG00438#1#JAHBCB010000069.1	5305875	100000
hprc4_L100000_8340	HG00438.2	HG00438#2#JAHBCA010000089.1	14302515	100000
hprc4_L100000_8341	HG00621.1	HG00621#1#JAHBCD010000002.1	33476262	100000
hprc4_L100000_8342	HG00621.1	HG00621#1#JAHBCD010000009.1	14543707	100000
hprc4_L100000_8343	HG00621.2	HG00621#2#JAHBCC010000060.1	38905227	100000
hprc4_L100000_8344	HG00438.1	HG00438#1#JAHBCB010000006.1	26287066	100000
hprc4_L100000_8345	HG00621.2	HG00621#2#JAHBCC010000055.1	65728589	100000
hprc4_L100000_8346	HG00438.1	HG00438#1#JAHBCB010000030.1	7774131	100000
hprc4_L100000_8347	HG00621.2	HG00621#2#JAHBCC010000006.1	115444335	100000
hprc4_L100000_8348	HG00438.1	HG00438#1#JAHBCB010000010.1	32855296	100000
hprc4_L100000_8349	HG00621.2	HG00621#2#JAHBCC010000169.1	23851	100000
hprc4_L100000_8350	HG00621.1	HG00621#1#JAHBCD010000078.1	3815517	100000
hprc4_L100000_8351	HG00621.1	HG00621#1#JAHBCD010000064.1	3865977	100000
hprc4_L100000_8352	HG00438.1	HG00438#1#JAHBCB010000051.1	3466381	100000
hprc4_L100000_8353	HG00621.1	HG00621#1#JAHBCD010000014.1	61319984	100000
hprc4_L100000_8354	HG00438.2	HG00438#2#JAHBCA010000003.1	18447318	100000
hprc4_L100000_8355	HG00621.1	HG00621#1#JAHBCD010000010.1	17912665	100000
hprc4_L100000_8356	HG00438.2	HG00438#2#JAHBCA010000046.1	56312104	100000
hprc4_L100000_8357	HG00621.1	HG00621#1#JAHBCD010000035.1	7617706	100000
hprc4_L100000_8358	HG00438.2	HG00438#2#JAHBCA010000014.1	2410374	100000
hprc4_L100000_8359	HG00621.1	HG00621#1#JAHBCD010000010.1	26986968	100000
hprc4_L100000_8360	HG00438.1	HG00438#1#JAHBCB010000037.1	16250513	100000
hprc4_L100000_8361	HG00438.2	HG00438#2#JAHBCA010000016.1	31194648	100000
hprc4_L100000_8362	HG00621.1	HG00621#1#JAHBCD010000031.1	40999811	100000
hprc4_L100000_8363	HG00438.1	HG00438#1#JAHBCB010000025.1	14428247	100000
hprc4_L100000_8364	HG00438.2	HG00438#2#JAHBCA010000008.1	45333446	100000
hprc4_L100000_8365	HG00438.1	HG00438#1#JAHBCB010000037.1	25525966	100000
hprc4_L100000_8366	HG00438.2	HG00438#2#JAHBCA010000042.1	16443892	100000
hprc4_L100000_8367	HG00438.2	HG00438#2#JAHBCA010000020.1	14139333	100000
hprc4_L100000_8368	HG00621.2	HG00621#2#JAHBCC010000004.1	8411913	100000
hprc4_L100000_8369	HG00438.1	HG00438#1#JAHBCB010000022.1	125081	100000
hprc4_L100000_8370	HG00438.2	HG00438#2#JAHBCA010000005.1	62653224	100000
hprc4_L100000_8371	HG00438.1	HG00438#1#JAHBCB010000058.1	8491810	100000
hprc4_L100000_8372	HG00621.1	HG00621#1#JAHBCD010000016.1	84813551	100000
hprc4_L100000_8373	HG00621.1	HG00621#1#JAHBCD010000092.1	7448526	100000
hprc4_L100000_8374	HG00438.2	HG00438#2#JAHBCA010000066.1	15475654	100000
hprc4_L100000_8375	HG00438.2	HG00438#2#JAHBCA010000003.1	44407962	100000
hprc4_L100000_8376	HG00621.2	HG00621#2#JAHBCC010000033.1	63877759	100000
hprc4_L100000_8377	HG00438.1	HG00438#1#JAHBCB010000074.1	6548756	100000
hprc4_L100000_8378	HG00438.2	HG00438#2#JAHBCA010000004.1	30321495	100000
hprc4_L100000_8379	HG00621.1	HG00621#1#JAHBCD010000047.1	41409867	100000
hprc4_L100000_8380	HG00621.1	HG00621#1#JAHBCD010000016.1	24522227	100000
hprc4_L100000_8381	HG00621.2	HG00621#2#JAHBCC010000019.1	378341	100000
hprc4_L100000_8382	HG00621.1	HG00621#1#JAHBCD010000099.1	3007323	100000
hprc4_L100000_8383	HG00621.1	HG00621#1#JAHBCD010000010.1	76156490	100000
hprc4_L100000_8384	HG00621.1	HG00621#1#JAHBCD010000041.1	52564488	100000
hprc4_L100000_8385	HG00621.2	HG00621#2#JAHBCC010000017.1	25795494	100000
hprc4_L100000_8386	HG00621.1	HG00621#1#JAHBCD010000009.1	35020907	100000
hprc4_L100000_8387	HG00621.2	HG00621#2#JAHBCC010000034.1	34138284	100000
hprc4_L100000_8388	HG00438.2	HG00438#2#JAHBCA010000071.1	21684840	100000
hprc4_L100000_8389	HG00438.1	HG00438#1#JAHBCB010000037.1	87553913	100000
hprc4_L100000_8390	HG00438.1	HG00438#1#JAHBCB010000008.1	36057472	100000
hprc4_L100000_8391	HG00621.1	HG00621#1#JAHBCD010000092.1	8568596	100000
hprc4_L100000_8392	HG00621.2	HG00621#2#JAHBCC010000013.1	15932171	100000
hprc4_L100000_8393	HG00438.2	HG00438#2#JAHBCA010000094.1	7073194	100000
hprc4_L100000_8394	HG00438.2	HG00438#2#JAHBCA010000113.1	1072089	100000
hprc4_L100000_8395	HG00621.1	HG00621#1#JAHBCD010000022.1	4029083	100000
hprc4_L100000_8396	HG00621.1	HG00621#1#JAHBCD010000062.1	15918234	100000
hprc4_L100000_8397	HG00438.2	HG00438#2#JAHBCA010000028.1	9111331	100000
hprc4_L100000_8398	HG00621.2	HG00621#2#JAHBCC010000076.1	1797241	100000
hprc4_L100000_8399	HG00621.2	HG00621#2#JAHBCC010000051.1	27725256	100000
hprc4_L100000_8400	HG00438.1	HG00438#1#JAHBCB010000001.1	22818826	100000
hprc4_L100000_8401	HG00621.1	HG00621#1#JAHBCD010000016.1	37097297	100000
hprc4_L100000_8402	HG00438.2	HG00438#2#JAHBCA010000033.1	13131000	100000
hprc4_L100000_8403	HG00438.1	HG00438#1#JAHBCB010000113.1	133783	100000
hprc4_L100000_8404	HG00438.2	HG00438#2#JAHBCA010000010.1	42574976	100000
hprc4_L100000_8405	HG00438.1	HG00438#1#JAHBCB010000040.1	19807472	100000
hprc4_L100000_8406	HG00438.1	HG00438#1#JAHBCB010000019.1	33387514	100000
hprc4_L100000_8407	HG00621.2	HG00621#2#JAHBCC010000075.1	7655512	100000
hprc4_L100000_8408	HG00621.1	HG00621#1#JAHBCD010000034.1	25294437	100000
hprc4_L100000_8409	HG00438.2	HG00438#2#JAHBCA010000024.1	26453789	100000
hprc4_L100000_8410	HG00438.1	HG00438#1#JAHBCB010000040.1	26233436	100000
hprc4_L100000_8411	HG00621.2	HG00621#2#JAHBCC010000033.1	34204911	100000
hprc4_L100000_8412	HG00438.2	HG00438#2#JAHBCA010000002.1	12433176	100000
hprc4_L100000_8413	HG00621.2	HG00621#2#JAHBCC010000022.1	89053397	100000
hprc4_L100000_8414	HG00621.2	HG00621#2#JAHBCC010000018.1	35390695	100000
hprc4_L100000_8415	HG00621.1	HG00621#1#JAHBCD010000005.1	68305338	100000
hprc4_L100000_8416	HG00621.2	HG00621#2#JAHBCC010000033.1	3457950	100000
hprc4_L100000_8417	HG00621.2	HG00621#2#JAHBCC010000022.1	7516350	100000
hprc4_L100000_8418	HG00621.2	HG00621#2#JAHBCC010000040.1	9317897	100000
hprc4_L100000_8419	HG00621.1	HG00621#1#JAHBCD010000010.1	73211897	100000
hprc4_L100000_8420	HG00621.2	HG00621#2#JAHBCC010000014.1	93358918	100000
hprc4_L100000_8421	HG00438.1	HG00438#1#JAHBCB010000041.1	42410716	100000
hprc4_L100000_8422	HG00438.2	HG00438#2#JAHBCA010000040.1	1538492	100000
hprc4_L100000_8423	HG00621.2	HG00621#2#JAHBCC010000039.1	72701693	100000
hprc4_L100000_8424	HG00621.2	HG00621#2#JAHBCC010000045.1	15064221	100000
hprc4_L100000_8425	HG00438.1	HG00438#1#JAHBCB010000053.1	3815157	100000
hprc4_L100000_8426	HG00621.1	HG00621#1#JAHBCD010000063.1	24386770	100000
hprc4_L100000_8427	HG00621.2	HG00621#2#JAHBCC010000056.1	23342638	100000
hprc4_L100000_8428	HG00438.2	HG00438#2#JAHBCA010000040.1	30521780	100000
hprc4_L100000_8429	HG00438.2	HG00438#2#JAHBCA010000015.1	17418034	100000
hprc4_L100000_8430	HG00438.1	HG00438#1#JAHBCB010000062.1	17887992	100000
hprc4_L100000_8431	HG00438.2	HG00438#2#JAHBCA010000043.1	16761129	100000
hprc4_L100000_8432	HG00438.2	HG00438#2#JAHBCA010000003.1	60145849	100000
hprc4_L100000_8433	HG00621.1	HG00621#1#JAHBCD010000052.1	39855554	100000
hprc4_L100000_8434	HG00438.1	HG00438#1#JAHBCB010000074.1	32441217	100000
hprc4_L100000_8435	HG00621.1	HG00621#1#JAHBCD010000038.1	3780057	100000
hprc4_L100000_8436	HG00438.2	HG00438#2#JAHBCA010000004.1	37095403	100000
hprc4_L100000_8437	HG00621.2	HG00621#2#JAHBCC010000075.1	8109928	100000
hprc4_L100000_8438	HG00621.1	HG00621#1#JAHBCD010000028.1	22925939	100000
hprc4_L100000_8439	HG00621.1	HG00621#1#JAHBCD010000019.1	10108045	100000
hprc4_L100000_8440	HG00438.2	HG00438#2#JAHBCA010000072.1	2683389	100000
hprc4_L100000_8441	HG00621.1	HG00621#1#JAHBCD010000008.1	38803838	100000
hprc4_L100000_8442	HG00621.1	HG00621#1#JAHBCD010000001.1	17591366	100000
hprc4_L100000_8443	HG00438.1	HG00438#1#JAHBCB010000036.1	22563220	100000
hprc4_L100000_8444	HG00438.2	HG00438#2#JAHBCA010000113.1	542113	100000
hprc4_L100000_8445	HG00621.2	HG00621#2#JAHBCC010000085.1	1140354	100000
hprc4_L100000_8446	HG00621.1	HG00621#1#JAHBCD010000010.1	90267103	100000
hprc4_L100000_8447	HG00621.2	HG00621#2#JAHBCC010000026.1	14868678	100000
hprc4_L100000_8448	HG00621.2	HG00621#2#JAHBCC010000008.1	78417988	100000
hprc4_L100000_8449	HG00438.2	HG00438#2#JAHBCA010000010.1	27243264	100000
hprc4_L100000_8450	HG00438.1	HG00438#1#JAHBCB010000001.1	21187694	100000
hprc4_L100000_8451	HG00438.1	HG00438#1#JAHBCB010000042.1	11093915	100000
hprc4_L100000_8452	HG00438.1	HG00438#1#JAHBCB010000010.1	27437887	100000
hprc4_L100000_8453	HG00438.1	HG00438#1#JAHBCB010000019.1	58435233	100000
hprc4_L100000_8454	HG00438.1	HG00438#1#JAHBCB010000045.1	47522831	100000
hprc4_L100000_8455	HG00438.1	HG00438#1#JAHBCB010000038.1	9184106	100000
hprc4_L100000_8456	HG00438.2	HG00438#2#JAHBCA010000018.1	7733121	100000
hprc4_L100000_8457	HG00621.1	HG00621#1#JAHBCD010000021.1	18193960	100000
hprc4_L100000_8458	HG00621.2	HG00621#2#JAHBCC010000163.1	3533	100000
hprc4_L100000_8459	HG00621.2	HG00621#2#JAHBCC010000006.1	41354464	100000
hprc4_L100000_8460	HG00438.1	HG00438#1#JAHBCB010000050.1	8321040	100000
hprc4_L100000_8461	HG00438.1	HG00438#1#JAHBCB010000006.1	1740968	100000
hprc4_L100000_8462	HG00438.1	HG00438#1#JAHBCB010000019.1	63303455	100000
hprc4_L100000_8463	HG00438.1	HG00438#1#JAHBCB010000097.1	30067124	100000
hprc4_L100000_8464	HG00438.2	HG00438#2#JAHBCA010000094.1	12215394	100000
hprc4_L100000_8465	HG00621.2	HG00621#2#JAHBCC010000006.1	98305206	100000
hprc4_L100000_8466	HG00438.2	HG00438#2#JAHBCA010000024.1	32261032	100000
hprc4_L100000_8467	HG00621.1	HG00621#1#JAHBCD010000002.1	86837066	100000
hprc4_L100000_8468	HG00438.2	HG00438#2#JAHBCA010000016.1	46473457	100000
hprc4_L100000_8469	HG00438.2	HG00438#2#JAHBCA010000010.1	63616414	100000
hprc4_L100000_8470	HG00438.1	HG00438#1#JAHBCB010000019.1	19054960	100000
hprc4_L100000_8471	HG00438.1	HG00438#1#JAHBCB010000018.1	126945660	100000
hprc4_L100000_8472	HG00438.1	HG00438#1#JAHBCB010000003.1	91594877	100000
hprc4_L100000_8473	HG00438.1	HG00438#1#JAHBCB010000002.1	27227771	100000
hprc4_L100000_8474	HG00621.1	HG00621#1#JAHBCD010000058.1	3580461	100000
hprc4_L100000_8475	HG00438.2	HG00438#2#JAHBCA010000045.1	24851368	100000
hprc4_L100000_8476	HG00621.2	HG00621#2#JAHBCC010000018.1	90941854	100000
hprc4_L100000_8477	HG00621.1	HG00621#1#JAHBCD010000019.1	19216341	100000
hprc4_L100000_8478	HG00438.2	HG00438#2#JAHBCA010000050.1	8474071	100000
hprc4_L100000_8479	HG00438.1	HG00438#1#JAHBCB010000011.1	2169457	100000
hprc4_L100000_8480	HG00438.2	HG00438#2#JAHBCA010000025.1	7957032	100000
hprc4_L100000_8481	HG00438.2	HG00438#2#JAHBCA010000014.1	18866138	100000
hprc4_L100000_8482	HG00438.1	HG00438#1#JAHBCB010000045.1	18587518	100000
hprc4_L100000_8483	HG00621.1	HG00621#1#JAHBCD010000032.1	21063105	100000
hprc4_L100000_8484	HG00438.1	HG00438#1#JAHBCB010000033.1	21684527	100000
hprc4_L100000_8485	HG00438.2	HG00438#2#JAHBCA010000046.1	4316651	100000
hprc4_L100000_8486	HG00621.1	HG00621#1#JAHBCD010000021.1	50453310	100000
hprc4_L100000_8487	HG00438.1	HG00438#1#JAHBCB010000011.1	39203719	100000
hprc4_L100000_8488	HG00621.1	HG00621#1#JAHBCD010000019.1	12981631	100000
hprc4_L100000_8489	HG00621.2	HG00621#2#JAHBCC010000037.1	11629422	100000
hprc4_L100000_8490	HG00621.2	HG00621#2#JAHBCC010000030.1	25101746	100000
hprc4_L100000_8491	HG00621.2	HG00621#2#JAHBCC010000067.1	26110849	100000
hprc4_L100000_8492	HG00621.1	HG00621#1#JAHBCD010000081.1	15222665	100000
hprc4_L100000_8493	HG00621.1	HG00621#1#JAHBCD010000010.1	41911008	100000
hprc4_L100000_8494	HG00621.1	HG00621#1#JAHBCD010000020.1	20279315	100000
hprc4_L100000_8495	HG00621.1	HG00621#1#JAHBCD010000016.1	82704363	100000
hprc4_L100000_8496	HG00438.1	HG00438#1#JAHBCB010000048.1	17469245	100000
hprc4_L100000_8497	HG00438.1	HG00438#1#JAHBCB010000095.1	3225261	100000
hprc4_L100000_8498	HG00438.1	HG00438#1#JAHBCB010000003.1	75983903	100000
hprc4_L100000_8499	HG00438.2	HG00438#2#JAHBCA010000044.1	11435056	100000
hprc4_L100000_8500	HG00621.2	HG00621#2#JAHBCC010000037.1	14039417	100000
hprc4_L100000_8501	HG00438.1	HG00438#1#JAHBCB010000052.1	5979696	100000
hprc4_L100000_8502	HG00438.2	HG00438#2#JAHBCA010000028.1	5055797	100000
hprc4_L100000_8503	HG00438.2	HG00438#2#JAHBCA010000014.1	40783934	100000
hprc4_L100000_8504	HG00621.2	HG00621#2#JAHBCC010000049.1	10968889	100000
hprc4_L100000_8505	HG00438.2	HG00438#2#JAHBCA010000002.1	79632471	100000
hprc4_L100000_8506	HG00438.1	HG00438#1#JAHBCB010000011.1	46861171	100000
hprc4_L100000_8507	HG00438.2	HG00438#2#JAHBCA010000024.1	28758445	100000
hprc4_L100000_8508	HG00438.1	HG00438#1#JAHBCB010000024.1	76815229	100000
hprc4_L100000_8509	HG00438.2	HG00438#2#JAHBCA010000005.1	63148088	100000
hprc4_L100000_8510	HG00438.1	HG00438#1#JAHBCB010000044.1	31579853	100000
hprc4_L100000_8511	HG00438.2	HG00438#2#JAHBCA010000003.1	43182804	100000
hprc4_L100000_8512	HG00621.2	HG00621#2#JAHBCC010000031.1	25288610	100000
hprc4_L100000_8513	HG00621.1	HG00621#1#JAHBCD010000062.1	8090591	100000
hprc4_L100000_8514	HG00438.1	HG00438#1#JAHBCB010000011.1	407457	100000
hprc4_L100000_8515	HG00438.2	HG00438#2#JAHBCA010000057.1	27801675	100000
hprc4_L100000_8516	HG00438.1	HG00438#1#JAHBCB010000021.1	7732007	100000
hprc4_L100000_8517	HG00621.1	HG00621#1#JAHBCD010000041.1	41872428	100000
hprc4_L100000_8518	HG00621.2	HG00621#2#JAHBCC010000005.1	48251752	100000
hprc4_L100000_8519	HG00621.2	HG00621#2#JAHBCC010000067.1	1412895	100000
hprc4_L100000_8520	HG00438.2	HG00438#2#JAHBCA010000024.1	28009512	100000
hprc4_L100000_8521	HG00438.2	HG00438#2#JAHBCA010000012.1	83058701	100000
hprc4_L100000_8522	HG00621.2	HG00621#2#JAHBCC010000082.1	14271289	100000
hprc4_L100000_8523	HG00621.1	HG00621#1#JAHBCD010000022.1	29618169	100000
hprc4_L100000_8524	HG00621.1	HG00621#1#JAHBCD010000123.1	715935	100000
hprc4_L100000_8525	HG00438.2	HG00438#2#JAHBCA010000084.1	6386568	100000
hprc4_L100000_8526	HG00621.2	HG00621#2#JAHBCC010000040.1	4240398	100000
hprc4_L100000_8527	HG00621.2	HG00621#2#JAHBCC010000028.1	62748401	100000
hprc4_L100000_8528	HG00438.1	HG00438#1#JAHBCB010000004.1	7969144	100000
hprc4_L100000_8529	HG00438.2	HG00438#2#JAHBCA010000046.1	74808170	100000
hprc4_L100000_8530	HG00438.1	HG00438#1#JAHBCB010000003.1	26422370	100000
hprc4_L100000_8531	HG00621.2	HG00621#2#JAHBCC010000026.1	9216672	100000
hprc4_L100000_8532	HG00438.2	HG00438#2#JAHBCA010000007.1	3488539	100000
hprc4_L100000_8533	HG00621.2	HG00621#2#JAHBCC010000027.1	12389628	100000
hprc4_L100000_8534	HG00438.2	HG00438#2#JAHBCA010000021.1	8019198	100000
hprc4_L100000_8535	HG00621.1	HG00621#1#JAHBCD010000047.1	64076504	100000
hprc4_L100000_8536	HG00621.1	HG00621#1#JAHBCD010000033.1	5305913	100000
hprc4_L100000_8537	HG00621.2	HG00621#2#JAHBCC010000024.1	68071231	100000
hprc4_L100000_8538	HG00621.1	HG00621#1#JAHBCD010000078.1	3527772	100000
hprc4_L100000_8539	HG00621.2	HG00621#2#JAHBCC010000054.1	8011730	100000
hprc4_L100000_8540	HG00621.2	HG00621#2#JAHBCC010000035.1	3878451	100000
hprc4_L100000_8541	HG00438.2	HG00438#2#JAHBCA010000002.1	57063734	100000
hprc4_L100000_8542	HG00621.2	HG00621#2#JAHBCC010000039.1	25725904	100000
hprc4_L100000_8543	HG00438.1	HG00438#1#JAHBCB010000003.1	83449170	100000
hprc4_L100000_8544	HG00621.2	HG00621#2#JAHBCC010000005.1	8861518	100000
hprc4_L100000_8545	HG00621.2	HG00621#2#JAHBCC010000008.1	36888103	100000
hprc4_L100000_8546	HG00621.1	HG00621#1#JAHBCD010000016.1	563298	100000
hprc4_L100000_8547	HG00438.1	HG00438#1#JAHBCB010000037.1	33054372	100000
hprc4_L100000_8548	HG00438.2	HG00438#2#JAHBCA010000087.1	15601228	100000
hprc4_L100000_8549	HG00438.1	HG00438#1#JAHBCB010000011.1	2002008	100000
hprc4_L100000_8550	HG00621.1	HG00621#1#JAHBCD010000002.1	65236124	100000
hprc4_L100000_8551	HG00621.1	HG00621#1#JAHBCD010000029.1	330563	100000
hprc4_L100000_8552	HG00438.1	HG00438#1#JAHBCB010000072.1	15304987	100000
hprc4_L100000_8553	HG00621.1	HG00621#1#JAHBCD010000032.1	4708577	100000
hprc4_L100000_8554	HG00621.1	HG00621#1#JAHBCD010000034.1	4579697	100000
hprc4_L100000_8555	HG00438.1	HG00438#1#JAHBCB010000129.1	3861502	100000
hprc4_L100000_8556	HG00438.1	HG00438#1#JAHBCB010000044.1	39450067	100000
hprc4_L100000_8557	HG00621.2	HG00621#2#JAHBCC010000022.1	10943771	100000
hprc4_L100000_8558	HG00621.2	HG00621#2#JAHBCC010000017.1	13147277	100000
hprc4_L100000_8559	HG00621.1	HG00621#1#JAHBCD010000010.1	12991270	100000
hprc4_L100000_8560	HG00438.1	HG00438#1#JAHBCB010000011.1	64583136	100000
hprc4_L100000_8561	HG00438.2	HG00438#2#JAHBCA010000044.1	16847258	100000
hprc4_L100000_8562	HG00621.1	HG00621#1#JAHBCD010000069.1	2110900	100000
hprc4_L100000_8563	HG00438.2	HG00438#2#JAHBCA010000022.1	38055848	100000
hprc4_L100000_8564	HG00438.1	HG00438#1#JAHBCB010000018.1	79575499	100000
hprc4_L100000_8565	HG00438.2	HG00438#2#JAHBCA010000041.1	3445128	100000
hprc4_L100000_8566	HG00621.1	HG00621#1#JAHBCD010000022.1	65863273	100000
hprc4_L100000_8567	HG00438.1	HG00438#1#JAHBCB010000015.1	57249164	100000
hprc4_L100000_8568	HG00621.2	HG00621#2#JAHBCC010000059.1	18649123	100000
hprc4_L100000_8569	HG00438.1	HG00438#1#JAHBCB010000048.1	8933786	100000
hprc4_L100000_8570	HG00621.2	HG00621#2#JAHBCC010000066.1	6062853	100000
hprc4_L100000_8571	HG00621.1	HG00621#1#JAHBCD010000029.1	12519712	100000
hprc4_L100000_8572	HG00438.1	HG00438#1#JAHBCB010000015.1	58976738	100000
hprc4_L100000_8573	HG00438.2	HG00438#2#JAHBCA010000004.1	54138303	100000
hprc4_L100000_8574	HG00438.1	HG00438#1#JAHBCB010000020.1	16644912	100000
hprc4_L100000_8575	HG00621.1	HG00621#1#JAHBCD010000009.1	21702943	100000
hprc4_L100000_8576	HG00621.2	HG00621#2#JAHBCC010000005.1	49169318	100000
hprc4_L100000_8577	HG00621.1	HG00621#1#JAHBCD010000041.1	74671402	100000
hprc4_L100000_8578	HG00621.1	HG00621#1#JAHBCD010000010.1	44528933	100000
hprc4_L100000_8579	HG00438.1	HG00438#1#JAHBCB010000003.1	159471	100000
hprc4_L100000_8580	HG00621.2	HG00621#2#JAHBCC010000031.1	48177209	100000
hprc4_L100000_8581	HG00438.2	HG00438#2#JAHBCA010000033.1	54192053	100000
hprc4_L100000_8582	HG00438.1	HG00438#1#JAHBCB010000006.1	41190290	100000
hprc4_L100000_8583	HG00438.1	HG00438#1#JAHBCB010000041.1	32195166	100000
hprc4_L100000_8584	HG00438.1	HG00438#1#JAHBCB010000024.1	62495931	100000
hprc4_L100000_8585	HG00621.2	HG00621#2#JAHBCC010000053.1	27070338	100000
hprc4_L100000_8586	HG00621.2	HG00621#2#JAHBCC010000016.1	14055297	100000
hprc4_L100000_8587	HG00621.1	HG00621#1#JAHBCD010000082.1	13466941	100000
hprc4_L100000_8588	HG00621.2	HG00621#2#JAHBCC010000008.1	74445337	100000
hprc4_L100000_8589	HG00438.2	HG00438#2#JAHBCA010000011.1	64888792	100000
hprc4_L100000_8590	HG00621.2	HG00621#2#JAHBCC010000070.1	14477006	100000
hprc4_L100000_8591	HG00438.1	HG00438#1#JAHBCB010000053.1	8870661	100000
hprc4_L100000_8592	HG00621.2	HG00621#2#JAHBCC010000020.1	46747219	100000
hprc4_L100000_8593	HG00438.2	HG00438#2#JAHBCA010000042.1	53535059	100000
hprc4_L100000_8594	HG00621.2	HG00621#2#JAHBCC010000048.1	11867861	100000
hprc4_L100000_8595	HG00438.2	HG00438#2#JAHBCA010000071.1	20317060	100000
hprc4_L100000_8596	HG00438.1	HG00438#1#JAHBCB010000003.1	57682181	100000
hprc4_L100000_8597	HG00438.1	HG00438#1#JAHBCB010000018.1	58222298	100000
hprc4_L100000_8598	HG00438.2	HG00438#2#JAHBCA010000003.1	61979710	100000
hprc4_L100000_8599	HG00438.1	HG00438#1#JAHBCB010000019.1	5424950	100000
hprc4_L100000_8600	HG00438.1	HG00438#1#JAHBCB010000021.1	43733910	100000
hprc4_L100000_8601	HG00621.2	HG00621#2#JAHBCC010000062.1	16973426	100000
hprc4_L100000_8602	HG00621.2	HG00621#2#JAHBCC010000041.1	26139320	100000
hprc4_L100000_8603	HG00621.1	HG00621#1#JAHBCD010000009.1	37520790	100000
hprc4_L100000_8604	HG00438.1	HG00438#1#JAHBCB010000006.1	19054157	100000
hprc4_L100000_8605	HG00438.2	HG00438#2#JAHBCA010000043.1	67682860	100000
hprc4_L100000_8606	HG00438.2	HG00438#2#JAHBCA010000021.1	11211410	100000
hprc4_L100000_8607	HG00621.1	HG00621#1#JAHBCD010000025.1	25944411	100000
hprc4_L100000_8608	HG00438.1	HG00438#1#JAHBCB010000020.1	23408084	100000
hprc4_L100000_8609	HG00621.1	HG00621#1#JAHBCD010000050.1	16465075	100000
hprc4_L100000_8610	HG00621.2	HG00621#2#JAHBCC010000074.1	2974217	100000
hprc4_L100000_8611	HG00438.1	HG00438#1#JAHBCB010000099.1	5261682	100000
hprc4_L100000_8612	HG00621.2	HG00621#2#JAHBCC010000040.1	15142931	100000
hprc4_L100000_8613	HG00438.1	HG00438#1#JAHBCB010000075.1	8398259	100000
hprc4_L100000_8614	HG00438.2	HG00438#2#JAHBCA010000008.1	71792852	100000
hprc4_L100000_8615	HG00621.1	HG00621#1#JAHBCD010000011.1	40496790	100000
hprc4_L100000_8616	HG00621.1	HG00621#1#JAHBCD010000013.1	24822731	100000
hprc4_L100000_8617	HG00621.1	HG00621#1#JAHBCD010000112.1	923347	100000
hprc4_L100000_8618	HG00621.2	HG00621#2#JAHBCC010000026.1	22108054	100000
hprc4_L100000_8619	HG00438.2	HG00438#2#JAHBCA010000020.1	18569710	100000
hprc4_L100000_8620	HG00438.1	HG00438#1#JAHBCB010000068.1	2672281	100000
hprc4_L100000_8621	HG00621.1	HG00621#1#JAHBCD010000021.1	45885537	100000
hprc4_L100000_8622	HG00438.2	HG00438#2#JAHBCA010000018.1	28823988	100000
hprc4_L100000_8623	HG00438.2	HG00438#2#JAHBCA010000046.1	2070659	100000
hprc4_L100000_8624	HG00438.1	HG00438#1#JAHBCB010000092.1	2665594	100000
hprc4_L100000_8625	HG00438.2	HG00438#2#JAHBCA010000030.1	626585	100000
hprc4_L100000_8626	HG00438.2	HG00438#2#JAHBCA010000089.1	9034882	100000
hprc4_L100000_8627	HG00621.2	HG00621#2#JAHBCC010000031.1	34106288	100000
hprc4_L100000_8628	HG00438.2	HG00438#2#JAHBCA010000008.1	73212513	100000
hprc4_L100000_8629	HG00438.2	HG00438#2#JAHBCA010000043.1	7285916	100000
hprc4_L100000_8630	HG00438.1	HG00438#1#JAHBCB010000110.1	3221529	100000
hprc4_L100000_8631	HG00438.1	HG00438#1#JAHBCB010000041.1	43634758	100000
hprc4_L100000_8632	HG00621.1	HG00621#1#JAHBCD010000046.1	9913297	100000
hprc4_L100000_8633	HG00621.2	HG00621#2#JAHBCC010000045.1	5719771	100000
hprc4_L100000_8634	HG00621.1	HG00621#1#JAHBCD010000065.1	8693009	100000
hprc4_L100000_8635	HG00438.1	HG00438#1#JAHBCB010000001.1	37942718	100000
hprc4_L100000_8636	HG00621.1	HG00621#1#JAHBCD010000014.1	23667389	100000
hprc4_L100000_8637	HG00621.2	HG00621#2#JAHBCC010000059.1	7077374	100000
hprc4_L100000_8638	HG00438.1	HG00438#1#JAHBCB010000065.1	6777434	100000
hprc4_L100000_8639	HG00438.1	HG00438#1#JAHBCB010000005.1	28414260	100000
hprc4_L100000_8640	HG00621.2	HG00621#2#JAHBCC010000022.1	15278018	100000
hprc4_L100000_8641	HG00621.2	HG00621#2#JAHBCC010000019.1	17572929	100000
hprc4_L100000_8642	HG00621.1	HG00621#1#JAHBCD010000032.1	21288199	100000
hprc4_L100000_8643	HG00438.2	HG00438#2#JAHBCA010000004.1	34589981	100000
hprc4_L100000_8644	HG00438.2	HG00438#2#JAHBCA010000012.1	5221145	100000
hprc4_L100000_8645	HG00621.2	HG00621#2#JAHBCC010000003.1	22752369	100000
hprc4_L100000_8646	HG00621.1	HG00621#1#JAHBCD010000015.1	13810606	100000
hprc4_L100000_8647	HG00621.2	HG00621#2#JAHBCC010000093.1	170771	100000
hprc4_L100000_8648	HG00438.1	HG00438#1#JAHBCB010000061.1	2650003	100000
hprc4_L100000_8649	HG00438.1	HG00438#1#JAHBCB010000063.1	11353829	100000
hprc4_L100000_8650	HG00621.2	HG00621#2#JAHBCC010000037.1	11953987	100000
hprc4_L100000_8651	HG00621.1	HG00621#1#JAHBCD010000032.1	30535391	100000
hprc4_L100000_8652	HG00438.2	HG00438#2#JAHBCA010000002.1	129118326	100000
hprc4_L100000_8653	HG00621.2	HG00621#2#JAHBCC010000087.1	10021664	100000
hprc4_L100000_8654	HG00621.1	HG00621#1#JAHBCD010000037.1	24909167	100000
hprc4_L100000_8655	HG00438.1	HG00438#1#JAHBCB010000037.1	26243562	100000
hprc4_L100000_8656	HG00621.2	HG00621#2#JAHBCC010000082.1	8585292	100000
hprc4_L100000_8657	HG00621.2	HG00621#2#JAHBCC010000065.1	17189079	100000
hprc4_L100000_8658	HG00621.2	HG00621#2#JAHBCC010000055.1	85247601	100000
hprc4_L100000_8659	HG00621.1	HG00621#1#JAHBCD010000055.1	23162680	100000
hprc4_L100000_8660	HG00438.1	HG00438#1#JAHBCB010000053.1	3069106	100000
hprc4_L100000_8661	HG00438.2	HG00438#2#JAHBCA010000032.1	45922707	100000
hprc4_L100000_8662	HG00621.1	HG00621#1#JAHBCD010000055.1	6466724	100000
hprc4_L100000_8663	HG00438.2	HG00438#2#JAHBCA010000063.1	10072560	100000
hprc4_L100000_8664	HG00438.1	HG00438#1#JAHBCB010000003.1	112819681	100000
hprc4_L100000_8665	HG00621.1	HG00621#1#JAHBCD010000006.1	2800387	100000
hprc4_L100000_8666	HG00621.2	HG00621#2#JAHBCC010000011.1	9029252	100000
hprc4_L100000_8667	HG00621.2	HG00621#2#JAHBCC010000017.1	26348645	100000
hprc4_L100000_8668	HG00621.1	HG00621#1#JAHBCD010000051.1	4514260	100000
hprc4_L100000_8669	HG00621.2	HG00621#2#JAHBCC010000022.1	36448637	100000
hprc4_L100000_8670	HG00438.1	HG00438#1#JAHBCB010000003.1	58217835	100000
hprc4_L100000_8671	HG00438.2	HG00438#2#JAHBCA010000019.1	16065353	100000
hprc4_L100000_8672	HG00438.2	HG00438#2#JAHBCA010000008.1	92839418	100000
hprc4_L100000_8673	HG00438.1	HG00438#1#JAHBCB010000044.1	34320178	100000
hprc4_L100000_8674	HG00438.2	HG00438#2#JAHBCA010000015.1	29884788	100000
hprc4_L100000_8675	HG00438.2	HG00438#2#JAHBCA010000032.1	14035254	100000
hprc4_L100000_8676	HG00438.2	HG00438#2#JAHBCA010000020.1	42192974	100000
hprc4_L100000_8677	HG00621.2	HG00621#2#JAHBCC010000084.1	15978176	100000
hprc4_L100000_8678	HG00621.2	HG00621#2#JAHBCC010000020.1	6752489	100000
hprc4_L100000_8679	HG00621.2	HG00621#2#JAHBCC010000053.1	2883189	100000
hprc4_L100000_8680	HG00621.2	HG00621#2#JAHBCC010000039.1	75625895	100000
hprc4_L100000_8681	HG00438.1	HG00438#1#JAHBCB010000016.1	13542452	100000
hprc4_L100000_8682	HG00438.2	HG00438#2#JAHBCA010000030.1	12212836	100000
hprc4_L100000_8683	HG00438.2	HG00438#2#JAHBCA010000072.1	3708597	100000
hprc4_L100000_8684	HG00621.1	HG00621#1#JAHBCD010000070.1	13261683	100000
hprc4_L100000_8685	HG00621.2	HG00621#2#JAHBCC010000028.1	34425657	100000
hprc4_L100000_8686	HG00621.2	HG00621#2#JAHBCC010000021.1	10090418	100000
hprc4_L100000_8687	HG00621.1	HG00621#1#JAHBCD010000034.1	52590221	100000
hprc4_L100000_8688	HG00438.1	HG00438#1#JAHBCB010000066.1	5727106	100000
hprc4_L100000_8689	HG00621.2	HG00621#2#JAHBCC010000022.1	19409702	100000
hprc4_L100000_8690	HG00621.2	HG00621#2#JAHBCC010000054.1	12819468	100000
hprc4_L100000_8691	HG00621.2	HG00621#2#JAHBCC010000006.1	7038745	100000
hprc4_L100000_8692	HG00438.2	HG00438#2#JAHBCA010000043.1	6586039	100000
hprc4_L100000_8693	HG00621.1	HG00621#1#JAHBCD010000035.1	24268614	100000
hprc4_L100000_8694	HG00438.2	HG00438#2#JAHBCA010000054.1	10925989	100000
hprc4_L100000_8695	HG00438.2	HG00438#2#JAHBCA010000058.1	8209090	100000
hprc4_L100000_8696	HG00621.1	HG00621#1#JAHBCD010000031.1	22549582	100000
hprc4_L100000_8697	HG00438.1	HG00438#1#JAHBCB010000097.1	2661009	100000
hprc4_L100000_8698	HG00621.2	HG00621#2#JAHBCC010000019.1	35037729	100000
hprc4_L100000_8699	HG00438.1	HG00438#1#JAHBCB010000084.1	9417201	100000
hprc4_L100000_8700	HG00621.2	HG00621#2#JAHBCC010000005.1	46664152	100000
hprc4_L100000_8701	HG00438.2	HG00438#2#JAHBCA010000021.1	6207117	100000
hprc4_L100000_8702	HG00621.2	HG00621#2#JAHBCC010000048.1	1314685	100000
hprc4_L100000_8703	HG00621.1	HG00621#1#JAHBCD010000022.1	63581116	100000
hprc4_L100000_8704	HG00621.1	HG00621#1#JAHBCD010000047.1	60346198	100000
hprc4_L100000_8705	HG00621.1	HG00621#1#JAHBCD010000010.1	69586919	100000
hprc4_L100000_8706	HG00438.2	HG00438#2#JAHBCA010000012.1	55705267	100000
hprc4_L100000_8707	HG00438.2	HG00438#2#JAHBCA010000010.1	64676398	100000
hprc4_L100000_8708	HG00438.1	HG00438#1#JAHBCB010000045.1	35802702	100000
hprc4_L100000_8709	HG00621.1	HG00621#1#JAHBCD010000125.1	1942689	100000
hprc4_L100000_8710	HG00438.1	HG00438#1#JAHBCB010000065.1	1852080	100000
hprc4_L100000_8711	HG00621.2	HG00621#2#JAHBCC010000014.1	15945059	100000
hprc4_L100000_8712	HG00621.1	HG00621#1#JAHBCD010000052.1	13395251	100000
hprc4_L100000_8713	HG00621.1	HG00621#1#JAHBCD010000022.1	70366773	100000
hprc4_L100000_8714	HG00621.1	HG00621#1#JAHBCD010000083.1	7624166	100000
hprc4_L100000_8715	HG00438.1	HG00438#1#JAHBCB010000008.1	63003981	100000
hprc4_L100000_8716	HG00438.2	HG00438#2#JAHBCA010000010.1	84015377	100000
hprc4_L100000_8717	HG00621.1	HG00621#1#JAHBCD010000047.1	89389559	100000
hprc4_L100000_8718	HG00438.1	HG00438#1#JAHBCB010000048.1	31887816	100000
hprc4_L100000_8719	HG00621.1	HG00621#1#JAHBCD010000007.1	18080809	100000
hprc4_L100000_8720	HG00621.2	HG00621#2#JAHBCC010000037.1	48051155	100000
hprc4_L100000_8721	HG00438.2	HG00438#2#JAHBCA010000053.1	22298010	100000
hprc4_L100000_8722	HG00438.1	HG00438#1#JAHBCB010000024.1	9203058	100000
hprc4_L100000_8723	HG00438.2	HG00438#2#JAHBCA010000003.1	34631448	100000
hprc4_L100000_8724	HG00438.2	HG00438#2#JAHBCA010000019.1	24804040	100000
hprc4_L100000_8725	HG00438.2	HG00438#2#JAHBCA010000103.1	9833863	100000
hprc4_L100000_8726	HG00438.1	HG00438#1#JAHBCB010000057.1	6231028	100000
hprc4_L100000_8727	HG00438.1	HG00438#1#JAHBCB010000004.1	45303143	100000
hprc4_L100000_8728	HG00621.2	HG00621#2#JAHBCC010000022.1	33687369	100000
hprc4_L100000_8729	HG00438.1	HG00438#1#JAHBCB010000031.1	20655203	100000
hprc4_L100000_8730	HG00438.2	HG00438#2#JAHBCA010000013.1	1453625	100000
hprc4_L100000_8731	HG00438.1	HG00438#1#JAHBCB010000065.1	21675550	100000
hprc4_L100000_8732	HG00438.2	HG00438#2#JAHBCA010000050.1	22779811	100000
hprc4_L100000_8733	HG00438.2	HG00438#2#JAHBCA010000035.1	53860686	100000
hprc4_L100000_8734	HG00621.2	HG00621#2#JAHBCC010000018.1	64171600	100000
hprc4_L100000_8735	HG00621.2	HG00621#2#JAHBCC010000020.1	53006778	100000
hprc4_L100000_8736	HG00621.1	HG00621#1#JAHBCD010000014.1	11692018	100000
hprc4_L100000_8737	HG00621.2	HG00621#2#JAHBCC010000031.1	33118512	100000
hprc4_L100000_8738	HG00438.1	HG00438#1#JAHBCB010000067.1	17545380	100000
hprc4_L100000_8739	HG00621.1	HG00621#1#JAHBCD010000019.1	36227050	100000
hprc4_L100000_8740	HG00621.2	HG00621#2#JAHBCC010000033.1	18373823	100000
hprc4_L100000_8741	HG00438.2	HG00438#2#JAHBCA010000010.1	62852327	100000
hprc4_L100000_8742	HG00438.1	HG00438#1#JAHBCB010000068.1	7741179	100000
hprc4_L100000_8743	HG00621.2	HG00621#2#JAHBCC010000006.1	137051184	100000
hprc4_L100000_8744	HG00438.1	HG00438#1#JAHBCB010000018.1	15743234	100000
hprc4_L100000_8745	HG00621.2	HG00621#2#JAHBCC010000056.1	8704089	100000
hprc4_L100000_8746	HG00621.2	HG00621#2#JAHBCC010000040.1	13832842	100000
hprc4_L100000_8747	HG00621.1	HG00621#1#JAHBCD010000029.1	39337382	100000
hprc4_L100000_8748	HG00621.1	HG00621#1#JAHBCD010000158.1	780206	100000
hprc4_L100000_8749	HG00438.1	HG00438#1#JAHBCB010000038.1	22482176	100000
hprc4_L100000_8750	HG00438.2	HG00438#2#JAHBCA010000084.1	11239786	100000
hprc4_L100000_8751	HG00438.1	HG00438#1#JAHBCB010000057.1	22519578	100000
hprc4_L100000_8752	HG00621.2	HG00621#2#JAHBCC010000075.1	5044679	100000
hprc4_L100000_8753	HG00438.2	HG00438#2#JAHBCA010000011.1	77655935	100000
hprc4_L100000_8754	HG00621.2	HG00621#2#JAHBCC010000024.1	79239995	100000
hprc4_L100000_8755	HG00621.1	HG00621#1#JAHBCD010000098.1	3821864	100000
hprc4_L100000_8756	HG00438.2	HG00438#2#JAHBCA010000024.1	26165072	100000
hprc4_L100000_8757	HG00621.2	HG00621#2#JAHBCC010000005.1	3511577	100000
hprc4_L100000_8758	HG00438.2	HG00438#2#JAHBCA010000053.1	18551473	100000
hprc4_L100000_8759	HG00621.2	HG00621#2#JAHBCC010000039.1	35712531	100000
hprc4_L100000_8760	HG00621.2	HG00621#2#JAHBCC010000060.1	42368223	100000
hprc4_L100000_8761	HG00438.2	HG00438#2#JAHBCA010000025.1	6652266	100000
hprc4_L100000_8762	HG00621.2	HG00621#2#JAHBCC010000029.1	5043659	100000
hprc4_L100000_8763	HG00621.2	HG00621#2#JAHBCC010000022.1	20354348	100000
hprc4_L100000_8764	HG00438.2	HG00438#2#JAHBCA010000083.1	2515310	100000
hprc4_L100000_8765	HG00621.1	HG00621#1#JAHBCD010000156.1	327971	100000
hprc4_L100000_8766	HG00438.2	HG00438#2#JAHBCA010000005.1	62682664	100000
hprc4_L100000_8767	HG00621.1	HG00621#1#JAHBCD010000017.1	32379555	100000
hprc4_L100000_8768	HG00621.2	HG00621#2#JAHBCC010000041.1	9035256	100000
hprc4_L100000_8769	HG00438.2	HG00438#2#JAHBCA010000031.1	10205465	100000
hprc4_L100000_8770	HG00438.1	HG00438#1#JAHBCB010000001.1	24332147	100000
hprc4_L100000_8771	HG00438.2	HG00438#2#JAHBCA010000046.1	87116913	100000
hprc4_L100000_8772	HG00621.1	HG00621#1#JAHBCD010000001.1	41791013	100000
hprc4_L100000_8773	HG00621.2	HG00621#2#JAHBCC010000006.1	86207192	100000
hprc4_L100000_8774	HG00621.2	HG00621#2#JAHBCC010000076.1	6491934	100000
hprc4_L100000_8775	HG00621.1	HG00621#1#JAHBCD010000048.1	944906	100000
hprc4_L100000_8776	HG00438.1	HG00438#1#JAHBCB010000008.1	78438929	100000
hprc4_L100000_8777	HG00438.1	HG00438#1#JAHBCB010000010.1	6537348	100000
hprc4_L100000_8778	HG00438.2	HG00438#2#JAHBCA010000035.1	46348554	100000
hprc4_L100000_8779	HG00438.2	HG00438#2#JAHBCA010000008.1	50613353	100000
hprc4_L100000_8780	HG00438.1	HG00438#1#JAHBCB010000018.1	11044820	100000
hprc4_L100000_8781	HG00438.1	HG00438#1#JAHBCB010000001.1	6490360	100000
hprc4_L100000_8782	HG00438.2	HG00438#2#JAHBCA010000050.1	11685345	100000
hprc4_L100000_8783	HG00438.2	HG00438#2#JAHBCA010000046.1	82288167	100000
hprc4_L100000_8784	HG00621.1	HG00621#1#JAHBCD010000047.1	63058619	100000
hprc4_L100000_8785	HG00438.2	HG00438#2#JAHBCA010000100.1	977770	100000
hprc4_L100000_8786	HG00621.1	HG00621#1#JAHBCD010000022.1	73848688	100000
hprc4_L100000_8787	HG00438.2	HG00438#2#JAHBCA010000070.1	11831363	100000
hprc4_L100000_8788	HG00438.2	HG00438#2#JAHBCA010000019.1	1700952	100000
hprc4_L100000_8789	HG00438.2	HG00438#2#JAHBCA010000023.1	27381218	100000
hprc4_L100000_8790	HG00621.2	HG00621#2#JAHBCC010000055.1	18092644	100000
hprc4_L100000_8791	HG00438.2	HG00438#2#JAHBCA010000076.1	6251624	100000
hprc4_L100000_8792	HG00438.1	HG00438#1#JAHBCB010000092.1	764700	100000
hprc4_L100000_8793	HG00621.2	HG00621#2#JAHBCC010000039.1	2838990	100000
hprc4_L100000_8794	HG00438.1	HG00438#1#JAHBCB010000085.1	27835620	100000
hprc4_L100000_8795	HG00621.1	HG00621#1#JAHBCD010000031.1	13279541	100000
hprc4_L100000_8796	HG00438.2	HG00438#2#JAHBCA010000057.1	67062	100000
hprc4_L100000_8797	HG00438.1	HG00438#1#JAHBCB010000045.1	26177511	100000
hprc4_L100000_8798	HG00621.1	HG00621#1#JAHBCD010000124.1	3425570	100000
hprc4_L100000_8799	HG00621.2	HG00621#2#JAHBCC010000024.1	41936228	100000
hprc4_L100000_8800	HG00438.1	HG00438#1#JAHBCB010000037.1	78025122	100000
hprc4_L100000_8801	HG00438.2	HG00438#2#JAHBCA010000012.1	45809475	100000
hprc4_L100000_8802	HG00621.1	HG00621#1#JAHBCD010000081.1	6135285	100000
hprc4_L100000_8803	HG00621.2	HG00621#2#JAHBCC010000034.1	50984755	100000
hprc4_L100000_8804	HG00438.1	HG00438#1#JAHBCB010000003.1	106160089	100000
hprc4_L100000_8805	HG00621.2	HG00621#2#JAHBCC010000024.1	10438004	100000
hprc4_L100000_8806	HG00621.2	HG00621#2#JAHBCC010000041.1	21468244	100000
hprc4_L100000_8807	HG00438.1	HG00438#1#JAHBCB010000037.1	64343229	100000
hprc4_L100000_8808	HG00438.1	HG00438#1#JAHBCB010000013.1	13832699	100000
hprc4_L100000_8809	HG00621.2	HG00621#2#JAHBCC010000019.1	25143956	100000
hprc4_L100000_8810	HG00621.1	HG00621#1#JAHBCD010000092.1	9117935	100000
hprc4_L100000_8811	HG00438.1	HG00438#1#JAHBCB010000077.1	5465011	100000
hprc4_L100000_8812	HG00621.1	HG00621#1#JAHBCD010000047.1	62323207	100000
hprc4_L100000_8813	HG00621.2	HG00621#2#JAHBCC010000039.1	30683443	100000
hprc4_L100000_8814	HG00621.2	HG00621#2#JAHBCC010000014.1	62252575	100000
hprc4_L100000_8815	HG00621.2	HG00621#2#JAHBCC010000018.1	17613761	100000
hprc4_L100000_8816	HG00621.1	HG00621#1#JAHBCD010000035.1	651792	100000
hprc4_L100000_8817	HG00621.2	HG00621#2#JAHBCC010000004.1	16581222	100000
hprc4_L100000_8818	HG00438.2	HG00438#2#JAHBCA010000045.1	28827690	100000
hprc4_L100000_8819	HG00438.1	HG00438#1#JAHBCB010000008.1	53551110	100000
hprc4_L100000_8820	HG00438.2	HG00438#2#JAHBCA010000001.1	31840506	100000
hprc4_L100000_8821	HG00438.1	HG00438#1#JAHBCB010000025.1	11779331	100000
hprc4_L100000_8822	HG00621.1	HG00621#1#JAHBCD010000021.1	38530191	100000
hprc4_L100000_8823	HG00438.1	HG00438#1#JAHBCB010000014.1	5102573	100000
hprc4_L100000_8824	HG00621.2	HG00621#2#JAHBCC010000020.1	54660434	100000
hprc4_L100000_8825	HG00438.2	HG00438#2#JAHBCA010000004.1	72029235	100000
hprc4_L100000_8826	HG00438.2	HG00438#2#JAHBCA010000035.1	68159351	100000
hprc4_L100000_8827	HG00621.2	HG00621#2#JAHBCC010000021.1	3215272	100000
hprc4_L100000_8828	HG00438.1	HG00438#1#JAHBCB010000075.1	14908551	100000
hprc4_L100000_8829	HG00621.1	HG00621#1#JAHBCD010000009.1	22680482	100000
hprc4_L100000_8830	HG00621.2	HG00621#2#JAHBCC010000022.1	61032842	100000
hprc4_L100000_8831	HG00438.1	HG00438#1#JAHBCB010000057.1	26125321	100000
hprc4_L100000_8832	HG00621.1	HG00621#1#JAHBCD010000019.1	7986556	100000
hprc4_L100000_8833	HG00438.2	HG00438#2#JAHBCA010000022.1	15360752	100000
hprc4_L100000_8834	HG00621.1	HG00621#1#JAHBCD010000029.1	30101285	100000
hprc4_L100000_8835	HG00438.1	HG00438#1#JAHBCB010000112.1	515337	100000
hprc4_L100000_8836	HG00621.1	HG00621#1#JAHBCD010000032.1	1529679	100000
hprc4_L100000_8837	HG00438.2	HG00438#2#JAHBCA010000010.1	75773547	100000
hprc4_L100000_8838	HG00438.1	HG00438#1#JAHBCB010000045.1	11715781	100000
hprc4_L100000_8839	HG00621.2	HG00621#2#JAHBCC010000020.1	23607252	100000
hprc4_L100000_8840	HG00621.2	HG00621#2#JAHBCC010000039.1	37277836	100000
hprc4_L100000_8841	HG00621.2	HG00621#2#JAHBCC010000033.1	63787455	100000
hprc4_L100000_8842	HG00438.2	HG00438#2#JAHBCA010000010.1	80472148	100000
hprc4_L100000_8843	HG00438.1	HG00438#1#JAHBCB010000055.1	12424469	100000
hprc4_L100000_8844	HG00621.2	HG00621#2#JAHBCC010000020.1	68144753	100000
hprc4_L100000_8845	HG00621.2	HG00621#2#JAHBCC010000070.1	18410457	100000
hprc4_L100000_8846	HG00438.2	HG00438#2#JAHBCA010000046.1	66950110	100000
hprc4_L100000_8847	HG00621.1	HG00621#1#JAHBCD010000081.1	13593068	100000
hprc4_L100000_8848	HG00438.1	HG00438#1#JAHBCB010000053.1	3351699	100000
hprc4_L100000_8849	HG00621.1	HG00621#1#JAHBCD010000048.1	32183019	100000
hprc4_L100000_8850	HG00621.1	HG00621#1#JAHBCD010000098.1	8293895	100000
hprc4_L100000_8851	HG00438.1	HG00438#1#JAHBCB010000003.1	14755075	100000
hprc4_L100000_8852	HG00621.2	HG00621#2#JAHBCC010000031.1	137506	100000
hprc4_L100000_8853	HG00438.2	HG00438#2#JAHBCA010000030.1	1715242	100000
hprc4_L100000_8854	HG00438.1	HG00438#1#JAHBCB010000003.1	38929209	100000
hprc4_L100000_8855	HG00621.2	HG00621#2#JAHBCC010000019.1	2202476	100000
hprc4_L100000_8856	HG00621.2	HG00621#2#JAHBCC010000066.1	26144361	100000
hprc4_L100000_8857	HG00621.2	HG00621#2#JAHBCC010000005.1	1601341	100000
hprc4_L100000_8858	HG00438.2	HG00438#2#JAHBCA010000035.1	59474920	100000
hprc4_L100000_8859	HG00438.1	HG00438#1#JAHBCB010000053.1	956478	100000
hprc4_L100000_8860	HG00621.2	HG00621#2#JAHBCC010000018.1	75051324	100000
hprc4_L100000_8861	HG00438.1	HG00438#1#JAHBCB010000052.1	4585267	100000
hprc4_L100000_8862	HG00621.1	HG00621#1#JAHBCD010000017.1	39833199	100000
hprc4_L100000_8863	HG00438.1	HG00438#1#JAHBCB010000075.1	17140774	100000
hprc4_L100000_8864	HG00621.1	HG00621#1#JAHBCD010000048.1	11599988	100000
hprc4_L100000_8865	HG00438.1	HG00438#1#JAHBCB010000068.1	526862	100000
hprc4_L100000_8866	HG00438.1	HG00438#1#JAHBCB010000033.1	22802127	100000
hprc4_L100000_8867	HG00438.2	HG00438#2#JAHBCA010000016.1	61169524	100000
hprc4_L100000_8868	HG00438.2	HG00438#2#JAHBCA010000057.1	4143651	100000
hprc4_L100000_8869	HG00621.1	HG00621#1#JAHBCD010000034.1	47166617	100000
hprc4_L100000_8870	HG00621.2	HG00621#2#JAHBCC010000017.1	29026927	100000
hprc4_L100000_8871	HG00438.2	HG00438#2#JAHBCA010000016.1	27485600	100000
hprc4_L100000_8872	HG00438.1	HG00438#1#JAHBCB010000008.1	65966967	100000
hprc4_L100000_8873	HG00621.2	HG00621#2#JAHBCC010000051.1	3595951	100000
hprc4_L100000_8874	HG00621.1	HG00621#1#JAHBCD010000002.1	63944617	100000
hprc4_L100000_8875	HG00621.2	HG00621#2#JAHBCC010000009.1	5288095	100000
hprc4_L100000_8876	HG00438.2	HG00438#2#JAHBCA010000010.1	80388155	100000
hprc4_L100000_8877	HG00621.2	HG00621#2#JAHBCC010000034.1	25467676	100000
hprc4_L100000_8878	HG00438.1	HG00438#1#JAHBCB010000010.1	25699926	100000
hprc4_L100000_8879	HG00621.2	HG00621#2#JAHBCC010000012.1	1596404	100000
hprc4_L100000_8880	HG00438.2	HG00438#2#JAHBCA010000087.1	4742508	100000
hprc4_L100000_8881	HG00438.2	HG00438#2#JAHBCA010000056.1	8929087	100000
hprc4_L100000_8882	HG00438.1	HG00438#1#JAHBCB010000045.1	62398168	100000
hprc4_L100000_8883	HG00438.1	HG00438#1#JAHBCB010000074.1	5922658	100000
hprc4_L100000_8884	HG00621.2	HG00621#2#JAHBCC010000022.1	44676118	100000
hprc4_L100000_8885	HG00438.2	HG00438#2#JAHBCA010000046.1	17031073	100000
hprc4_L100000_8886	HG00621.2	HG00621#2#JAHBCC010000006.1	93244653	100000
hprc4_L100000_8887	HG00438.2	HG00438#2#JAHBCA010000070.1	9033920	100000
hprc4_L100000_8888	HG00621.2	HG00621#2#JAHBCC010000076.1	24859165	100000
hprc4_L100000_8889	HG00438.2	HG00438#2#JAHBCA010000019.1	27465935	100000
hprc4_L100000_8890	HG00438.1	HG00438#1#JAHBCB010000032.1	22510302	100000
hprc4_L100000_8891	HG00438.1	HG00438#1#JAHBCB010000012.1	6427190	100000
hprc4_L100000_8892	HG00621.2	HG00621#2#JAHBCC010000015.1	21973960	100000
hprc4_L100000_8893	HG00621.1	HG00621#1#JAHBCD010000050.1	10929713	100000
hprc4_L100000_8894	HG00438.2	HG00438#2#JAHBCA010000045.1	23765440	100000
hprc4_L100000_8895	HG00621.1	HG00621#1#JAHBCD010000009.1	81724056	100000
hprc4_L100000_8896	HG00438.2	HG00438#2#JAHBCA010000040.1	26787898	100000
hprc4_L100000_8897	HG00438.1	HG00438#1#JAHBCB010000036.1	6669786	100000
hprc4_L100000_8898	HG00621.1	HG00621#1#JAHBCD010000024.1	50956463	100000
hprc4_L100000_8899	HG00438.2	HG00438#2#JAHBCA010000033.1	20341768	100000
hprc4_L100000_8900	HG00621.1	HG00621#1#JAHBCD010000029.1	34818851	100000
hprc4_L100000_8901	HG00438.1	HG00438#1#JAHBCB010000032.1	28373491	100000
hprc4_L100000_8902	HG00621.2	HG00621#2#JAHBCC010000055.1	54486629	100000
hprc4_L100000_8903	HG00438.2	HG00438#2#JAHBCA010000113.1	1116116	100000
hprc4_L100000_8904	HG00438.1	HG00438#1#JAHBCB010000033.1	15220754	100000
hprc4_L100000_8905	HG00621.2	HG00621#2#JAHBCC010000024.1	29254125	100000
hprc4_L100000_8906	HG00621.2	HG00621#2#JAHBCC010000036.1	40302556	100000
hprc4_L100000_8907	HG00438.2	HG00438#2#JAHBCA010000070.1	5291954	100000
hprc4_L100000_8908	HG00438.1	HG00438#1#JAHBCB010000006.1	28398516	100000
hprc4_L100000_8909	HG00438.1	HG00438#1#JAHBCB010000049.1	808096	100000
hprc4_L100000_8910	HG00621.1	HG00621#1#JAHBCD010000017.1	37389237	100000
hprc4_L100000_8911	HG00621.2	HG00621#2#JAHBCC010000007.1	40650045	100000
hprc4_L100000_8912	HG00621.1	HG00621#1#JAHBCD010000034.1	47662679	100000
hprc4_L100000_8913	HG00621.2	HG00621#2#JAHBCC010000015.1	591825	100000
hprc4_L100000_8914	HG00438.1	HG00438#1#JAHBCB010000048.1	20709631	100000
hprc4_L100000_8915	HG00438.1	HG00438#1#JAHBCB010000024.1	62008070	100000
hprc4_L100000_8916	HG00438.2	HG00438#2#JAHBCA010000015.1	3755820	100000
hprc4_L100000_8917	HG00621.2	HG00621#2#JAHBCC010000014.1	33502034	100000
hprc4_L100000_8918	HG00438.1	HG00438#1#JAHBCB010000024.1	53584038	100000
hprc4_L100000_8919	HG00621.2	HG00621#2#JAHBCC010000014.1	61083381	100000
hprc4_L100000_8920	HG00621.1	HG00621#1#JAHBCD010000048.1	8204688	100000
hprc4_L100000_8921	HG00621.2	HG00621#2#JAHBCC010000033.1	10509041	100000
hprc4_L100000_8922	HG00438.1	HG00438#1#JAHBCB010000063.1	1515114	100000
hprc4_L100000_8923	HG00621.1	HG00621#1#JAHBCD010000009.1	12977802	100000
hprc4_L100000_8924	HG00621.2	HG00621#2#JAHBCC010000018.1	71796575	100000
hprc4_L100000_8925	HG00621.1	HG00621#1#JAHBCD010000010.1	91672839	100000
hprc4_L100000_8926	HG00438.1	HG00438#1#JAHBCB010000015.1	57399161	100000
hprc4_L100000_8927	HG00438.1	HG00438#1#JAHBCB010000008.1	46500057	100000
hprc4_L100000_8928	HG00621.1	HG00621#1#JAHBCD010000014.1	18921986	100000
hprc4_L100000_8929	HG00438.1	HG00438#1#JAHBCB010000017.1	22612342	100000
hprc4_L100000_8930	HG00438.2	HG00438#2#JAHBCA010000046.1	23707038	100000
hprc4_L100000_8931	HG00621.1	HG00621#1#JAHBCD010000084.1	2903555	100000
hprc4_L100000_8932	HG00621.1	HG00621#1#JAHBCD010000002.1	91909398	100000
hprc4_L100000_8933	HG00621.2	HG00621#2#JAHBCC010000070.1	6346158	100000
hprc4_L100000_8934	HG00621.1	HG00621#1#JAHBCD010000060.1	6940049	100000
hprc4_L100000_8935	HG00621.2	HG00621#2#JAHBCC010000034.1	379827	100000
hprc4_L100000_8936	HG00621.2	HG00621#2#JAHBCC010000005.1	4558002	100000
hprc4_L100000_8937	HG00621.2	HG00621#2#JAHBCC010000066.1	58954671	100000
hprc4_L100000_8938	HG00438.1	HG00438#1#JAHBCB010000004.1	57782970	100000
hprc4_L100000_8939	HG00438.2	HG00438#2#JAHBCA010000094.1	3116270	100000
hprc4_L100000_8940	HG00438.1	HG00438#1#JAHBCB010000041.1	25519673	100000
hprc4_L100000_8941	HG00621.2	HG00621#2#JAHBCC010000024.1	30829524	100000
hprc4_L100000_8942	HG00438.2	HG00438#2#JAHBCA010000071.1	13118102	100000
hprc4_L100000_8943	HG00621.1	HG00621#1#JAHBCD010000106.1	755116	100000
hprc4_L100000_8944	HG00438.1	HG00438#1#JAHBCB010000032.1	44644203	100000
hprc4_L100000_8945	HG00438.2	HG00438#2#JAHBCA010000050.1	10105416	100000
hprc4_L100000_8946	HG00438.1	HG00438#1#JAHBCB010000006.1	37619403	100000
hprc4_L100000_8947	HG00621.2	HG00621#2#JAHBCC010000067.1	26595	100000
hprc4_L100000_8948	HG00438.2	HG00438#2#JAHBCA010000022.1	20406144	100000
hprc4_L100000_8949	HG00621.2	HG00621#2#JAHBCC010000051.1	42262504	100000
hprc4_L100000_8950	HG00621.1	HG00621#1#JAHBCD010000047.1	1543185	100000
hprc4_L100000_8951	HG00438.2	HG00438#2#JAHBCA010000046.1	59047320	100000
hprc4_L100000_8952	HG00438.2	HG00438#2#JAHBCA010000035.1	62335835	100000
hprc4_L100000_8953	HG00438.1	HG00438#1#JAHBCB010000036.1	6006834	100000
hprc4_L100000_8954	HG00621.1	HG00621#1#JAHBCD010000030.1	12540506	100000
hprc4_L100000_8955	HG00438.2	HG00438#2#JAHBCA010000018.1	1802492	100000
hprc4_L100000_8956	HG00438.1	HG00438#1#JAHBCB010000018.1	7261982	100000
hprc4_L100000_8957	HG00621.2	HG00621#2#JAHBCC010000028.1	48572031	100000
hprc4_L100000_8958	HG00621.2	HG00621#2#JAHBCC010000075.1	4593350	100000
hprc4_L100000_8959	HG00438.1	HG00438#1#JAHBCB010000018.1	24910084	100000
hprc4_L100000_8960	HG00438.2	HG00438#2#JAHBCA010000094.1	7989311	100000
hprc4_L100000_8961	HG00438.1	HG00438#1#JAHBCB010000040.1	1466400	100000
hprc4_L100000_8962	HG00621.2	HG00621#2#JAHBCC010000073.1	5350783	100000
hprc4_L100000_8963	HG00621.1	HG00621#1#JAHBCD010000031.1	28791580	100000
hprc4_L100000_8964	HG00621.2	HG00621#2#JAHBCC010000039.1	43036685	100000
hprc4_L100000_8965	HG00438.1	HG00438#1#JAHBCB010000031.1	23263941	100000
hprc4_L100000_8966	HG00621.1	HG00621#1#JAHBCD010000022.1	75719390	100000
hprc4_L100000_8967	HG00621.1	HG00621#1#JAHBCD010000099.1	236559	100000
hprc4_L100000_8968	HG00621.1	HG00621#1#JAHBCD010000082.1	13786152	100000
hprc4_L100000_8969	HG00438.2	HG00438#2#JAHBCA010000053.1	31647077	100000
hprc4_L100000_8970	HG00438.1	HG00438#1#JAHBCB010000004.1	12347847	100000
hprc4_L100000_8971	HG00621.1	HG00621#1#JAHBCD010000047.1	61367002	100000
hprc4_L100000_8972	HG00438.1	HG00438#1#JAHBCB010000011.1	56447918	100000
hprc4_L100000_8973	HG00621.2	HG00621#2#JAHBCC010000017.1	13065274	100000
hprc4_L100000_8974	HG00438.1	HG00438#1#JAHBCB010000003.1	97163365	100000
hprc4_L100000_8975	HG00438.1	HG00438#1#JAHBCB010000003.1	97336423	100000
hprc4_L100000_8976	HG00438.2	HG00438#2#JAHBCA010000017.1	31976481	100000
hprc4_L100000_8977	HG00621.1	HG00621#1#JAHBCD010000047.1	77489564	100000
hprc4_L100000_8978	HG00621.2	HG00621#2#JAHBCC010000076.1	5391884	100000
hprc4_L100000_8979	HG00438.1	HG00438#1#JAHBCB010000057.1	42312318	100000
hprc4_L100000_8980	HG00621.1	HG00621#1#JAHBCD010000008.1	38551188	100000
hprc4_L100000_8981	HG00621.1	HG00621#1#JAHBCD010000001.1	21598160	100000
hprc4_L100000_8982	HG00621.2	HG00621#2#JAHBCC010000014.1	59485027	100000
hprc4_L100000_8983	HG00438.1	HG00438#1#JAHBCB010000019.1	58420581	100000
hprc4_L100000_8984	HG00438.1	HG00438#1#JAHBCB010000027.1	9051464	100000
hprc4_L100000_8985	HG00621.2	HG00621#2#JAHBCC010000037.1	36676836	100000
hprc4_L100000_8986	HG00438.1	HG00438#1#JAHBCB010000018.1	29656442	100000
hprc4_L100000_8987	HG00438.1	HG00438#1#JAHBCB010000057.1	1702131	100000
hprc4_L100000_8988	HG00621.1	HG00621#1#JAHBCD010000025.1	5156301	100000
hprc4_L100000_8989	HG00621.2	HG00621#2#JAHBCC010000032.1	12197916	100000
hprc4_L100000_8990	HG00621.2	HG00621#2#JAHBCC010000008.1	39947190	100000
hprc4_L100000_8991	HG00438.1	HG00438#1#JAHBCB010000006.1	56387477	100000
hprc4_L100000_8992	HG00621.1	HG00621#1#JAHBCD010000037.1	38573257	100000
hprc4_L100000_8993	HG00621.2	HG00621#2#JAHBCC010000055.1	60905962	100000
hprc4_L100000_8994	HG00438.2	HG00438#2#JAHBCA010000003.1	5701146	100000
hprc4_L100000_8995	HG00621.2	HG00621#2#JAHBCC010000024.1	79326120	100000
hprc4_L100000_8996	HG00621.2	HG00621#2#JAHBCC010000004.1	9176222	100000
hprc4_L100000_8997	HG00438.1	HG00438#1#JAHBCB010000020.1	26387680	100000
hprc4_L100000_8998	HG00621.2	HG00621#2#JAHBCC010000039.1	47272068	100000
hprc4_L100000_8999	HG00438.1	HG00438#1#JAHBCB010000045.1	33554694	100000
hprc4_L100000_9000	HG00621.1	HG00621#1#JAHBCD010000052.1	38005106	100000
hprc4_L100000_9001	HG00438.1	HG00438#1#JAHBCB010000036.1	17749881	100000
hprc4_L100000_9002	HG00621.2	HG00621#2#JAHBCC010000054.1	5013006	100000
hprc4_L100000_9003	HG00438.1	HG00438#1#JAHBCB010000018.1	34248289	100000
hprc4_L100000_9004	HG00438.1	HG00438#1#JAHBCB010000057.1	28893124	100000
hprc4_L100000_9005	HG00438.1	HG00438#1#JAHBCB010000046.1	10327287	100000
hprc4_L100000_9006	HG00621.2	HG00621#2#JAHBCC010000026.1	31231512	100000
hprc4_L100000_9007	HG00438.2	HG00438#2#JAHBCA010000081.1	7236464	100000
hprc4_L100000_9008	HG00438.1	HG00438#1#JAHBCB010000073.1	1866058	100000
hprc4_L100000_9009	HG00438.2	HG00438#2#JAHBCA010000002.1	72179596	100000
hprc4_L100000_9010	HG00621.1	HG00621#1#JAHBCD010000033.1	32827945	100000
hprc4_L100000_9011	HG00621.2	HG00621#2#JAHBCC010000018.1	46030599	100000
hprc4_L100000_9012	HG00621.2	HG00621#2#JAHBCC010000072.1	1682556	100000
hprc4_L100000_9013	HG00621.1	HG00621#1#JAHBCD010000115.1	50180	100000
hprc4_L100000_9014	HG00621.1	HG00621#1#JAHBCD010000055.1	20992778	100000
hprc4_L100000_9015	HG00438.1	HG00438#1#JAHBCB010000038.1	13753042	100000
hprc4_L100000_9016	HG00438.2	HG00438#2#JAHBCA010000008.1	78570861	100000
hprc4_L100000_9017	HG00621.2	HG00621#2#JAHBCC010000033.1	42450947	100000
hprc4_L100000_9018	HG00621.2	HG00621#2#JAHBCC010000061.1	4540160	100000
hprc4_L100000_9019	HG00621.2	HG00621#2#JAHBCC010000041.1	796314	100000
hprc4_L100000_9020	HG00621.2	HG00621#2#JAHBCC010000070.1	435895	100000
hprc4_L100000_9021	HG00621.2	HG00621#2#JAHBCC010000060.1	41069647	100000
hprc4_L100000_9022	HG00438.1	HG00438#1#JAHBCB010000057.1	38875296	100000
hprc4_L100000_9023	HG00621.2	HG00621#2#JAHBCC010000009.1	25505737	100000
hprc4_L100000_9024	HG00621.2	HG00621#2#JAHBCC010000019.1	19419584	100000
hprc4_L100000_9025	HG00621.2	HG00621#2#JAHBCC010000114.1	520545	100000
hprc4_L100000_9026	HG00438.2	HG00438#2#JAHBCA010000127.1	497819	100000
hprc4_L100000_9027	HG00621.1	HG00621#1#JAHBCD010000026.1	22801197	100000
hprc4_L100000_9028	HG00438.1	HG00438#1#JAHBCB010000015.1	20028522	100000
hprc4_L100000_9029	HG00438.2	HG00438#2#JAHBCA010000004.1	42474832	100000
hprc4_L100000_9030	HG00438.1	HG00438#1#JAHBCB010000016.1	16316371	100000
hprc4_L100000_9031	HG00621.2	HG00621#2#JAHBCC010000033.1	51912905	100000
hprc4_L100000_9032	HG00621.2	HG00621#2#JAHBCC010000024.1	51186160	100000
hprc4_L100000_9033	HG00438.1	HG00438#1#JAHBCB010000022.1	11606962	100000
hprc4_L100000_9034	HG00438.2	HG00438#2#JAHBCA010000065.1	2669946	100000
hprc4_L100000_9035	HG00438.1	HG00438#1#JAHBCB010000018.1	125749824	100000
hprc4_L100000_9036	HG00621.1	HG00621#1#JAHBCD010000017.1	3485088	100000
hprc4_L100000_9037	HG00621.1	HG00621#1#JAHBCD010000044.1	7173576	100000
hprc4_L100000_9038	HG00438.1	HG00438#1#JAHBCB010000027.1	17576015	100000
hprc4_L100000_9039	HG00621.2	HG00621#2#JAHBCC010000019.1	45366660	100000
hprc4_L100000_9040	HG00621.1	HG00621#1#JAHBCD010000063.1	27712410	100000
hprc4_L100000_9041	HG00621.2	HG00621#2#JAHBCC010000066.1	28966594	100000
hprc4_L100000_9042	HG00438.2	HG00438#2#JAHBCA010000010.1	75006908	100000
hprc4_L100000_9043	HG00621.1	HG00621#1#JAHBCD010000014.1	51192275	100000
hprc4_L100000_9044	HG00438.2	HG00438#2#JAHBCA010000012.1	55690472	100000
hprc4_L100000_9045	HG00438.2	HG00438#2#JAHBCA010000006.1	9028967	100000
hprc4_L100000_9046	HG00438.1	HG00438#1#JAHBCB010000076.1	4446726	100000
hprc4_L100000_9047	HG00621.2	HG00621#2#JAHBCC010000034.1	28367966	100000
hprc4_L100000_9048	HG00621.2	HG00621#2#JAHBCC010000056.1	26955901	100000
hprc4_L100000_9049	HG00621.2	HG00621#2#JAHBCC010000087.1	19691564	100000
hprc4_L100000_9050	HG00438.1	HG00438#1#JAHBCB010000076.1	1656650	100000
hprc4_L100000_9051	HG00438.1	HG00438#1#JAHBCB010000014.1	20825797	100000
hprc4_L100000_9052	HG00438.2	HG00438#2#JAHBCA010000001.1	16589537	100000
hprc4_L100000_9053	HG00438.1	HG00438#1#JAHBCB010000016.1	67785614	100000
hprc4_L100000_9054	HG00438.2	HG00438#2#JAHBCA010000018.1	29637291	100000
hprc4_L100000_9055	HG00438.2	HG00438#2#JAHBCA010000052.1	49499775	100000
hprc4_L100000_9056	HG00438.2	HG00438#2#JAHBCA010000068.1	346347	100000
hprc4_L100000_9057	HG00621.1	HG00621#1#JAHBCD010000031.1	45766697	100000
hprc4_L100000_9058	HG00438.1	HG00438#1#JAHBCB010000001.1	20263355	100000
hprc4_L100000_9059	HG00621.1	HG00621#1#JAHBCD010000069.1	3127363	100000
hprc4_L100000_9060	HG00621.2	HG00621#2#JAHBCC010000041.1	21812171	100000
hprc4_L100000_9061	HG00438.2	HG00438#2#JAHBCA010000002.1	57901294	100000
hprc4_L100000_9062	HG00438.2	HG00438#2#JAHBCA010000001.1	17349566	100000
hprc4_L100000_9063	HG00438.2	HG00438#2#JAHBCA010000026.1	3690766	100000
hprc4_L100000_9064	HG00621.2	HG00621#2#JAHBCC010000060.1	23474654	100000
hprc4_L100000_9065	HG00438.2	HG00438#2#JAHBCA010000035.1	23017380	100000
hprc4_L100000_9066	HG00438.1	HG00438#1#JAHBCB010000062.1	13165841	100000
hprc4_L100000_9067	HG00621.1	HG00621#1#JAHBCD010000072.1	2384578	100000
hprc4_L100000_9068	HG00621.2	HG00621#2#JAHBCC010000072.1	30802615	100000
hprc4_L100000_9069	HG00621.2	HG00621#2#JAHBCC010000028.1	75270213	100000
hprc4_L100000_9070	HG00621.1	HG00621#1#JAHBCD010000002.1	3740961	100000
hprc4_L100000_9071	HG00621.2	HG00621#2#JAHBCC010000026.1	10179147	100000
hprc4_L100000_9072	HG00438.2	HG00438#2#JAHBCA010000142.1	1791309	100000
hprc4_L100000_9073	HG00438.2	HG00438#2#JAHBCA010000001.1	32720342	100000
hprc4_L100000_9074	HG00438.2	HG00438#2#JAHBCA010000055.1	9835658	100000
hprc4_L100000_9075	HG00438.2	HG00438#2#JAHBCA010000017.1	1919755	100000
hprc4_L100000_9076	HG00621.2	HG00621#2#JAHBCC010000048.1	16615585	100000
hprc4_L100000_9077	HG00438.1	HG00438#1#JAHBCB010000009.1	11897565	100000
hprc4_L100000_9078	HG00621.2	HG00621#2#JAHBCC010000031.1	12264524	100000
hprc4_L100000_9079	HG00621.1	HG00621#1#JAHBCD010000033.1	16067170	100000
hprc4_L100000_9080	HG00438.1	HG00438#1#JAHBCB010000069.1	3170482	100000
hprc4_L100000_9081	HG00621.1	HG00621#1#JAHBCD010000034.1	20535297	100000
hprc4_L100000_9082	HG00621.2	HG00621#2#JAHBCC010000013.1	18101613	100000
hprc4_L100000_9083	HG00438.1	HG00438#1#JAHBCB010000102.1	2044120	100000
hprc4_L100000_9084	HG00438.2	HG00438#2#JAHBCA010000016.1	69230384	100000
hprc4_L100000_9085	HG00621.1	HG00621#1#JAHBCD010000082.1	22165069	100000
hprc4_L100000_9086	HG00438.1	HG00438#1#JAHBCB010000077.1	1545357	100000
hprc4_L100000_9087	HG00438.1	HG00438#1#JAHBCB010000015.1	53208687	100000
hprc4_L100000_9088	HG00438.2	HG00438#2#JAHBCA010000003.1	72040340	100000
hprc4_L100000_9089	HG00438.1	HG00438#1#JAHBCB010000033.1	23200293	100000
hprc4_L100000_9090	HG00621.1	HG00621#1#JAHBCD010000001.1	83751633	100000
hprc4_L100000_9091	HG00438.1	HG00438#1#JAHBCB010000005.1	14133315	100000
hprc4_L100000_9092	HG00621.2	HG00621#2#JAHBCC010000065.1	16514345	100000
hprc4_L100000_9093	HG00621.2	HG00621#2#JAHBCC010000048.1	15179384	100000
hprc4_L100000_9094	HG00438.2	HG00438#2#JAHBCA010000069.1	5741570	100000
hprc4_L100000_9095	HG00621.2	HG00621#2#JAHBCC010000055.1	17711136	100000
hprc4_L100000_9096	HG00438.1	HG00438#1#JAHBCB010000005.1	38786297	100000
hprc4_L100000_9097	HG00438.1	HG00438#1#JAHBCB010000015.1	35202674	100000
hprc4_L100000_9098	HG00621.2	HG00621#2#JAHBCC010000053.1	25684859	100000
hprc4_L100000_9099	HG00438.1	HG00438#1#JAHBCB010000003.1	2345019	100000
hprc4_L100000_9100	HG00438.1	HG00438#1#JAHBCB010000067.1	6617200	100000
hprc4_L100000_9101	HG00621.1	HG00621#1#JAHBCD010000005.1	58298261	100000
hprc4_L100000_9102	HG00621.1	HG00621#1#JAHBCD010000024.1	83144630	100000
hprc4_L100000_9103	HG00621.2	HG00621#2#JAHBCC010000028.1	45369970	100000
hprc4_L100000_9104	HG00621.2	HG00621#2#JAHBCC010000011.1	9743071	100000
hprc4_L100000_9105	HG00621.2	HG00621#2#JAHBCC010000017.1	13753962	100000
hprc4_L100000_9106	HG00438.2	HG00438#2#JAHBCA010000030.1	18971693	100000
hprc4_L100000_9107	HG00438.2	HG00438#2#JAHBCA010000055.1	14014945	100000
hprc4_L100000_9108	HG00438.1	HG00438#1#JAHBCB010000085.1	13830709	100000
hprc4_L100000_9109	HG00438.2	HG00438#2#JAHBCA010000012.1	59729693	100000
hprc4_L100000_9110	HG00621.2	HG00621#2#JAHBCC010000005.1	4628017	100000
hprc4_L100000_9111	HG00621.1	HG00621#1#JAHBCD010000037.1	31862673	100000
hprc4_L100000_9112	HG00438.1	HG00438#1#JAHBCB010000003.1	84695275	100000
hprc4_L100000_9113	HG00438.2	HG00438#2#JAHBCA010000035.1	20647399	100000
hprc4_L100000_9114	HG00621.1	HG00621#1#JAHBCD010000005.1	77891992	100000
hprc4_L100000_9115	HG00438.2	HG00438#2#JAHBCA010000016.1	71646465	100000
hprc4_L100000_9116	HG00621.1	HG00621#1#JAHBCD010000032.1	47769064	100000
hprc4_L100000_9117	HG00438.1	HG00438#1#JAHBCB010000013.1	1483598	100000
hprc4_L100000_9118	HG00438.1	HG00438#1#JAHBCB010000015.1	12591152	100000
hprc4_L100000_9119	HG00621.1	HG00621#1#JAHBCD010000041.1	65403383	100000
hprc4_L100000_9120	HG00438.2	HG00438#2#JAHBCA010000008.1	100046030	100000
hprc4_L100000_9121	HG00621.2	HG00621#2#JAHBCC010000032.1	5317668	100000
hprc4_L100000_9122	HG00438.2	HG00438#2#JAHBCA010000071.1	19293986	100000
hprc4_L100000_9123	HG00438.1	HG00438#1#JAHBCB010000062.1	9458022	100000
hprc4_L100000_9124	HG00438.1	HG00438#1#JAHBCB010000044.1	31650138	100000
hprc4_L100000_9125	HG00621.1	HG00621#1#JAHBCD010000014.1	60272751	100000
hprc4_L100000_9126	HG00621.1	HG00621#1#JAHBCD010000062.1	44741169	100000
hprc4_L100000_9127	HG00438.1	HG00438#1#JAHBCB010000042.1	20861897	100000
hprc4_L100000_9128	HG00438.1	HG00438#1#JAHBCB010000093.1	428860	100000
hprc4_L100000_9129	HG00438.2	HG00438#2#JAHBCA010000035.1	46357247	100000
hprc4_L100000_9130	HG00438.1	HG00438#1#JAHBCB010000003.1	67019217	100000
hprc4_L100000_9131	HG00438.1	HG00438#1#JAHBCB010000006.1	19712563	100000
hprc4_L100000_9132	HG00438.1	HG00438#1#JAHBCB010000023.1	12228575	100000
hprc4_L100000_9133	HG00438.1	HG00438#1#JAHBCB010000030.1	25492820	100000
hprc4_L100000_9134	HG00621.2	HG00621#2#JAHBCC010000095.1	6022310	100000
hprc4_L100000_9135	HG00621.1	HG00621#1#JAHBCD010000015.1	18687215	100000
hprc4_L100000_9136	HG00438.1	HG00438#1#JAHBCB010000015.1	42054543	100000
hprc4_L100000_9137	HG00438.1	HG00438#1#JAHBCB010000024.1	40510307	100000
hprc4_L100000_9138	HG00621.1	HG00621#1#JAHBCD010000010.1	46328266	100000
hprc4_L100000_9139	HG00621.2	HG00621#2#JAHBCC010000076.1	25244275	100000
hprc4_L100000_9140	HG00621.2	HG00621#2#JAHBCC010000015.1	8427632	100000
hprc4_L100000_9141	HG00438.2	HG00438#2#JAHBCA010000008.1	20773529	100000
hprc4_L100000_9142	HG00621.2	HG00621#2#JAHBCC010000005.1	9883591	100000
hprc4_L100000_9143	HG00621.2	HG00621#2#JAHBCC010000122.1	845877	100000
hprc4_L100000_9144	HG00438.1	HG00438#1#JAHBCB010000015.1	8667539	100000
hprc4_L100000_9145	HG00438.2	HG00438#2#JAHBCA010000018.1	20601896	100000
hprc4_L100000_9146	HG00621.1	HG00621#1#JAHBCD010000001.1	37247345	100000
hprc4_L100000_9147	HG00621.2	HG00621#2#JAHBCC010000065.1	950128	100000
hprc4_L100000_9148	HG00438.1	HG00438#1#JAHBCB010000049.1	10230438	100000
hprc4_L100000_9149	HG00438.1	HG00438#1#JAHBCB010000010.1	11624144	100000
hprc4_L100000_9150	HG00621.1	HG00621#1#JAHBCD010000098.1	2919128	100000
hprc4_L100000_9151	HG00621.1	HG00621#1#JAHBCD010000069.1	8982722	100000
hprc4_L100000_9152	HG00438.2	HG00438#2#JAHBCA010000057.1	23806853	100000
hprc4_L100000_9153	HG00621.2	HG00621#2#JAHBCC010000014.1	16183626	100000
hprc4_L100000_9154	HG00438.1	HG00438#1#JAHBCB010000003.1	124081271	100000
hprc4_L100000_9155	HG00438.1	HG00438#1#JAHBCB010000011.1	14298195	100000
hprc4_L100000_9156	HG00621.2	HG00621#2#JAHBCC010000056.1	23373970	100000
hprc4_L100000_9157	HG00621.2	HG00621#2#JAHBCC010000106.1	255231	100000
hprc4_L100000_9158	HG00621.1	HG00621#1#JAHBCD010000063.1	32271258	100000
hprc4_L100000_9159	HG00621.1	HG00621#1#JAHBCD010000098.1	2028110	100000
hprc4_L100000_9160	HG00621.2	HG00621#2#JAHBCC010000033.1	23304131	100000
hprc4_L100000_9161	HG00438.1	HG00438#1#JAHBCB010000012.1	157110	100000
hprc4_L100000_9162	HG00438.2	HG00438#2#JAHBCA010000086.1	8432555	100000
hprc4_L100000_9163	HG00621.2	HG00621#2#JAHBCC010000033.1	69957615	100000
hprc4_L100000_9164	HG00438.2	HG00438#2#JAHBCA010000020.1	39235247	100000
hprc4_L100000_9165	HG00438.2	HG00438#2#JAHBCA010000073.1	16244571	100000
hprc4_L100000_9166	HG00438.2	HG00438#2#JAHBCA010000042.1	268681	100000
hprc4_L100000_9167	HG00438.1	HG00438#1#JAHBCB010000018.1	46748774	100000
hprc4_L100000_9168	HG00621.1	HG00621#1#JAHBCD010000109.1	15936885	100000
hprc4_L100000_9169	HG00621.1	HG00621#1#JAHBCD010000021.1	20898627	100000
hprc4_L100000_9170	HG00438.2	HG00438#2#JAHBCA010000052.1	18394677	100000
hprc4_L100000_9171	HG00621.2	HG00621#2#JAHBCC010000023.1	2409322	100000
hprc4_L100000_9172	HG00438.2	HG00438#2#JAHBCA010000042.1	46903871	100000
hprc4_L100000_9173	HG00621.1	HG00621#1#JAHBCD010000041.1	71080495	100000
hprc4_L100000_9174	HG00438.1	HG00438#1#JAHBCB010000016.1	1981943	100000
hprc4_L100000_9175	HG00621.2	HG00621#2#JAHBCC010000013.1	17153736	100000
hprc4_L100000_9176	HG00438.2	HG00438#2#JAHBCA010000082.1	15319220	100000
hprc4_L100000_9177	HG00438.1	HG00438#1#JAHBCB010000039.1	214516	100000
hprc4_L100000_9178	HG00438.1	HG00438#1#JAHBCB010000062.1	2637868	100000
hprc4_L100000_9179	HG00621.2	HG00621#2#JAHBCC010000014.1	102610678	100000
hprc4_L100000_9180	HG00621.1	HG00621#1#JAHBCD010000098.1	1509327	100000
hprc4_L100000_9181	HG00621.2	HG00621#2#JAHBCC010000067.1	6790725	100000
hprc4_L100000_9182	HG00438.2	HG00438#2#JAHBCA010000010.1	68407344	100000
hprc4_L100000_9183	HG00438.2	HG00438#2#JAHBCA010000046.1	21078254	100000
hprc4_L100000_9184	HG00438.2	HG00438#2#JAHBCA010000004.1	33687367	100000
hprc4_L100000_9185	HG00621.2	HG00621#2#JAHBCC010000055.1	62766559	100000
hprc4_L100000_9186	HG00438.2	HG00438#2#JAHBCA010000006.1	2476640	100000
hprc4_L100000_9187	HG00621.2	HG00621#2#JAHBCC010000022.1	16500644	100000
hprc4_L100000_9188	HG00438.1	HG00438#1#JAHBCB010000021.1	42025965	100000
hprc4_L100000_9189	HG00621.2	HG00621#2#JAHBCC010000033.1	88987657	100000
hprc4_L100000_9190	HG00438.2	HG00438#2#JAHBCA010000026.1	2122469	100000
hprc4_L100000_9191	HG00621.1	HG00621#1#JAHBCD010000002.1	52967821	100000
hprc4_L100000_9192	HG00621.2	HG00621#2#JAHBCC010000078.1	30146450	100000
hprc4_L100000_9193	HG00621.1	HG00621#1#JAHBCD010000064.1	30334362	100000
hprc4_L100000_9194	HG00438.1	HG00438#1#JAHBCB010000077.1	4903133	100000
hprc4_L100000_9195	HG00438.2	HG00438#2#JAHBCA010000023.1	13312315	100000
hprc4_L100000_9196	HG00438.1	HG00438#1#JAHBCB010000018.1	100203379	100000
hprc4_L100000_9197	HG00438.1	HG00438#1#JAHBCB010000002.1	39056375	100000
hprc4_L100000_9198	HG00621.2	HG00621#2#JAHBCC010000028.1	39940515	100000
hprc4_L100000_9199	HG00438.2	HG00438#2#JAHBCA010000086.1	5045794	100000
hprc4_L100000_9200	HG00621.1	HG00621#1#JAHBCD010000025.1	1000809	100000
hprc4_L100000_9201	HG00621.1	HG00621#1#JAHBCD010000008.1	26075726	100000
hprc4_L100000_9202	HG00621.1	HG00621#1#JAHBCD010000082.1	18878946	100000
hprc4_L100000_9203	HG00621.2	HG00621#2#JAHBCC010000019.1	17769382	100000
hprc4_L100000_9204	HG00438.2	HG00438#2#JAHBCA010000019.1	7789434	100000
hprc4_L100000_9205	HG00621.2	HG00621#2#JAHBCC010000056.1	20082389	100000
hprc4_L100000_9206	HG00438.2	HG00438#2#JAHBCA010000010.1	59419074	100000
hprc4_L100000_9207	HG00438.2	HG00438#2#JAHBCA010000122.1	999596	100000
hprc4_L100000_9208	HG00438.1	HG00438#1#JAHBCB010000024.1	56502584	100000
hprc4_L100000_9209	HG00438.1	HG00438#1#JAHBCB010000026.1	4908059	100000
hprc4_L100000_9210	HG00621.2	HG00621#2#JAHBCC010000001.1	27757602	100000
hprc4_L100000_9211	HG00438.1	HG00438#1#JAHBCB010000008.1	89024948	100000
hprc4_L100000_9212	HG00621.1	HG00621#1#JAHBCD010000027.1	17479436	100000
hprc4_L100000_9213	HG00621.2	HG00621#2#JAHBCC010000055.1	16703075	100000
hprc4_L100000_9214	HG00621.1	HG00621#1#JAHBCD010000069.1	13805642	100000
hprc4_L100000_9215	HG00438.1	HG00438#1#JAHBCB010000016.1	34596604	100000
hprc4_L100000_9216	HG00621.1	HG00621#1#JAHBCD010000029.1	21550188	100000
hprc4_L100000_9217	HG00438.1	HG00438#1#JAHBCB010000038.1	2179888	100000
hprc4_L100000_9218	HG00621.2	HG00621#2#JAHBCC010000055.1	82604217	100000
hprc4_L100000_9219	HG00438.2	HG00438#2#JAHBCA010000012.1	9532860	100000
hprc4_L100000_9220	HG00438.1	HG00438#1#JAHBCB010000075.1	20648240	100000
hprc4_L100000_9221	HG00438.2	HG00438#2#JAHBCA010000042.1	20158201	100000
hprc4_L100000_9222	HG00438.2	HG00438#2#JAHBCA010000011.1	51476560	100000
hprc4_L100000_9223	HG00438.2	HG00438#2#JAHBCA010000024.1	995436	100000
hprc4_L100000_9224	HG00438.1	HG00438#1#JAHBCB010000050.1	6938344	100000
hprc4_L100000_9225	HG00621.1	HG00621#1#JAHBCD010000010.1	91155371	100000
hprc4_L100000_9226	HG00438.2	HG00438#2#JAHBCA010000024.1	12622079	100000
hprc4_L100000_9227	HG00621.2	HG00621#2#JAHBCC010000033.1	25633342	100000
hprc4_L100000_9228	HG00438.1	HG00438#1#JAHBCB010000073.1	5307128	100000
hprc4_L100000_9229	HG00621.1	HG00621#1#JAHBCD010000010.1	97409810	100000
hprc4_L100000_9230	HG00621.2	HG00621#2#JAHBCC010000041.1	23284067	100000
hprc4_L100000_9231	HG00438.1	HG00438#1#JAHBCB010000011.1	40260692	100000
hprc4_L100000_9232	HG00621.1	HG00621#1#JAHBCD010000022.1	5287982	100000
hprc4_L100000_9233	HG00621.1	HG00621#1#JAHBCD010000064.1	43862581	100000
hprc4_L100000_9234	HG00438.1	HG00438#1#JAHBCB010000024.1	60444908	100000
hprc4_L100000_9235	HG00621.2	HG00621#2#JAHBCC010000054.1	1859342	100000
hprc4_L100000_9236	HG00621.1	HG00621#1#JAHBCD010000011.1	27479827	100000
hprc4_L100000_9237	HG00438.1	HG00438#1#JAHBCB010000016.1	11477727	100000
hprc4_L100000_9238	HG00621.1	HG00621#1#JAHBCD010000030.1	15155983	100000
hprc4_L100000_9239	HG00438.2	HG00438#2#JAHBCA010000033.1	52120471	100000
hprc4_L100000_9240	HG00621.2	HG00621#2#JAHBCC010000056.1	9644756	100000
hprc4_L100000_9241	HG00621.2	HG00621#2#JAHBCC010000020.1	467049	100000
hprc4_L100000_9242	HG00621.1	HG00621#1#JAHBCD010000010.1	64747717	100000
hprc4_L100000_9243	HG00438.2	HG00438#2#JAHBCA010000053.1	14150169	100000
hprc4_L100000_9244	HG00621.1	HG00621#1#JAHBCD010000018.1	3440604	100000
hprc4_L100000_9245	HG00438.1	HG00438#1#JAHBCB010000031.1	9201673	100000
hprc4_L100000_9246	HG00621.2	HG00621#2#JAHBCC010000028.1	14071635	100000
hprc4_L100000_9247	HG00621.1	HG00621#1#JAHBCD010000092.1	6572438	100000
hprc4_L100000_9248	HG00621.2	HG00621#2#JAHBCC010000020.1	82254661	100000
hprc4_L100000_9249	HG00621.1	HG00621#1#JAHBCD010000006.1	4469034	100000
hprc4_L100000_9250	HG00621.1	HG00621#1#JAHBCD010000047.1	69469562	100000
hprc4_L100000_9251	HG00621.1	HG00621#1#JAHBCD010000052.1	12362577	100000
hprc4_L100000_9252	HG00621.1	HG00621#1#JAHBCD010000037.1	41810945	100000
hprc4_L100000_9253	HG00621.2	HG00621#2#JAHBCC010000078.1	14479870	100000
hprc4_L100000_9254	HG00438.1	HG00438#1#JAHBCB010000017.1	25285481	100000
hprc4_L100000_9255	HG00621.1	HG00621#1#JAHBCD010000014.1	42880817	100000
hprc4_L100000_9256	HG00621.2	HG00621#2#JAHBCC010000048.1	42277523	100000
hprc4_L100000_9257	HG00621.2	HG00621#2#JAHBCC010000080.1	3758973	100000
hprc4_L100000_9258	HG00621.1	HG00621#1#JAHBCD010000050.1	23275888	100000
hprc4_L100000_9259	HG00438.2	HG00438#2#JAHBCA010000004.1	57494023	100000
hprc4_L100000_9260	HG00621.2	HG00621#2#JAHBCC010000038.1	10439064	100000
hprc4_L100000_9261	HG00621.1	HG00621#1#JAHBCD010000115.1	2798063	100000
hprc4_L100000_9262	HG00621.2	HG00621#2#JAHBCC010000037.1	13813026	100000
hprc4_L100000_9263	HG00621.1	HG00621#1#JAHBCD010000012.1	8842231	100000
hprc4_L100000_9264	HG00438.2	HG00438#2#JAHBCA010000049.1	10952213	100000
hprc4_L100000_9265	HG00438.2	HG00438#2#JAHBCA010000010.1	53891515	100000
hprc4_L100000_9266	HG00621.1	HG00621#1#JAHBCD010000035.1	14739860	100000
hprc4_L100000_9267	HG00438.2	HG00438#2#JAHBCA010000053.1	12987510	100000
hprc4_L100000_9268	HG00438.1	HG00438#1#JAHBCB010000003.1	31092084	100000
hprc4_L100000_9269	HG00438.1	HG00438#1#JAHBCB010000001.1	38949508	100000
hprc4_L100000_9270	HG00621.1	HG00621#1#JAHBCD010000007.1	12293947	100000
hprc4_L100000_9271	HG00438.1	HG00438#1#JAHBCB010000013.1	5607069	100000
hprc4_L100000_9272	HG00621.2	HG00621#2#JAHBCC010000027.1	1007039	100000
hprc4_L100000_9273	HG00621.1	HG00621#1#JAHBCD010000025.1	21993093	100000
hprc4_L100000_9274	HG00438.2	HG00438#2#JAHBCA010000089.1	8053334	100000
hprc4_L100000_9275	HG00438.1	HG00438#1#JAHBCB010000097.1	45899951	100000
hprc4_L100000_9276	HG00438.1	HG00438#1#JAHBCB010000013.1	12672420	100000
hprc4_L100000_9277	HG00438.1	HG00438#1#JAHBCB010000061.1	7452712	100000
hprc4_L100000_9278	HG00621.2	HG00621#2#JAHBCC010000034.1	54173938	100000
hprc4_L100000_9279	HG00438.2	HG00438#2#JAHBCA010000057.1	7458337	100000
hprc4_L100000_9280	HG00621.2	HG00621#2#JAHBCC010000033.1	40949969	100000
hprc4_L100000_9281	HG00621.2	HG00621#2#JAHBCC010000051.1	32252052	100000
hprc4_L100000_9282	HG00621.2	HG00621#2#JAHBCC010000060.1	30379699	100000
hprc4_L100000_9283	HG00621.2	HG00621#2#JAHBCC010000066.1	23952288	100000
hprc4_L100000_9284	HG00621.1	HG00621#1#JAHBCD010000149.1	817849	100000
hprc4_L100000_9285	HG00438.1	HG00438#1#JAHBCB010000016.1	4501905	100000
hprc4_L100000_9286	HG00438.1	HG00438#1#JAHBCB010000018.1	122719080	100000
hprc4_L100000_9287	HG00438.1	HG00438#1#JAHBCB010000025.1	10442652	100000
hprc4_L100000_9288	HG00621.1	HG00621#1#JAHBCD010000052.1	487383	100000
hprc4_L100000_9289	HG00621.1	HG00621#1#JAHBCD010000065.1	10280570	100000
hprc4_L100000_9290	HG00621.1	HG00621#1#JAHBCD010000011.1	37572178	100000
hprc4_L100000_9291	HG00621.1	HG00621#1#JAHBCD010000055.1	4588870	100000
hprc4_L100000_9292	HG00438.2	HG00438#2#JAHBCA010000025.1	16743558	100000
hprc4_L100000_9293	HG00621.2	HG00621#2#JAHBCC010000052.1	121173	100000
hprc4_L100000_9294	HG00438.2	HG00438#2#JAHBCA010000014.1	9037056	100000
hprc4_L100000_9295	HG00621.2	HG00621#2#JAHBCC010000020.1	59348179	100000
hprc4_L100000_9296	HG00438.1	HG00438#1#JAHBCB010000018.1	64267509	100000
hprc4_L100000_9297	HG00621.2	HG00621#2#JAHBCC010000034.1	67827426	100000
hprc4_L100000_9298	HG00438.1	HG00438#1#JAHBCB010000051.1	10951267	100000
hprc4_L100000_9299	HG00621.1	HG00621#1#JAHBCD010000002.1	81219412	100000
hprc4_L100000_9300	HG00621.2	HG00621#2#JAHBCC010000087.1	10812613	100000
hprc4_L100000_9301	HG00438.2	HG00438#2#JAHBCA010000020.1	1113885	100000
hprc4_L100000_9302	HG00621.2	HG00621#2#JAHBCC010000034.1	32107345	100000
hprc4_L100000_9303	HG00621.1	HG00621#1#JAHBCD010000020.1	39466427	100000
hprc4_L100000_9304	HG00621.1	HG00621#1#JAHBCD010000075.1	2685843	100000
hprc4_L100000_9305	HG00438.2	HG00438#2#JAHBCA010000005.1	62359983	100000
hprc4_L100000_9306	HG00621.1	HG00621#1#JAHBCD010000009.1	48396486	100000
hprc4_L100000_9307	HG00438.2	HG00438#2#JAHBCA010000010.1	25000281	100000
hprc4_L100000_9308	HG00621.1	HG00621#1#JAHBCD010000001.1	66772968	100000
hprc4_L100000_9309	HG00438.2	HG00438#2#JAHBCA010000003.1	22825989	100000
hprc4_L100000_9310	HG00438.2	HG00438#2#JAHBCA010000002.1	129026173	100000
hprc4_L100000_9311	HG00621.1	HG00621#1#JAHBCD010000134.1	261009	100000
hprc4_L100000_9312	HG00621.2	HG00621#2#JAHBCC010000005.1	40338474	100000
hprc4_L100000_9313	HG00621.1	HG00621#1#JAHBCD010000001.1	54308824	100000
hprc4_L100000_9314	HG00438.2	HG00438#2#JAHBCA010000088.1	8239802	100000
hprc4_L100000_9315	HG00438.1	HG00438#1#JAHBCB010000006.1	58288928	100000
hprc4_L100000_9316	HG00438.1	HG00438#1#JAHBCB010000006.1	56434081	100000
hprc4_L100000_9317	HG00438.1	HG00438#1#JAHBCB010000021.1	15906914	100000
hprc4_L100000_9318	HG00621.2	HG00621#2#JAHBCC010000064.1	7561784	100000
hprc4_L100000_9319	HG00621.2	HG00621#2#JAHBCC010000028.1	24781305	100000
hprc4_L100000_9320	HG00621.1	HG00621#1#JAHBCD010000009.1	30490841	100000
hprc4_L100000_9321	HG00438.2	HG00438#2#JAHBCA010000080.1	6532459	100000
hprc4_L100000_9322	HG00621.2	HG00621#2#JAHBCC010000020.1	21668401	100000
hprc4_L100000_9323	HG00438.2	HG00438#2#JAHBCA010000089.1	7728530	100000
hprc4_L100000_9324	HG00621.1	HG00621#1#JAHBCD010000084.1	8315290	100000
hprc4_L100000_9325	HG00438.2	HG00438#2#JAHBCA010000072.1	4940460	100000
hprc4_L100000_9326	HG00438.1	HG00438#1#JAHBCB010000027.1	19978592	100000
hprc4_L100000_9327	HG00438.2	HG00438#2#JAHBCA010000014.1	14188332	100000
hprc4_L100000_9328	HG00438.1	HG00438#1#JAHBCB010000043.1	9211884	100000
hprc4_L100000_9329	HG00621.2	HG00621#2#JAHBCC010000045.1	1589060	100000
hprc4_L100000_9330	HG00621.1	HG00621#1#JAHBCD010000035.1	19445422	100000
hprc4_L100000_9331	HG00621.1	HG00621#1#JAHBCD010000003.1	6270498	100000
hprc4_L100000_9332	HG00621.2	HG00621#2#JAHBCC010000018.1	49004802	100000
hprc4_L100000_9333	HG00438.1	HG00438#1#JAHBCB010000040.1	28441380	100000
hprc4_L100000_9334	HG00621.2	HG00621#2#JAHBCC010000032.1	4989224	100000
hprc4_L100000_9335	HG00621.1	HG00621#1#JAHBCD010000035.1	12519929	100000
hprc4_L100000_9336	HG00438.1	HG00438#1#JAHBCB010000053.1	17010962	100000
hprc4_L100000_9337	HG00438.1	HG00438#1#JAHBCB010000076.1	9624572	100000
hprc4_L100000_9338	HG00438.1	HG00438#1#JAHBCB010000016.1	45799017	100000
hprc4_L100000_9339	HG00438.1	HG00438#1#JAHBCB010000065.1	13160252	100000
hprc4_L100000_9340	HG00438.1	HG00438#1#JAHBCB010000067.1	6565965	100000
hprc4_L100000_9341	HG00621.1	HG00621#1#JAHBCD010000077.1	905836	100000
hprc4_L100000_9342	HG00438.2	HG00438#2#JAHBCA010000033.1	53480438	100000
hprc4_L100000_9343	HG00438.2	HG00438#2#JAHBCA010000002.1	41956860	100000
hprc4_L100000_9344	HG00438.2	HG00438#2#JAHBCA010000010.1	50679206	100000
hprc4_L100000_9345	HG00621.2	HG00621#2#JAHBCC010000066.1	1161671	100000
hprc4_L100000_9346	HG00621.1	HG00621#1#JAHBCD010000055.1	36797261	100000
hprc4_L100000_9347	HG00438.2	HG00438#2#JAHBCA010000002.1	24621265	100000
hprc4_L100000_9348	HG00621.2	HG00621#2#JAHBCC010000051.1	1602909	100000
hprc4_L100000_9349	HG00438.2	HG00438#2#JAHBCA010000066.1	12304094	100000
hprc4_L100000_9350	HG00438.1	HG00438#1#JAHBCB010000068.1	11942735	100000
hprc4_L100000_9351	HG00621.2	HG00621#2#JAHBCC010000033.1	47397780	100000
hprc4_L100000_9352	HG00621.2	HG00621#2#JAHBCC010000048.1	14306918	100000
hprc4_L100000_9353	HG00438.2	HG00438#2#JAHBCA010000078.1	2046032	100000
hprc4_L100000_9354	HG00621.2	HG00621#2#JAHBCC010000005.1	53381194	100000
hprc4_L100000_9355	HG00438.1	HG00438#1#JAHBCB010000033.1	22991933	100000
hprc4_L100000_9356	HG00621.2	HG00621#2#JAHBCC010000032.1	23089163	100000
hprc4_L100000_9357	HG00621.1	HG00621#1#JAHBCD010000052.1	37346469	100000
hprc4_L100000_9358	HG00621.2	HG00621#2#JAHBCC010000055.1	12858652	100000
hprc4_L100000_9359	HG00438.1	HG00438#1#JAHBCB010000021.1	31908792	100000
hprc4_L100000_9360	HG00621.2	HG00621#2#JAHBCC010000039.1	77137847	100000
hprc4_L100000_9361	HG00438.1	HG00438#1#JAHBCB010000014.1	14573435	100000
hprc4_L100000_9362	HG00621.1	HG00621#1#JAHBCD010000010.1	4848971	100000
hprc4_L100000_9363	HG00621.1	HG00621#1#JAHBCD010000064.1	38395444	100000
hprc4_L100000_9364	HG00621.2	HG00621#2#JAHBCC010000054.1	24482234	100000
hprc4_L100000_9365	HG00438.1	HG00438#1#JAHBCB010000008.1	67346844	100000
hprc4_L100000_9366	HG00621.1	HG00621#1#JAHBCD010000066.1	7966554	100000
hprc4_L100000_9367	HG00621.2	HG00621#2#JAHBCC010000007.1	12483220	100000
hprc4_L100000_9368	HG00621.2	HG00621#2#JAHBCC010000014.1	51262856	100000
hprc4_L100000_9369	HG00438.1	HG00438#1#JAHBCB010000082.1	7303604	100000
hprc4_L100000_9370	HG00438.1	HG00438#1#JAHBCB010000014.1	16702758	100000
hprc4_L100000_9371	HG00438.2	HG00438#2#JAHBCA010000082.1	9429279	100000
hprc4_L100000_9372	HG00621.1	HG00621#1#JAHBCD010000015.1	4654103	100000
hprc4_L100000_9373	HG00621.2	HG00621#2#JAHBCC010000041.1	17812850	100000
hprc4_L100000_9374	HG00621.2	HG00621#2#JAHBCC010000004.1	17519561	100000
hprc4_L100000_9375	HG00438.1	HG00438#1#JAHBCB010000071.1	8462422	100000
hprc4_L100000_9376	HG00438.2	HG00438#2#JAHBCA010000033.1	45024390	100000
hprc4_L100000_9377	HG00438.1	HG00438#1#JAHBCB010000023.1	24945287	100000
hprc4_L100000_9378	HG00621.2	HG00621#2#JAHBCC010000073.1	23721419	100000
hprc4_L100000_9379	HG00621.2	HG00621#2#JAHBCC010000056.1	22587905	100000
hprc4_L100000_9380	HG00621.1	HG00621#1#JAHBCD010000084.1	8070073	100000
hprc4_L100000_9381	HG00621.2	HG00621#2#JAHBCC010000037.1	29472727	100000
hprc4_L100000_9382	HG00438.2	HG00438#2#JAHBCA010000035.1	33428583	100000
hprc4_L100000_9383	HG00621.1	HG00621#1#JAHBCD010000100.1	4062315	100000
hprc4_L100000_9384	HG00438.2	HG00438#2#JAHBCA010000002.1	58611263	100000
hprc4_L100000_9385	HG00621.1	HG00621#1#JAHBCD010000084.1	9541607	100000
hprc4_L100000_9386	HG00438.2	HG00438#2#JAHBCA010000010.1	78971322	100000
hprc4_L100000_9387	HG00438.1	HG00438#1#JAHBCB010000044.1	8068939	100000
hprc4_L100000_9388	HG00438.1	HG00438#1#JAHBCB010000002.1	31046140	100000
hprc4_L100000_9389	HG00438.1	HG00438#1#JAHBCB010000001.1	33155694	100000
hprc4_L100000_9390	HG00438.2	HG00438#2#JAHBCA010000004.1	16857715	100000
hprc4_L100000_9391	HG00438.2	HG00438#2#JAHBCA010000011.1	31754201	100000
hprc4_L100000_9392	HG00438.2	HG00438#2#JAHBCA010000042.1	42911733	100000
hprc4_L100000_9393	HG00621.2	HG00621#2#JAHBCC010000036.1	27138930	100000
hprc4_L100000_9394	HG00438.2	HG00438#2#JAHBCA010000017.1	28384390	100000
hprc4_L100000_9395	HG00621.2	HG00621#2#JAHBCC010000039.1	45699133	100000
hprc4_L100000_9396	HG00438.1	HG00438#1#JAHBCB010000067.1	3958931	100000
hprc4_L100000_9397	HG00438.1	HG00438#1#JAHBCB010000041.1	19140980	100000
hprc4_L100000_9398	HG00438.2	HG00438#2#JAHBCA010000004.1	12904096	100000
hprc4_L100000_9399	HG00438.1	HG00438#1#JAHBCB010000030.1	24001116	100000
hprc4_L100000_9400	HG00621.1	HG00621#1#JAHBCD010000062.1	24861769	100000
hprc4_L100000_9401	HG00621.2	HG00621#2#JAHBCC010000028.1	12621271	100000
hprc4_L100000_9402	HG00621.2	HG00621#2#JAHBCC010000056.1	20015179	100000
hprc4_L100000_9403	HG00438.2	HG00438#2#JAHBCA010000104.1	3105736	100000
hprc4_L100000_9404	HG00621.1	HG00621#1#JAHBCD010000041.1	35492155	100000
hprc4_L100000_9405	HG00621.2	HG00621#2#JAHBCC010000137.1	874752	100000
hprc4_L100000_9406	HG00438.2	HG00438#2#JAHBCA010000022.1	2740388	100000
hprc4_L100000_9407	HG00438.2	HG00438#2#JAHBCA010000007.1	1893743	100000
hprc4_L100000_9408	HG00438.2	HG00438#2#JAHBCA010000010.1	22301814	100000
hprc4_L100000_9409	HG00438.1	HG00438#1#JAHBCB010000048.1	5686421	100000
hprc4_L100000_9410	HG00621.1	HG00621#1#JAHBCD010000029.1	30503513	100000
hprc4_L100000_9411	HG00621.2	HG00621#2#JAHBCC010000004.1	41897043	100000
hprc4_L100000_9412	HG00621.1	HG00621#1#JAHBCD010000024.1	39985166	100000
hprc4_L100000_9413	HG00438.2	HG00438#2#JAHBCA010000010.1	12790869	100000
hprc4_L100000_9414	HG00621.1	HG00621#1#JAHBCD010000069.1	11562538	100000
hprc4_L100000_9415	HG00621.2	HG00621#2#JAHBCC010000166.1	75787	100000
hprc4_L100000_9416	HG00438.2	HG00438#2#JAHBCA010000042.1	51574975	100000
hprc4_L100000_9417	HG00621.2	HG00621#2#JAHBCC010000045.1	4211664	100000
hprc4_L100000_9418	HG00438.1	HG00438#1#JAHBCB010000083.1	1648913	100000
hprc4_L100000_9419	HG00438.2	HG00438#2#JAHBCA010000014.1	15589916	100000
hprc4_L100000_9420	HG00621.2	HG00621#2#JAHBCC010000006.1	15425090	100000
hprc4_L100000_9421	HG00621.1	HG00621#1#JAHBCD010000031.1	8619476	100000
hprc4_L100000_9422	HG00438.2	HG00438#2#JAHBCA010000014.1	25537165	100000
hprc4_L100000_9423	HG00438.1	HG00438#1#JAHBCB010000021.1	22885131	100000
hprc4_L100000_9424	HG00621.1	HG00621#1#JAHBCD010000026.1	17326927	100000
hprc4_L100000_9425	HG00438.2	HG00438#2#JAHBCA010000005.1	14030698	100000
hprc4_L100000_9426	HG00438.1	HG00438#1#JAHBCB010000028.1	14503882	100000
hprc4_L100000_9427	HG00621.2	HG00621#2#JAHBCC010000001.1	21426438	100000
hprc4_L100000_9428	HG00621.2	HG00621#2#JAHBCC010000054.1	17711968	100000
hprc4_L100000_9429	HG00438.1	HG00438#1#JAHBCB010000004.1	33451857	100000
hprc4_L100000_9430	HG00621.2	HG00621#2#JAHBCC010000014.1	22209581	100000
hprc4_L100000_9431	HG00621.2	HG00621#2#JAHBCC010000015.1	23271139	100000
hprc4_L100000_9432	HG00438.1	HG00438#1#JAHBCB010000087.1	1846156	100000
hprc4_L100000_9433	HG00438.1	HG00438#1#JAHBCB010000010.1	8136461	100000
hprc4_L100000_9434	HG00621.2	HG00621#2#JAHBCC010000007.1	33376779	100000
hprc4_L100000_9435	HG00438.1	HG00438#1#JAHBCB010000068.1	18436600	100000
hprc4_L100000_9436	HG00438.2	HG00438#2#JAHBCA010000010.1	67840754	100000
hprc4_L100000_9437	HG00438.2	HG00438#2#JAHBCA010000063.1	10920682	100000
hprc4_L100000_9438	HG00621.2	HG00621#2#JAHBCC010000034.1	48770756	100000
hprc4_L100000_9439	HG00438.1	HG00438#1#JAHBCB010000085.1	8383853	100000
hprc4_L100000_9440	HG00438.2	HG00438#2#JAHBCA010000024.1	12995489	100000
hprc4_L100000_9441	HG00621.2	HG00621#2#JAHBCC010000017.1	28989800	100000
hprc4_L100000_9442	HG00438.1	HG00438#1#JAHBCB010000052.1	7816436	100000
hprc4_L100000_9443	HG00438.2	HG00438#2#JAHBCA010000058.1	7209068	100000
hprc4_L100000_9444	HG00621.2	HG00621#2#JAHBCC010000066.1	4719831	100000
hprc4_L100000_9445	HG00438.2	HG00438#2#JAHBCA010000059.1	749392	100000
hprc4_L100000_9446	HG00438.2	HG00438#2#JAHBCA010000011.1	48495578	100000
hprc4_L100000_9447	HG00621.1	HG00621#1#JAHBCD010000041.1	11746413	100000
hprc4_L100000_9448	HG00438.1	HG00438#1#JAHBCB010000008.1	17425618	100000
hprc4_L100000_9449	HG00621.1	HG00621#1#JAHBCD010000027.1	8566608	100000
hprc4_L100000_9450	HG00621.2	HG00621#2#JAHBCC010000037.1	9791544	100000
hprc4_L100000_9451	HG00621.2	HG00621#2#JAHBCC010000055.1	77556354	100000
hprc4_L100000_9452	HG00438.1	HG00438#1#JAHBCB010000044.1	6184256	100000
hprc4_L100000_9453	HG00621.1	HG00621#1#JAHBCD010000021.1	47432984	100000
hprc4_L100000_9454	HG00621.2	HG00621#2#JAHBCC010000045.1	19267015	100000
hprc4_L100000_9455	HG00621.1	HG00621#1#JAHBCD010000029.1	95938	100000
hprc4_L100000_9456	HG00621.1	HG00621#1#JAHBCD010000007.1	20745111	100000
hprc4_L100000_9457	HG00438.2	HG00438#2#JAHBCA010000022.1	36717915	100000
hprc4_L100000_9458	HG00438.2	HG00438#2#JAHBCA010000011.1	89922057	100000
hprc4_L100000_9459	HG00438.1	HG00438#1#JAHBCB010000032.1	14439783	100000
hprc4_L100000_9460	HG00438.2	HG00438#2#JAHBCA010000063.1	2791681	100000
hprc4_L100000_9461	HG00621.1	HG00621#1#JAHBCD010000014.1	58371955	100000
hprc4_L100000_9462	HG00621.1	HG00621#1#JAHBCD010000037.1	31433816	100000
hprc4_L100000_9463	HG00438.2	HG00438#2#JAHBCA010000052.1	40653721	100000
hprc4_L100000_9464	HG00621.1	HG00621#1#JAHBCD010000010.1	90084574	100000
hprc4_L100000_9465	HG00438.1	HG00438#1#JAHBCB010000082.1	883142	100000
hprc4_L100000_9466	HG00621.1	HG00621#1#JAHBCD010000043.1	3427679	100000
hprc4_L100000_9467	HG00438.1	HG00438#1#JAHBCB010000031.1	21254199	100000
hprc4_L100000_9468	HG00621.1	HG00621#1#JAHBCD010000064.1	46585001	100000
hprc4_L100000_9469	HG00621.1	HG00621#1#JAHBCD010000046.1	7289948	100000
hprc4_L100000_9470	HG00621.2	HG00621#2#JAHBCC010000034.1	60228360	100000
hprc4_L100000_9471	HG00621.1	HG00621#1#JAHBCD010000080.1	2880549	100000
hprc4_L100000_9472	HG00438.1	HG00438#1#JAHBCB010000003.1	110671039	100000
hprc4_L100000_9473	HG00621.1	HG00621#1#JAHBCD010000017.1	1102140	100000
hprc4_L100000_9474	HG00438.1	HG00438#1#JAHBCB010000021.1	25456529	100000
hprc4_L100000_9475	HG00621.2	HG00621#2#JAHBCC010000036.1	19650162	100000
hprc4_L100000_9476	HG00621.1	HG00621#1#JAHBCD010000063.1	28534757	100000
hprc4_L100000_9477	HG00621.2	HG00621#2#JAHBCC010000022.1	11518177	100000
hprc4_L100000_9478	HG00621.2	HG00621#2#JAHBCC010000014.1	20010986	100000
hprc4_L100000_9479	HG00621.1	HG00621#1#JAHBCD010000002.1	46911200	100000
hprc4_L100000_9480	HG00621.2	HG00621#2#JAHBCC010000060.1	37239915	100000
hprc4_L100000_9481	HG00438.2	HG00438#2#JAHBCA010000094.1	2558439	100000
hprc4_L100000_9482	HG00438.2	HG00438#2#JAHBCA010000023.1	14255533	100000
hprc4_L100000_9483	HG00621.1	HG00621#1#JAHBCD010000024.1	39256796	100000
hprc4_L100000_9484	HG00621.2	HG00621#2#JAHBCC010000054.1	29555921	100000
hprc4_L100000_9485	HG00621.2	HG00621#2#JAHBCC010000008.1	3940291	100000
hprc4_L100000_9486	HG00621.2	HG00621#2#JAHBCC010000015.1	8481707	100000
hprc4_L100000_9487	HG00621.1	HG00621#1#JAHBCD010000110.1	1016822	100000
hprc4_L100000_9488	HG00621.2	HG00621#2#JAHBCC010000009.1	7714077	100000
hprc4_L100000_9489	HG00621.1	HG00621#1#JAHBCD010000014.1	2949385	100000
hprc4_L100000_9490	HG00438.2	HG00438#2#JAHBCA010000055.1	38250709	100000
hprc4_L100000_9491	HG00438.2	HG00438#2#JAHBCA010000021.1	5619449	100000
hprc4_L100000_9492	HG00438.1	HG00438#1#JAHBCB010000016.1	48982771	100000
hprc4_L100000_9493	HG00621.1	HG00621#1#JAHBCD010000014.1	50098645	100000
hprc4_L100000_9494	HG00621.2	HG00621#2#JAHBCC010000028.1	56790476	100000
hprc4_L100000_9495	HG00438.1	HG00438#1#JAHBCB010000011.1	47399265	100000
hprc4_L100000_9496	HG00621.1	HG00621#1#JAHBCD010000076.1	1333907	100000
hprc4_L100000_9497	HG00621.1	HG00621#1#JAHBCD010000002.1	44686727	100000
hprc4_L100000_9498	HG00621.2	HG00621#2#JAHBCC010000020.1	44609830	100000
hprc4_L100000_9499	HG00621.2	HG00621#2#JAHBCC010000044.1	589312	100000
hprc4_L100000_9500	HG00438.2	HG00438#2#JAHBCA010000028.1	2620456	100000
hprc4_L100000_9501	HG00438.2	HG00438#2#JAHBCA010000023.1	30386259	100000
hprc4_L100000_9502	HG00621.1	HG00621#1#JAHBCD010000052.1	33193671	100000
hprc4_L100000_9503	HG00438.2	HG00438#2#JAHBCA010000068.1	1286136	100000
hprc4_L100000_9504	HG00438.1	HG00438#1#JAHBCB010000006.1	6381299	100000
hprc4_L100000_9505	HG00621.2	HG00621#2#JAHBCC010000019.1	12481439	100000
hprc4_L100000_9506	HG00438.1	HG00438#1#JAHBCB010000033.1	21835789	100000
hprc4_L100000_9507	HG00438.2	HG00438#2#JAHBCA010000053.1	23046642	100000
hprc4_L100000_9508	HG00621.2	HG00621#2#JAHBCC010000122.1	394801	100000
hprc4_L100000_9509	HG00621.1	HG00621#1#JAHBCD010000034.1	40828267	100000
hprc4_L100000_9510	HG00438.1	HG00438#1#JAHBCB010000015.1	68696734	100000
hprc4_L100000_9511	HG00438.2	HG00438#2#JAHBCA010000024.1	20435695	100000
hprc4_L100000_9512	HG00438.2	HG00438#2#JAHBCA010000028.1	2620755	100000
hprc4_L100000_9513	HG00438.1	HG00438#1#JAHBCB010000003.1	100664898	100000
hprc4_L100000_9514	HG00621.1	HG00621#1#JAHBCD010000006.1	18123975	100000
hprc4_L100000_9515	HG00621.2	HG00621#2#JAHBCC010000013.1	8758368	100000
hprc4_L100000_9516	HG00438.2	HG00438#2#JAHBCA010000057.1	25280947	100000
hprc4_L100000_9517	HG00621.1	HG00621#1#JAHBCD010000005.1	43322014	100000
hprc4_L100000_9518	HG00621.2	HG00621#2#JAHBCC010000048.1	8205884	100000
hprc4_L100000_9519	HG00621.2	HG00621#2#JAHBCC010000048.1	7418073	100000
hprc4_L100000_9520	HG00438.1	HG00438#1#JAHBCB010000003.1	83826123	100000
hprc4_L100000_9521	HG00621.1	HG00621#1#JAHBCD010000033.1	34155938	100000
hprc4_L100000_9522	HG00621.2	HG00621#2#JAHBCC010000006.1	18760308	100000
hprc4_L100000_9523	HG00438.2	HG00438#2#JAHBCA010000015.1	17057700	100000
hprc4_L100000_9524	HG00438.1	HG00438#1#JAHBCB010000003.1	115161856	100000
hprc4_L100000_9525	HG00621.1	HG00621#1#JAHBCD010000028.1	528920	100000
hprc4_L100000_9526	HG00438.1	HG00438#1#JAHBCB010000019.1	2968128	100000
hprc4_L100000_9527	HG00438.2	HG00438#2#JAHBCA010000033.1	17499290	100000
hprc4_L100000_9528	HG00438.1	HG00438#1#JAHBCB010000015.1	15378023	100000
hprc4_L100000_9529	HG00438.1	HG00438#1#JAHBCB010000048.1	2766305	100000
hprc4_L100000_9530	HG00438.1	HG00438#1#JAHBCB010000022.1	67564993	100000
hprc4_L100000_9531	HG00438.2	HG00438#2#JAHBCA010000005.1	8461963	100000
hprc4_L100000_9532	HG00621.2	HG00621#2#JAHBCC010000033.1	9103615	100000
hprc4_L100000_9533	HG00621.2	HG00621#2#JAHBCC010000004.1	842604	100000
hprc4_L100000_9534	HG00438.2	HG00438#2#JAHBCA010000066.1	15126659	100000
hprc4_L100000_9535	HG00438.2	HG00438#2#JAHBCA010000040.1	24045508	100000
hprc4_L100000_9536	HG00621.2	HG00621#2#JAHBCC010000060.1	39354194	100000
hprc4_L100000_9537	HG00621.2	HG00621#2#JAHBCC010000037.1	26409900	100000
hprc4_L100000_9538	HG00621.1	HG00621#1#JAHBCD010000001.1	64740	100000
hprc4_L100000_9539	HG00438.1	HG00438#1#JAHBCB010000085.1	15065787	100000
hprc4_L100000_9540	HG00438.2	HG00438#2#JAHBCA010000019.1	23860549	100000
hprc4_L100000_9541	HG00621.2	HG00621#2#JAHBCC010000039.1	93026999	100000
hprc4_L100000_9542	HG00621.1	HG00621#1#JAHBCD010000051.1	7257758	100000
hprc4_L100000_9543	HG00621.1	HG00621#1#JAHBCD010000031.1	2891392	100000
hprc4_L100000_9544	HG00438.2	HG00438#2#JAHBCA010000011.1	94706377	100000
hprc4_L100000_9545	HG00621.2	HG00621#2#JAHBCC010000022.1	39903516	100000
hprc4_L100000_9546	HG00438.2	HG00438#2#JAHBCA010000164.1	61457	100000
hprc4_L100000_9547	HG00621.1	HG00621#1#JAHBCD010000016.1	22370673	100000
hprc4_L100000_9548	HG00621.2	HG00621#2#JAHBCC010000070.1	13508121	100000
hprc4_L100000_9549	HG00438.2	HG00438#2#JAHBCA010000002.1	30317832	100000
hprc4_L100000_9550	HG00621.2	HG00621#2#JAHBCC010000049.1	29320375	100000
hprc4_L100000_9551	HG00438.2	HG00438#2#JAHBCA010000040.1	55135136	100000
hprc4_L100000_9552	HG00438.1	HG00438#1#JAHBCB010000068.1	279571	100000
hprc4_L100000_9553	HG00621.2	HG00621#2#JAHBCC010000026.1	21501740	100000
hprc4_L100000_9554	HG00621.2	HG00621#2#JAHBCC010000015.1	10055577	100000
hprc4_L100000_9555	HG00621.2	HG00621#2#JAHBCC010000023.1	23704209	100000
hprc4_L100000_9556	HG00621.2	HG00621#2#JAHBCC010000022.1	80111850	100000
hprc4_L100000_9557	HG00438.2	HG00438#2#JAHBCA010000022.1	42415442	100000
hprc4_L100000_9558	HG00438.2	HG00438#2#JAHBCA010000008.1	85442577	100000
hprc4_L100000_9559	HG00438.2	HG00438#2#JAHBCA010000010.1	88175277	100000
hprc4_L100000_9560	HG00621.1	HG00621#1#JAHBCD010000005.1	34544039	100000
hprc4_L100000_9561	HG00621.1	HG00621#1#JAHBCD010000001.1	9843170	100000
hprc4_L100000_9562	HG00438.2	HG00438#2#JAHBCA010000015.1	8251670	100000
hprc4_L100000_9563	HG00621.1	HG00621#1#JAHBCD010000027.1	27528514	100000
hprc4_L100000_9564	HG00621.1	HG00621#1#JAHBCD010000010.1	55671413	100000
hprc4_L100000_9565	HG00438.1	HG00438#1#JAHBCB010000074.1	28057772	100000
hprc4_L100000_9566	HG00438.1	HG00438#1#JAHBCB010000032.1	2502998	100000
hprc4_L100000_9567	HG00621.2	HG00621#2#JAHBCC010000147.1	601862	100000
hprc4_L100000_9568	HG00621.1	HG00621#1#JAHBCD010000005.1	41238408	100000
hprc4_L100000_9569	HG00438.2	HG00438#2#JAHBCA010000094.1	14031153	100000
hprc4_L100000_9570	HG00621.2	HG00621#2#JAHBCC010000083.1	950717	100000
hprc4_L100000_9571	HG00438.1	HG00438#1#JAHBCB010000044.1	38067920	100000
hprc4_L100000_9572	HG00621.1	HG00621#1#JAHBCD010000027.1	26418995	100000
hprc4_L100000_9573	HG00438.2	HG00438#2#JAHBCA010000025.1	11896452	100000
hprc4_L100000_9574	HG00438.2	HG00438#2#JAHBCA010000045.1	4535652	100000
hprc4_L100000_9575	HG00621.1	HG00621#1#JAHBCD010000098.1	6799926	100000
hprc4_L100000_9576	HG00438.2	HG00438#2#JAHBCA010000036.1	40574831	100000
hprc4_L100000_9577	HG00438.1	HG00438#1#JAHBCB010000042.1	30752035	100000
hprc4_L100000_9578	HG00438.1	HG00438#1#JAHBCB010000052.1	2571530	100000
hprc4_L100000_9579	HG00621.2	HG00621#2#JAHBCC010000034.1	53728120	100000
hprc4_L100000_9580	HG00621.2	HG00621#2#JAHBCC010000005.1	56773647	100000
hprc4_L100000_9581	HG00438.2	HG00438#2#JAHBCA010000052.1	12061081	100000
hprc4_L100000_9582	HG00621.2	HG00621#2#JAHBCC010000008.1	23131015	100000
hprc4_L100000_9583	HG00621.1	HG00621#1#JAHBCD010000010.1	5474077	100000
hprc4_L100000_9584	HG00438.2	HG00438#2#JAHBCA010000003.1	80589511	100000
hprc4_L100000_9585	HG00621.1	HG00621#1#JAHBCD010000005.1	56075770	100000
hprc4_L100000_9586	HG00438.2	HG00438#2#JAHBCA010000055.1	2148392	100000
hprc4_L100000_9587	HG00621.2	HG00621#2#JAHBCC010000006.1	141284598	100000
hprc4_L100000_9588	HG00438.2	HG00438#2#JAHBCA010000032.1	32838687	100000
hprc4_L100000_9589	HG00621.2	HG00621#2#JAHBCC010000008.1	46741073	100000
hprc4_L100000_9590	HG00621.2	HG00621#2#JAHBCC010000006.1	120628640	100000
hprc4_L100000_9591	HG00438.2	HG00438#2#JAHBCA010000052.1	11812097	100000
hprc4_L100000_9592	HG00438.1	HG00438#1#JAHBCB010000048.1	14168624	100000
hprc4_L100000_9593	HG00621.1	HG00621#1#JAHBCD010000063.1	21505579	100000
hprc4_L100000_9594	HG00621.2	HG00621#2#JAHBCC010000005.1	10462346	100000
hprc4_L100000_9595	HG00621.2	HG00621#2#JAHBCC010000034.1	56124387	100000
hprc4_L100000_9596	HG00438.1	HG00438#1#JAHBCB010000090.1	4858202	100000
hprc4_L100000_9597	HG00621.1	HG00621#1#JAHBCD010000072.1	14039677	100000
hprc4_L100000_9598	HG00438.2	HG00438#2#JAHBCA010000057.1	11245289	100000
hprc4_L100000_9599	HG00438.1	HG00438#1#JAHBCB010000003.1	108636068	100000
hprc4_L100000_9600	HG00438.1	HG00438#1#JAHBCB010000019.1	80322370	100000
hprc4_L100000_9601	HG00621.1	HG00621#1#JAHBCD010000005.1	15195735	100000
hprc4_L100000_9602	HG00621.2	HG00621#2#JAHBCC010000009.1	24895564	100000
hprc4_L100000_9603	HG00621.1	HG00621#1#JAHBCD010000083.1	2018016	100000
hprc4_L100000_9604	HG00621.1	HG00621#1#JAHBCD010000063.1	17026921	100000
hprc4_L100000_9605	HG00438.1	HG00438#1#JAHBCB010000011.1	57878432	100000
hprc4_L100000_9606	HG00621.1	HG00621#1#JAHBCD010000055.1	25538734	100000
hprc4_L100000_9607	HG00621.2	HG00621#2#JAHBCC010000059.1	9167913	100000
hprc4_L100000_9608	HG00621.2	HG00621#2#JAHBCC010000018.1	27070166	100000
hprc4_L100000_9609	HG00438.1	HG00438#1#JAHBCB010000003.1	73827534	100000
hprc4_L100000_9610	HG00438.1	HG00438#1#JAHBCB010000046.1	15701070	100000
hprc4_L100000_9611	HG00438.1	HG00438#1#JAHBCB010000005.1	22870653	100000
hprc4_L100000_9612	HG00621.2	HG00621#2#JAHBCC010000055.1	33898544	100000
hprc4_L100000_9613	HG00621.2	HG00621#2#JAHBCC010000014.1	39680586	100000
hprc4_L100000_9614	HG00621.1	HG00621#1#JAHBCD010000033.1	29506966	100000
hprc4_L100000_9615	HG00621.1	HG00621#1#JAHBCD010000048.1	7891097	100000
hprc4_L100000_9616	HG00621.2	HG00621#2#JAHBCC010000008.1	74456343	100000
hprc4_L100000_9617	HG00438.1	HG00438#1#JAHBCB010000096.1	2143870	100000
hprc4_L100000_9618	HG00621.1	HG00621#1#JAHBCD010000050.1	50321435	100000
hprc4_L100000_9619	HG00621.1	HG00621#1#JAHBCD010000005.1	35246218	100000
hprc4_L100000_9620	HG00438.1	HG00438#1#JAHBCB010000016.1	43562674	100000
hprc4_L100000_9621	HG00621.1	HG00621#1#JAHBCD010000012.1	2565109	100000
hprc4_L100000_9622	HG00438.2	HG00438#2#JAHBCA010000012.1	15220678	100000
hprc4_L100000_9623	HG00438.2	HG00438#2#JAHBCA010000005.1	64316	100000
hprc4_L100000_9624	HG00621.2	HG00621#2#JAHBCC010000054.1	1894878	100000
hprc4_L100000_9625	HG00621.1	HG00621#1#JAHBCD010000037.1	23169311	100000
hprc4_L100000_9626	HG00621.2	HG00621#2#JAHBCC010000028.1	16790713	100000
hprc4_L100000_9627	HG00438.1	HG00438#1#JAHBCB010000045.1	68422304	100000
hprc4_L100000_9628	HG00621.2	HG00621#2#JAHBCC010000055.1	20291974	100000
hprc4_L100000_9629	HG00621.2	HG00621#2#JAHBCC010000024.1	11800372	100000
hprc4_L100000_9630	HG00621.2	HG00621#2#JAHBCC010000003.1	15828608	100000
hprc4_L100000_9631	HG00621.2	HG00621#2#JAHBCC010000069.1	2355930	100000
hprc4_L100000_9632	HG00621.2	HG00621#2#JAHBCC010000014.1	46804456	100000
hprc4_L100000_9633	HG00621.1	HG00621#1#JAHBCD010000008.1	10182119	100000
hprc4_L100000_9634	HG00438.2	HG00438#2#JAHBCA010000047.1	698113	100000
hprc4_L100000_9635	HG00438.2	HG00438#2#JAHBCA010000008.1	73859190	100000
hprc4_L100000_9636	HG00621.1	HG00621#1#JAHBCD010000047.1	81909390	100000
hprc4_L100000_9637	HG00438.1	HG00438#1#JAHBCB010000025.1	7857388	100000
hprc4_L100000_9638	HG00621.1	HG00621#1#JAHBCD010000014.1	11648678	100000
hprc4_L100000_9639	HG00438.2	HG00438#2#JAHBCA010000025.1	36239732	100000
hprc4_L100000_9640	HG00438.2	HG00438#2#JAHBCA010000097.1	2913975	100000
hprc4_L100000_9641	HG00438.2	HG00438#2#JAHBCA010000035.1	69960355	100000
hprc4_L100000_9642	HG00438.1	HG00438#1#JAHBCB010000008.1	65047063	100000
hprc4_L100000_9643	HG00438.1	HG00438#1#JAHBCB010000072.1	14876852	100000
hprc4_L100000_9644	HG00621.1	HG00621#1#JAHBCD010000016.1	80222873	100000
hprc4_L100000_9645	HG00438.1	HG00438#1#JAHBCB010000012.1	15743034	100000
hprc4_L100000_9646	HG00438.1	HG00438#1#JAHBCB010000019.1	39925284	100000
hprc4_L100000_9647	HG00438.2	HG00438#2#JAHBCA010000006.1	6573773	100000
hprc4_L100000_9648	HG00621.2	HG00621#2#JAHBCC010000008.1	54988230	100000
hprc4_L100000_9649	HG00438.1	HG00438#1#JAHBCB010000122.1	861854	100000
hprc4_L100000_9650	HG00621.2	HG00621#2#JAHBCC010000039.1	33432021	100000
hprc4_L100000_9651	HG00438.2	HG00438#2#JAHBCA010000002.1	37220276	100000
hprc4_L100000_9652	HG00621.2	HG00621#2#JAHBCC010000024.1	57154195	100000
hprc4_L100000_9653	HG00621.2	HG00621#2#JAHBCC010000034.1	65981169	100000
hprc4_L100000_9654	HG00621.2	HG00621#2#JAHBCC010000053.1	16209922	100000
hprc4_L100000_9655	HG00621.2	HG00621#2#JAHBCC010000059.1	27836489	100000
hprc4_L100000_9656	HG00621.1	HG00621#1#JAHBCD010000078.1	7291039	100000
hprc4_L100000_9657	HG00621.1	HG00621#1#JAHBCD010000034.1	9395935	100000
hprc4_L100000_9658	HG00438.1	HG00438#1#JAHBCB010000022.1	28773663	100000
hprc4_L100000_9659	HG00621.2	HG00621#2#JAHBCC010000071.1	5961458	100000
hprc4_L100000_9660	HG00621.1	HG00621#1#JAHBCD010000026.1	2839722	100000
hprc4_L100000_9661	HG00438.2	HG00438#2#JAHBCA010000042.1	21204545	100000
hprc4_L100000_9662	HG00438.1	HG00438#1#JAHBCB010000085.1	14210339	100000
hprc4_L100000_9663	HG00438.1	HG00438#1#JAHBCB010000002.1	42820380	100000
hprc4_L100000_9664	HG00438.1	HG00438#1#JAHBCB010000030.1	28350349	100000
hprc4_L100000_9665	HG00438.1	HG00438#1#JAHBCB010000008.1	70680813	100000
hprc4_L100000_9666	HG00621.1	HG00621#1#JAHBCD010000022.1	8855673	100000
hprc4_L100000_9667	HG00438.1	HG00438#1#JAHBCB010000067.1	2095698	100000
hprc4_L100000_9668	HG00438.1	HG00438#1#JAHBCB010000003.1	125237352	100000
hprc4_L100000_9669	HG00621.1	HG00621#1#JAHBCD010000001.1	25755641	100000
hprc4_L100000_9670	HG00621.1	HG00621#1#JAHBCD010000047.1	34593835	100000
hprc4_L100000_9671	HG00621.1	HG00621#1#JAHBCD010000016.1	52549792	100000
hprc4_L100000_9672	HG00438.2	HG00438#2#JAHBCA010000008.1	95904683	100000
hprc4_L100000_9673	HG00438.1	HG00438#1#JAHBCB010000025.1	23765876	100000
hprc4_L100000_9674	HG00438.2	HG00438#2#JAHBCA010000035.1	14661177	100000
hprc4_L100000_9675	HG00438.1	HG00438#1#JAHBCB010000010.1	22743059	100000
hprc4_L100000_9676	HG00621.1	HG00621#1#JAHBCD010000011.1	1807695	100000
hprc4_L100000_9677	HG00438.2	HG00438#2#JAHBCA010000053.1	59513491	100000
hprc4_L100000_9678	HG00438.2	HG00438#2#JAHBCA010000120.1	85938	100000
hprc4_L100000_9679	HG00438.1	HG00438#1#JAHBCB010000008.1	29573665	100000
hprc4_L100000_9680	HG00621.1	HG00621#1#JAHBCD010000042.1	13052835	100000
hprc4_L100000_9681	HG00621.1	HG00621#1#JAHBCD010000020.1	34846365	100000
hprc4_L100000_9682	HG00621.2	HG00621#2#JAHBCC010000062.1	18505420	100000
hprc4_L100000_9683	HG00438.2	HG00438#2#JAHBCA010000052.1	14509860	100000
hprc4_L100000_9684	HG00621.1	HG00621#1#JAHBCD010000069.1	10340890	100000
hprc4_L100000_9685	HG00438.2	HG00438#2#JAHBCA010000053.1	34916002	100000
hprc4_L100000_9686	HG00621.2	HG00621#2#JAHBCC010000022.1	55450809	100000
hprc4_L100000_9687	HG00621.1	HG00621#1#JAHBCD010000010.1	102059828	100000
hprc4_L100000_9688	HG00438.2	HG00438#2#JAHBCA010000011.1	42811288	100000
hprc4_L100000_9689	HG00621.1	HG00621#1#JAHBCD010000014.1	18582506	100000
hprc4_L100000_9690	HG00621.1	HG00621#1#JAHBCD010000021.1	45536455	100000
hprc4_L100000_9691	HG00621.2	HG00621#2#JAHBCC010000071.1	12003120	100000
hprc4_L100000_9692	HG00621.2	HG00621#2#JAHBCC010000058.1	811339	100000
hprc4_L100000_9693	HG00438.2	HG00438#2#JAHBCA010000004.1	63653287	100000
hprc4_L100000_9694	HG00438.1	HG00438#1#JAHBCB010000003.1	106634766	100000
hprc4_L100000_9695	HG00438.2	HG00438#2#JAHBCA010000072.1	7875452	100000
hprc4_L100000_9696	HG00438.2	HG00438#2#JAHBCA010000004.1	49065518	100000
hprc4_L100000_9697	HG00438.1	HG00438#1#JAHBCB010000042.1	52064293	100000
hprc4_L100000_9698	HG00621.2	HG00621#2#JAHBCC010000114.1	1991125	100000
hprc4_L100000_9699	HG00438.1	HG00438#1#JAHBCB010000018.1	111111657	100000
hprc4_L100000_9700	HG00438.1	HG00438#1#JAHBCB010000030.1	6152472	100000
hprc4_L100000_9701	HG00621.2	HG00621#2#JAHBCC010000008.1	36865207	100000
hprc4_L100000_9702	HG00438.1	HG00438#1#JAHBCB010000015.1	56489733	100000
hprc4_L100000_9703	HG00621.1	HG00621#1#JAHBCD010000031.1	26278447	100000
hprc4_L100000_9704	HG00438.1	HG00438#1#JAHBCB010000019.1	96446824	100000
hprc4_L100000_9705	HG00438.2	HG00438#2#JAHBCA010000005.1	99098287	100000
hprc4_L100000_9706	HG00621.1	HG00621#1#JAHBCD010000052.1	20769332	100000
hprc4_L100000_9707	HG00438.2	HG00438#2#JAHBCA010000003.1	79846803	100000
hprc4_L100000_9708	HG00621.2	HG00621#2#JAHBCC010000034.1	3071714	100000
hprc4_L100000_9709	HG00621.2	HG00621#2#JAHBCC010000020.1	68674733	100000
hprc4_L100000_9710	HG00621.1	HG00621#1#JAHBCD010000002.1	11335424	100000
hprc4_L100000_9711	HG00438.1	HG00438#1#JAHBCB010000038.1	19517615	100000
hprc4_L100000_9712	HG00438.1	HG00438#1#JAHBCB010000051.1	2872126	100000
hprc4_L100000_9713	HG00438.1	HG00438#1#JAHBCB010000014.1	23754192	100000
hprc4_L100000_9714	HG00621.2	HG00621#2#JAHBCC010000022.1	104457888	100000
hprc4_L100000_9715	HG00438.1	HG00438#1#JAHBCB010000027.1	2892692	100000
hprc4_L100000_9716	HG00438.2	HG00438#2#JAHBCA010000053.1	42141116	100000
hprc4_L100000_9717	HG00438.1	HG00438#1#JAHBCB010000037.1	49884023	100000
hprc4_L100000_9718	HG00621.1	HG00621#1#JAHBCD010000105.1	6273024	100000
hprc4_L100000_9719	HG00438.1	HG00438#1#JAHBCB010000010.1	35892152	100000
hprc4_L100000_9720	HG00438.2	HG00438#2#JAHBCA010000140.1	72024	100000
hprc4_L100000_9721	HG00438.2	HG00438#2#JAHBCA010000057.1	27904279	100000
hprc4_L100000_9722	HG00438.2	HG00438#2#JAHBCA010000035.1	48458661	100000
hprc4_L100000_9723	HG00621.2	HG00621#2#JAHBCC010000024.1	79118933	100000
hprc4_L100000_9724	HG00621.2	HG00621#2#JAHBCC010000014.1	102769283	100000
hprc4_L100000_9725	HG00438.1	HG00438#1#JAHBCB010000097.1	4658610	100000
hprc4_L100000_9726	HG00621.2	HG00621#2#JAHBCC010000056.1	32472753	100000
hprc4_L100000_9727	HG00621.2	HG00621#2#JAHBCC010000022.1	64930805	100000
hprc4_L100000_9728	HG00438.2	HG00438#2#JAHBCA010000042.1	25529674	100000
hprc4_L100000_9729	HG00621.2	HG00621#2#JAHBCC010000095.1	939284	100000
hprc4_L100000_9730	HG00621.2	HG00621#2#JAHBCC010000078.1	10709203	100000
hprc4_L100000_9731	HG00621.1	HG00621#1#JAHBCD010000034.1	11734786	100000
hprc4_L100000_9732	HG00438.2	HG00438#2#JAHBCA010000011.1	83105427	100000
hprc4_L100000_9733	HG00621.2	HG00621#2#JAHBCC010000014.1	64133828	100000
hprc4_L100000_9734	HG00438.1	HG00438#1#JAHBCB010000002.1	48189093	100000
hprc4_L100000_9735	HG00438.1	HG00438#1#JAHBCB010000084.1	12460977	100000
hprc4_L100000_9736	HG00438.1	HG00438#1#JAHBCB010000019.1	9163315	100000
hprc4_L100000_9737	HG00438.1	HG00438#1#JAHBCB010000033.1	10032531	100000
hprc4_L100000_9738	HG00621.1	HG00621#1#JAHBCD010000021.1	58509845	100000
hprc4_L100000_9739	HG00621.1	HG00621#1#JAHBCD010000054.1	1975781	100000
hprc4_L100000_9740	HG00621.1	HG00621#1#JAHBCD010000016.1	57410622	100000
hprc4_L100000_9741	HG00621.2	HG00621#2#JAHBCC010000020.1	31775678	100000
hprc4_L100000_9742	HG00438.2	HG00438#2#JAHBCA010000010.1	98174451	100000
hprc4_L100000_9743	HG00621.1	HG00621#1#JAHBCD010000020.1	46924433	100000
hprc4_L100000_9744	HG00438.1	HG00438#1#JAHBCB010000022.1	15633326	100000
hprc4_L100000_9745	HG00438.1	HG00438#1#JAHBCB010000051.1	12162064	100000
hprc4_L100000_9746	HG00621.2	HG00621#2#JAHBCC010000033.1	78003251	100000
hprc4_L100000_9747	HG00438.2	HG00438#2#JAHBCA010000032.1	17854974	100000
hprc4_L100000_9748	HG00621.2	HG00621#2#JAHBCC010000027.1	9062192	100000
hprc4_L100000_9749	HG00621.2	HG00621#2#JAHBCC010000045.1	31744398	100000
hprc4_L100000_9750	HG00621.1	HG00621#1#JAHBCD010000022.1	71458056	100000
hprc4_L100000_9751	HG00438.2	HG00438#2#JAHBCA010000094.1	15124441	100000
hprc4_L100000_9752	HG00438.2	HG00438#2#JAHBCA010000010.1	37412199	100000
hprc4_L100000_9753	HG00621.2	HG00621#2#JAHBCC010000022.1	61804204	100000
hprc4_L100000_9754	HG00621.1	HG00621#1#JAHBCD010000044.1	4459398	100000
hprc4_L100000_9755	HG00621.1	HG00621#1#JAHBCD010000028.1	36361453	100000
hprc4_L100000_9756	HG00621.1	HG00621#1#JAHBCD010000044.1	7594740	100000
hprc4_L100000_9757	HG00621.2	HG00621#2#JAHBCC010000051.1	25956487	100000
hprc4_L100000_9758	HG00621.1	HG00621#1#JAHBCD010000041.1	16582757	100000
hprc4_L100000_9759	HG00438.1	HG00438#1#JAHBCB010000057.1	20798540	100000
hprc4_L100000_9760	HG00438.1	HG00438#1#JAHBCB010000062.1	16937367	100000
hprc4_L100000_9761	HG00438.1	HG00438#1#JAHBCB010000038.1	11192585	100000
hprc4_L100000_9762	HG00621.1	HG00621#1#JAHBCD010000034.1	53611098	100000
hprc4_L100000_9763	HG00438.2	HG00438#2#JAHBCA010000033.1	30946172	100000
hprc4_L100000_9764	HG00438.2	HG00438#2#JAHBCA010000017.1	29872890	100000
hprc4_L100000_9765	HG00621.1	HG00621#1#JAHBCD010000002.1	52173502	100000
hprc4_L100000_9766	HG00438.1	HG00438#1#JAHBCB010000018.1	99245031	100000
hprc4_L100000_9767	HG00621.1	HG00621#1#JAHBCD010000131.1	395148	100000
hprc4_L100000_9768	HG00438.1	HG00438#1#JAHBCB010000019.1	11362733	100000
hprc4_L100000_9769	HG00621.2	HG00621#2#JAHBCC010000008.1	29266685	100000
hprc4_L100000_9770	HG00438.2	HG00438#2#JAHBCA010000037.1	337386	100000
hprc4_L100000_9771	HG00438.2	HG00438#2#JAHBCA010000049.1	17998805	100000
hprc4_L100000_9772	HG00438.1	HG00438#1#JAHBCB010000033.1	4517743	100000
hprc4_L100000_9773	HG00438.1	HG00438#1#JAHBCB010000053.1	11399529	100000
hprc4_L100000_9774	HG00621.1	HG00621#1#JAHBCD010000005.1	79822111	100000
hprc4_L100000_9775	HG00621.2	HG00621#2#JAHBCC010000062.1	31638683	100000
hprc4_L100000_9776	HG00438.1	HG00438#1#JAHBCB010000001.1	5873059	100000
hprc4_L100000_9777	HG00621.2	HG00621#2#JAHBCC010000066.1	54340232	100000
hprc4_L100000_9778	HG00438.1	HG00438#1#JAHBCB010000011.1	9534987	100000
hprc4_L100000_9779	HG00621.1	HG00621#1#JAHBCD010000005.1	74728536	100000
hprc4_L100000_9780	HG00438.2	HG00438#2#JAHBCA010000126.1	6298157	100000
hprc4_L100000_9781	HG00621.2	HG00621#2#JAHBCC010000022.1	38654958	100000
hprc4_L100000_9782	HG00621.2	HG00621#2#JAHBCC010000031.1	7023529	100000
hprc4_L100000_9783	HG00438.1	HG00438#1#JAHBCB010000018.1	100478549	100000
hprc4_L100000_9784	HG00621.2	HG00621#2#JAHBCC010000034.1	21494976	100000
hprc4_L100000_9785	HG00621.2	HG00621#2#JAHBCC010000138.1	184639	100000
hprc4_L100000_9786	HG00438.2	HG00438#2#JAHBCA010000050.1	31028805	100000
hprc4_L100000_9787	HG00438.1	HG00438#1#JAHBCB010000003.1	63002342	100000
hprc4_L100000_9788	HG00621.1	HG00621#1#JAHBCD010000034.1	36392698	100000
hprc4_L100000_9789	HG00621.1	HG00621#1#JAHBCD010000039.1	11214382	100000
hprc4_L100000_9790	HG00438.2	HG00438#2#JAHBCA010000057.1	19082726	100000
hprc4_L100000_9791	HG00438.1	HG00438#1#JAHBCB010000085.1	4334971	100000
hprc4_L100000_9792	HG00438.1	HG00438#1#JAHBCB010000008.1	89236203	100000
hprc4_L100000_9793	HG00438.1	HG00438#1#JAHBCB010000019.1	18607947	100000
hprc4_L100000_9794	HG00621.2	HG00621#2#JAHBCC010000031.1	4021472	100000
hprc4_L100000_9795	HG00621.2	HG00621#2#JAHBCC010000055.1	18542229	100000
hprc4_L100000_9796	HG00621.2	HG00621#2#JAHBCC010000022.1	49331554	100000
hprc4_L100000_9797	HG00438.1	HG00438#1#JAHBCB010000041.1	33391496	100000
hprc4_L100000_9798	HG00621.2	HG00621#2#JAHBCC010000059.1	13173585	100000
hprc4_L100000_9799	HG00621.1	HG00621#1#JAHBCD010000021.1	47159833	100000
hprc4_L100000_9800	HG00438.2	HG00438#2#JAHBCA010000048.1	17984706	100000
hprc4_L100000_9801	HG00621.2	HG00621#2#JAHBCC010000051.1	41813597	100000
hprc4_L100000_9802	HG00438.2	HG00438#2#JAHBCA010000001.1	36877111	100000
hprc4_L100000_9803	HG00621.1	HG00621#1#JAHBCD010000014.1	50892403	100000
hprc4_L100000_9804	HG00621.1	HG00621#1#JAHBCD010000010.1	79579085	100000
hprc4_L100000_9805	HG00438.1	HG00438#1#JAHBCB010000036.1	21918724	100000
hprc4_L100000_9806	HG00621.2	HG00621#2#JAHBCC010000038.1	7153076	100000
hprc4_L100000_9807	HG00438.2	HG00438#2#JAHBCA010000048.1	2737244	100000
hprc4_L100000_9808	HG00438.2	HG00438#2#JAHBCA010000046.1	3944235	100000
hprc4_L100000_9809	HG00621.2	HG00621#2#JAHBCC010000033.1	16543722	100000
hprc4_L100000_9810	HG00621.2	HG00621#2#JAHBCC010000063.1	7164838	100000
hprc4_L100000_9811	HG00438.2	HG00438#2#JAHBCA010000023.1	31792187	100000
hprc4_L100000_9812	HG00621.1	HG00621#1#JAHBCD010000016.1	34881088	100000
hprc4_L100000_9813	HG00438.2	HG00438#2#JAHBCA010000002.1	8757519	100000
hprc4_L100000_9814	HG00438.1	HG00438#1#JAHBCB010000016.1	77462493	100000
hprc4_L100000_9815	HG00621.1	HG00621#1#JAHBCD010000044.1	1622909	100000
hprc4_L100000_9816	HG00621.2	HG00621#2#JAHBCC010000083.1	1299726	100000
hprc4_L100000_9817	HG00438.1	HG00438#1#JAHBCB010000032.1	18940129	100000
hprc4_L100000_9818	HG00438.2	HG00438#2#JAHBCA010000011.1	11041755	100000
hprc4_L100000_9819	HG00621.1	HG00621#1#JAHBCD010000015.1	9067854	100000
hprc4_L100000_9820	HG00438.2	HG00438#2#JAHBCA010000015.1	315332	100000
hprc4_L100000_9821	HG00621.1	HG00621#1#JAHBCD010000007.1	29658890	100000
hprc4_L100000_9822	HG00621.2	HG00621#2#JAHBCC010000036.1	4225278	100000
hprc4_L100000_9823	HG00438.1	HG00438#1#JAHBCB010000046.1	12464858	100000
hprc4_L100000_9824	HG00438.2	HG00438#2#JAHBCA010000052.1	3668546	100000
hprc4_L100000_9825	HG00621.1	HG00621#1#JAHBCD010000079.1	540040	100000
hprc4_L100000_9826	HG00621.1	HG00621#1#JAHBCD010000041.1	74918055	100000
hprc4_L100000_9827	HG00621.2	HG00621#2#JAHBCC010000098.1	502799	100000
hprc4_L100000_9828	HG00621.2	HG00621#2#JAHBCC010000072.1	2676358	100000
hprc4_L100000_9829	HG00621.2	HG00621#2#JAHBCC010000017.1	12001174	100000
hprc4_L100000_9830	HG00621.1	HG00621#1#JAHBCD010000024.1	50557785	100000
hprc4_L100000_9831	HG00621.2	HG00621#2#JAHBCC010000010.1	2607778	100000
hprc4_L100000_9832	HG00438.1	HG00438#1#JAHBCB010000016.1	43728364	100000
hprc4_L100000_9833	HG00438.1	HG00438#1#JAHBCB010000061.1	1164101	100000
hprc4_L100000_9834	HG00438.1	HG00438#1#JAHBCB010000076.1	2134950	100000
hprc4_L100000_9835	HG00621.1	HG00621#1#JAHBCD010000123.1	787265	100000
hprc4_L100000_9836	HG00438.1	HG00438#1#JAHBCB010000006.1	36034855	100000
hprc4_L100000_9837	HG00621.1	HG00621#1#JAHBCD010000016.1	40835908	100000
hprc4_L100000_9838	HG00621.2	HG00621#2#JAHBCC010000017.1	13924479	100000
hprc4_L100000_9839	HG00438.2	HG00438#2#JAHBCA010000002.1	108146561	100000
hprc4_L100000_9840	HG00621.1	HG00621#1#JAHBCD010000035.1	16821204	100000
hprc4_L100000_9841	HG00438.2	HG00438#2#JAHBCA010000003.1	69168714	100000
hprc4_L100000_9842	HG00621.2	HG00621#2#JAHBCC010000064.1	13334873	100000
hprc4_L100000_9843	HG00621.2	HG00621#2#JAHBCC010000054.1	23837077	100000
hprc4_L100000_9844	HG00621.2	HG00621#2#JAHBCC010000067.1	28992720	100000
hprc4_L100000_9845	HG00438.2	HG00438#2#JAHBCA010000046.1	73003031	100000
hprc4_L100000_9846	HG00621.1	HG00621#1#JAHBCD010000019.1	10227361	100000
hprc4_L100000_9847	HG00621.1	HG00621#1#JAHBCD010000022.1	31782132	100000
hprc4_L100000_9848	HG00621.1	HG00621#1#JAHBCD010000002.1	13424380	100000
hprc4_L100000_9849	HG00621.1	HG00621#1#JAHBCD010000047.1	48561080	100000
hprc4_L100000_9850	HG00438.2	HG00438#2#JAHBCA010000041.1	13843449	100000
hprc4_L100000_9851	HG00438.2	HG00438#2#JAHBCA010000011.1	44475233	100000
hprc4_L100000_9852	HG00438.1	HG00438#1#JAHBCB010000001.1	40200982	100000
hprc4_L100000_9853	HG00621.2	HG00621#2#JAHBCC010000017.1	2546289	100000
hprc4_L100000_9854	HG00621.2	HG00621#2#JAHBCC010000034.1	40089833	100000
hprc4_L100000_9855	HG00621.2	HG00621#2#JAHBCC010000018.1	51093254	100000
hprc4_L100000_9856	HG00621.1	HG00621#1#JAHBCD010000050.1	47206774	100000
hprc4_L100000_9857	HG00438.1	HG00438#1#JAHBCB010000005.1	3303627	100000
hprc4_L100000_9858	HG00621.2	HG00621#2#JAHBCC010000024.1	32666407	100000
hprc4_L100000_9859	HG00438.2	HG00438#2#JAHBCA010000004.1	71514560	100000
hprc4_L100000_9860	HG00438.1	HG00438#1#JAHBCB010000094.1	1734256	100000
hprc4_L100000_9861	HG00438.2	HG00438#2#JAHBCA010000017.1	21545458	100000
hprc4_L100000_9862	HG00438.1	HG00438#1#JAHBCB010000161.1	734045	100000
hprc4_L100000_9863	HG00438.1	HG00438#1#JAHBCB010000019.1	922529	100000
hprc4_L100000_9864	HG00621.2	HG00621#2#JAHBCC010000070.1	14896767	100000
hprc4_L100000_9865	HG00621.1	HG00621#1#JAHBCD010000015.1	7883620	100000
hprc4_L100000_9866	HG00621.2	HG00621#2#JAHBCC010000072.1	10853001	100000
hprc4_L100000_9867	HG00438.1	HG00438#1#JAHBCB010000018.1	29380144	100000
hprc4_L100000_9868	HG00438.1	HG00438#1#JAHBCB010000057.1	47312142	100000
hprc4_L100000_9869	HG00438.1	HG00438#1#JAHBCB010000032.1	36206050	100000
hprc4_L100000_9870	HG00438.2	HG00438#2#JAHBCA010000043.1	49415490	100000
hprc4_L100000_9871	HG00438.1	HG00438#1#JAHBCB010000012.1	13618115	100000
hprc4_L100000_9872	HG00438.1	HG00438#1#JAHBCB010000039.1	6271981	100000
hprc4_L100000_9873	HG00621.1	HG00621#1#JAHBCD010000010.1	79634424	100000
hprc4_L100000_9874	HG00621.1	HG00621#1#JAHBCD010000028.1	36697018	100000
hprc4_L100000_9875	HG00621.1	HG00621#1#JAHBCD010000014.1	2719194	100000
hprc4_L100000_9876	HG00438.1	HG00438#1#JAHBCB010000016.1	64291642	100000
hprc4_L100000_9877	HG00621.1	HG00621#1#JAHBCD010000060.1	7160339	100000
hprc4_L100000_9878	HG00621.1	HG00621#1#JAHBCD010000013.1	22063520	100000
hprc4_L100000_9879	HG00621.1	HG00621#1#JAHBCD010000024.1	50370347	100000
hprc4_L100000_9880	HG00621.1	HG00621#1#JAHBCD010000017.1	14214374	100000
hprc4_L100000_9881	HG00438.2	HG00438#2#JAHBCA010000030.1	1388336	100000
hprc4_L100000_9882	HG00621.1	HG00621#1#JAHBCD010000033.1	33298557	100000
hprc4_L100000_9883	HG00621.2	HG00621#2#JAHBCC010000053.1	8052465	100000
hprc4_L100000_9884	HG00621.2	HG00621#2#JAHBCC010000028.1	77685954	100000
hprc4_L100000_9885	HG00438.1	HG00438#1#JAHBCB010000042.1	18829577	100000
hprc4_L100000_9886	HG00621.2	HG00621#2#JAHBCC010000031.1	20302075	100000
hprc4_L100000_9887	HG00621.2	HG00621#2#JAHBCC010000026.1	18213267	100000
hprc4_L100000_9888	HG00621.2	HG00621#2#JAHBCC010000024.1	46306760	100000
hprc4_L100000_9889	HG00438.1	HG00438#1#JAHBCB010000042.1	18652831	100000
hprc4_L100000_9890	HG00621.1	HG00621#1#JAHBCD010000008.1	37255759	100000
hprc4_L100000_9891	HG00438.1	HG00438#1#JAHBCB010000087.1	3751286	100000
hprc4_L100000_9892	HG00438.2	HG00438#2#JAHBCA010000010.1	31734003	100000
hprc4_L100000_9893	HG00621.1	HG00621#1#JAHBCD010000015.1	13493170	100000
hprc4_L100000_9894	HG00438.2	HG00438#2#JAHBCA010000087.1	12686218	100000
hprc4_L100000_9895	HG00438.2	HG00438#2#JAHBCA010000014.1	39518298	100000
hprc4_L100000_9896	HG00438.2	HG00438#2#JAHBCA010000024.1	6733309	100000
hprc4_L100000_9897	HG00621.1	HG00621#1#JAHBCD010000055.1	1163374	100000
hprc4_L100000_9898	HG00438.2	HG00438#2#JAHBCA010000025.1	18375567	100000
hprc4_L100000_9899	HG00621.2	HG00621#2#JAHBCC010000007.1	31426995	100000
hprc4_L100000_9900	HG00621.2	HG00621#2#JAHBCC010000054.1	30328609	100000
hprc4_L100000_9901	HG00621.2	HG00621#2#JAHBCC010000037.1	1805073	100000
hprc4_L100000_9902	HG00438.2	HG00438#2#JAHBCA010000008.1	33280101	100000
hprc4_L100000_9903	HG00621.2	HG00621#2#JAHBCC010000020.1	55854681	100000
hprc4_L100000_9904	HG00438.1	HG00438#1#JAHBCB010000008.1	35330498	100000
hprc4_L100000_9905	HG00438.1	HG00438#1#JAHBCB010000129.1	4763282	100000
hprc4_L100000_9906	HG00438.2	HG00438#2#JAHBCA010000022.1	10853454	100000
hprc4_L100000_9907	HG00621.2	HG00621#2#JAHBCC010000073.1	22619326	100000
hprc4_L100000_9908	HG00438.2	HG00438#2#JAHBCA010000069.1	1479311	100000
hprc4_L100000_9909	HG00621.2	HG00621#2#JAHBCC010000039.1	64742562	100000
hprc4_L100000_9910	HG00621.2	HG00621#2#JAHBCC010000051.1	35118775	100000
hprc4_L100000_9911	HG00438.2	HG00438#2#JAHBCA010000032.1	3422083	100000
hprc4_L100000_9912	HG00438.2	HG00438#2#JAHBCA010000046.1	47546615	100000
hprc4_L100000_9913	HG00438.1	HG00438#1#JAHBCB010000045.1	9472591	100000
hprc4_L100000_9914	HG00438.2	HG00438#2#JAHBCA010000020.1	8534933	100000
hprc4_L100000_9915	HG00621.1	HG00621#1#JAHBCD010000002.1	90926976	100000
hprc4_L100000_9916	HG00438.2	HG00438#2#JAHBCA010000055.1	9215347	100000
hprc4_L100000_9917	HG00438.2	HG00438#2#JAHBCA010000011.1	20940488	100000
hprc4_L100000_9918	HG00621.1	HG00621#1#JAHBCD010000064.1	33905689	100000
hprc4_L100000_9919	HG00621.1	HG00621#1#JAHBCD010000014.1	43196126	100000
hprc4_L100000_9920	HG00621.2	HG00621#2#JAHBCC010000015.1	3042086	100000
hprc4_L100000_9921	HG00621.2	HG00621#2#JAHBCC010000033.1	33098562	100000
hprc4_L100000_9922	HG00438.2	HG00438#2#JAHBCA010000058.1	4716853	100000
hprc4_L100000_9923	HG00438.1	HG00438#1#JAHBCB010000017.1	17659068	100000
hprc4_L100000_9924	HG00438.2	HG00438#2#JAHBCA010000036.1	35912664	100000
hprc4_L100000_9925	HG00621.1	HG00621#1#JAHBCD010000104.1	13047693	100000
hprc4_L100000_9926	HG00621.1	HG00621#1#JAHBCD010000008.1	33159041	100000
hprc4_L100000_9927	HG00621.1	HG00621#1#JAHBCD010000011.1	26361031	100000
hprc4_L100000_9928	HG00438.1	HG00438#1#JAHBCB010000045.1	50379310	100000
hprc4_L100000_9929	HG00438.1	HG00438#1#JAHBCB010000009.1	6059167	100000
hprc4_L100000_9930	HG00621.2	HG00621#2#JAHBCC010000045.1	46733329	100000
hprc4_L100000_9931	HG00621.2	HG00621#2#JAHBCC010000018.1	68212448	100000
hprc4_L100000_9932	HG00621.2	HG00621#2#JAHBCC010000018.1	65312119	100000
hprc4_L100000_9933	HG00621.1	HG00621#1#JAHBCD010000032.1	13928031	100000
hprc4_L100000_9934	HG00621.2	HG00621#2#JAHBCC010000026.1	7578009	100000
hprc4_L100000_9935	HG00621.1	HG00621#1#JAHBCD010000067.1	4953211	100000
hprc4_L100000_9936	HG00438.1	HG00438#1#JAHBCB010000003.1	61354920	100000
hprc4_L100000_9937	HG00621.2	HG00621#2#JAHBCC010000007.1	28571978	100000
hprc4_L100000_9938	HG00438.1	HG00438#1#JAHBCB010000031.1	9250277	100000
hprc4_L100000_9939	HG00621.2	HG00621#2#JAHBCC010000014.1	26711226	100000
hprc4_L100000_9940	HG00438.1	HG00438#1#JAHBCB010000018.1	79663654	100000
hprc4_L100000_9941	HG00621.2	HG00621#2#JAHBCC010000022.1	15392187	100000
hprc4_L100000_9942	HG00621.2	HG00621#2#JAHBCC010000048.1	8683674	100000
hprc4_L100000_9943	HG00621.1	HG00621#1#JAHBCD010000012.1	5688748	100000
hprc4_L100000_9944	HG00621.2	HG00621#2#JAHBCC010000045.1	14139681	100000
hprc4_L100000_9945	HG00438.2	HG00438#2#JAHBCA010000015.1	15059679	100000
hprc4_L100000_9946	HG00621.2	HG00621#2#JAHBCC010000033.1	98588313	100000
hprc4_L100000_9947	HG00438.2	HG00438#2#JAHBCA010000035.1	49558791	100000
hprc4_L100000_9948	HG00438.2	HG00438#2#JAHBCA010000040.1	5997498	100000
hprc4_L100000_9949	HG00438.2	HG00438#2#JAHBCA010000017.1	9397843	100000
hprc4_L100000_9950	HG00438.1	HG00438#1#JAHBCB010000041.1	25757458	100000
hprc4_L100000_9951	HG00438.2	HG00438#2#JAHBCA010000046.1	36337555	100000
hprc4_L100000_9952	HG00438.2	HG00438#2#JAHBCA010000002.1	91352227	100000
hprc4_L100000_9953	HG00621.2	HG00621#2#JAHBCC010000003.1	16752713	100000
hprc4_L100000_9954	HG00621.2	HG00621#2#JAHBCC010000008.1	18941057	100000
hprc4_L100000_9955	HG00438.2	HG00438#2#JAHBCA010000083.1	9870288	100000
hprc4_L100000_9956	HG00621.2	HG00621#2#JAHBCC010000024.1	25440673	100000
hprc4_L100000_9957	HG00438.1	HG00438#1#JAHBCB010000038.1	21272229	100000
hprc4_L100000_9958	HG00438.2	HG00438#2#JAHBCA010000035.1	39701837	100000
hprc4_L100000_9959	HG00621.1	HG00621#1#JAHBCD010000029.1	14703114	100000
hprc4_L100000_9960	HG00438.2	HG00438#2#JAHBCA010000035.1	22314134	100000
hprc4_L100000_9961	HG00438.2	HG00438#2#JAHBCA010000073.1	3034027	100000
hprc4_L100000_9962	HG00438.2	HG00438#2#JAHBCA010000050.1	3962346	100000
hprc4_L100000_9963	HG00438.2	HG00438#2#JAHBCA010000011.1	62494665	100000
hprc4_L100000_9964	HG00621.1	HG00621#1#JAHBCD010000037.1	30865917	100000
hprc4_L100000_9965	HG00438.1	HG00438#1#JAHBCB010000032.1	12889692	100000
hprc4_L100000_9966	HG00438.1	HG00438#1#JAHBCB010000025.1	28086392	100000
hprc4_L100000_9967	HG00438.2	HG00438#2#JAHBCA010000020.1	52146865	100000
hprc4_L100000_9968	HG00621.2	HG00621#2#JAHBCC010000066.1	7614384	100000
hprc4_L100000_9969	HG00621.2	HG00621#2#JAHBCC010000027.1	13160288	100000
hprc4_L100000_9970	HG00621.1	HG00621#1#JAHBCD010000109.1	6748647	100000
hprc4_L100000_9971	HG00438.2	HG00438#2#JAHBCA010000076.1	5831119	100000
hprc4_L100000_9972	HG00438.1	HG00438#1#JAHBCB010000025.1	25253699	100000
hprc4_L100000_9973	HG00621.2	HG00621#2#JAHBCC010000055.1	26207077	100000
hprc4_L100000_9974	HG00621.2	HG00621#2#JAHBCC010000006.1	133194956	100000
hprc4_L100000_9975	HG00438.2	HG00438#2#JAHBCA010000020.1	19641420	100000
hprc4_L100000_9976	HG00438.1	HG00438#1#JAHBCB010000010.1	22690768	100000
hprc4_L100000_9977	HG00621.2	HG00621#2#JAHBCC010000070.1	18686201	100000
hprc4_L100000_9978	HG00438.2	HG00438#2#JAHBCA010000001.1	40979748	100000
hprc4_L100000_9979	HG00438.1	HG00438#1#JAHBCB010000001.1	36562026	100000
hprc4_L100000_9980	HG00438.1	HG00438#1#JAHBCB010000035.1	101934	100000
hprc4_L100000_9981	HG00438.1	HG00438#1#JAHBCB010000067.1	560477	100000
hprc4_L100000_9982	HG00621.2	HG00621#2#JAHBCC010000026.1	27431951	100000
hprc4_L100000_9983	HG00621.2	HG00621#2#JAHBCC010000037.1	19885428	100000
hprc4_L100000_9984	HG00438.1	HG00438#1#JAHBCB010000005.1	25794197	100000
hprc4_L100000_9985	HG00438.1	HG00438#1#JAHBCB010000018.1	121876060	100000
hprc4_L100000_9986	HG00438.2	HG00438#2#JAHBCA010000019.1	31342715	100000
hprc4_L100000_9987	HG00621.2	HG00621#2#JAHBCC010000033.1	92393409	100000
hprc4_L100000_9988	HG00621.2	HG00621#2#JAHBCC010000014.1	17689029	100000
hprc4_L100000_9989	HG00438.2	HG00438#2#JAHBCA010000002.1	17333667	100000
hprc4_L100000_9990	HG00621.2	HG00621#2#JAHBCC010000014.1	82597057	100000
hprc4_L100000_9991	HG00621.2	HG00621#2#JAHBCC010000037.1	13789172	100000
hprc4_L100000_9992	HG00438.1	HG00438#1#JAHBCB010000024.1	56399680	100000
hprc4_L100000_9993	HG00621.1	HG00621#1#JAHBCD010000041.1	72868021	100000
hprc4_L100000_9994	HG00438.2	HG00438#2#JAHBCA010000088.1	7315831	100000
hprc4_L100000_9995	HG00438.2	HG00438#2#JAHBCA010000042.1	4408392	100000
hprc4_L100000_9996	HG00621.1	HG00621#1#JAHBCD010000006.1	26097346	100000
hprc4_L100000_9997	HG00621.1	HG00621#1#JAHBCD010000014.1	57986282	100000
hprc4_L100000_9998	HG00438.1	HG00438#1#JAHBCB010000014.1	25144067	100000
hprc4_L100000_9999	HG00438.1	HG00438#1#JAHBCB010000044.1	2598755	100000
